   0.000 0.0   -0.000 0.0 
   0.027 0.0   -0.000 0.0 
   0.057 0.0   -0.000 0.0 
   0.087 0.0   -0.000 0.0 
   0.194 0.0   -0.000 0.0 
   0.222 0.0   -0.000 0.0 
   0.242 0.0   -0.000 0.0 
   0.270 0.0   -0.000 0.0 
   0.302 0.0   -0.000 0.0 
   0.330 0.0   -0.000 0.0 
   0.363 0.0   -0.000 0.0 
   0.390 0.0   -0.000 0.0 
   0.420 0.0   -0.001 0.0 
   0.451 0.0   -0.001 0.0 
   0.483 0.0   -0.001 0.0 
   0.511 0.0   -0.001 0.0 
   0.543 0.0   -0.001 0.0 
   0.571 0.0   -0.002 0.0 
   0.603 0.0   -0.002 0.0 
   0.634 0.0   -0.002 0.0 
   0.662 0.0   -0.002 0.0 
   0.691 0.0   -0.003 0.0 
   0.721 0.0   -0.003 0.0 
   0.751 0.0   -0.003 0.0 
   0.784 0.0   -0.003 0.0 
   0.813 0.0   -0.004 0.0 
   0.842 0.0   -0.004 0.0 
   0.872 0.0   -0.004 0.0 
   0.901 0.0   -0.004 0.0 
   0.934 0.0   -0.005 0.0 
   0.964 0.0   -0.005 0.0 
   0.991 0.0   -0.005 0.0 
   1.021 0.0   -0.006 0.0 
   1.052 0.0   -0.006 0.0 
   1.086 0.0   -0.006 0.0 
   1.113 0.0   -0.007 0.0 
   1.143 0.0   -0.007 0.0 
   1.172 0.0   -0.007 0.0 
   1.201 0.0   -0.007 0.0 
   1.232 0.0   -0.007 0.0 
   1.264 0.0   -0.007 0.0 
   1.293 0.0   -0.007 0.0 
   1.324 0.0   -0.007 0.0 
   1.352 0.0   -0.008 0.0 
   1.384 0.0   -0.008 0.0 
   1.412 0.0   -0.008 0.0 
   1.442 0.0   -0.008 0.0 
   1.473 0.0   -0.008 0.0 
   1.505 0.0   -0.008 0.0 
   1.535 0.0   -0.008 0.0 
   1.568 0.0   -0.008 0.0 
   1.596 0.0   -0.008 0.0 
   1.629 0.0   -0.008 0.0 
   1.659 0.0   -0.008 0.0 
   1.689 0.0   -0.008 0.0 
   1.716 0.0   -0.008 0.0 
   1.746 0.0   -0.008 0.0 
   1.776 0.0   -0.008 0.0 
   1.806 0.0   -0.008 0.0 
   1.838 0.0   -0.008 0.0 
   1.866 0.0   -0.008 0.0 
   1.896 0.0   -0.008 0.0 
   1.925 0.0   -0.008 0.0 
   1.954 0.0   -0.008 0.0 
   1.983 0.0   -0.008 0.0 
   2.016 0.0   -0.008 0.0 
   2.047 0.0   -0.008 0.0 
   2.074 0.0   -0.008 0.0 
   2.104 0.0   -0.008 0.0 
   2.134 0.0   -0.008 0.0 
   2.165 0.0   -0.008 0.0 
   2.197 0.0   -0.008 0.0 
   2.302 0.0   -0.007 0.0 
   2.332 0.0   -0.007 0.0 
   2.352 0.0   -0.007 0.0 
   2.381 0.0   -0.007 0.0 
   2.409 0.0   -0.007 0.0 
   2.439 0.0   -0.006 0.0 
   2.470 0.0   -0.006 0.0 
   2.501 0.0   -0.006 0.0 
   2.531 0.0   -0.006 0.0 
   2.559 0.0   -0.005 0.0 
   2.589 0.0   -0.005 0.0 
   2.620 0.0   -0.004 0.0 
   2.650 0.0   -0.003 0.0 
   2.678 0.0   -0.002 0.0 
   2.709 0.0   -0.002 0.0 
   2.813 0.0   -0.001 0.0 
   2.846 0.0   -0.000 0.0 
   2.865 0.0    0.001 0.0 
   2.892 0.0    0.001 0.0 
   2.923 0.0    0.002 0.0 
   2.956 0.0    0.003 0.0 
   2.983 0.0    0.003 0.0 
   3.013 0.0    0.003 0.0 
   3.046 0.0    0.003 0.0 
   3.071 0.0    0.004 0.0 
   3.101 0.0    0.004 0.0 
   3.132 0.0    0.004 0.0 
   3.164 0.0    0.004 0.0 
   3.194 0.0    0.005 0.0 
   3.221 0.0    0.005 0.0 
   3.251 0.0    0.005 0.0 
   3.283 0.0    0.005 0.0 
   3.312 0.0    0.005 0.0 
   3.343 0.0    0.006 0.0 
   3.372 0.0    0.006 0.0 
   3.403 0.0    0.006 0.0 
   3.434 0.0    0.006 0.0 
   3.467 0.0    0.006 0.0 
   3.492 0.0    0.007 0.0 
   3.523 0.0    0.007 0.0 
   3.554 0.0    0.007 0.0 
   3.585 0.0    0.007 0.0 
   3.614 0.0    0.007 0.0 
   3.644 0.0    0.007 0.0 
   3.674 0.0    0.007 0.0 
   3.704 0.0    0.007 0.0 
   3.735 0.0    0.007 0.0 
   3.765 0.0    0.007 0.0 
   3.795 0.0    0.007 0.0 
   3.826 0.0    0.007 0.0 
   3.854 0.0    0.007 0.0 
   3.884 0.0    0.007 0.0 
   3.915 0.0    0.007 0.0 
   3.945 0.0    0.007 0.0 
   3.975 0.0    0.007 0.0 
   4.005 0.0    0.007 0.0 
   4.034 0.0    0.007 0.0 
   4.065 0.0    0.007 0.0 
   4.095 0.0    0.007 0.0 
   4.126 0.0    0.007 0.0 
   4.156 0.0    0.007 0.0 
   4.187 0.0    0.007 0.0 
   4.218 0.0    0.007 0.0 
   4.248 0.0    0.006 0.0 
   4.277 0.0    0.006 0.0 
   4.308 0.0    0.006 0.0 
   4.337 0.0    0.005 0.0 
   4.368 0.0    0.005 0.0 
   4.398 0.0    0.005 0.0 
   4.428 0.0    0.004 0.0 
   4.458 0.0    0.004 0.0 
   4.486 0.0    0.003 0.0 
   4.516 0.0    0.003 0.0 
   4.546 0.0    0.003 0.0 
   4.576 0.0    0.002 0.0 
   4.607 0.0    0.002 0.0 
   4.639 0.0    0.001 0.0 
   4.669 0.0    0.001 0.0 
   4.700 0.0    0.000 0.0 
   4.729 0.0   -0.000 0.0 
   4.759 0.0   -0.001 0.0 
   4.789 0.0   -0.002 0.0 
   4.819 0.0   -0.002 0.0 
   4.849 0.0   -0.003 0.0 
   4.880 0.0   -0.003 0.0 
   4.910 0.0   -0.004 0.0 
   4.937 0.0   -0.004 0.0 
   4.969 0.0   -0.005 0.0 
   4.998 0.0   -0.005 0.0 
   5.028 0.0   -0.005 0.0 
   5.059 0.0   -0.005 0.0 
   5.088 0.0   -0.006 0.0 
   5.118 0.0   -0.006 0.0 
   5.150 0.0   -0.006 0.0 
   5.182 0.0   -0.006 0.0 
   5.209 0.0   -0.006 0.0 
   5.239 0.0   -0.006 0.0 
   5.270 0.0   -0.006 0.0 
   5.299 0.0   -0.006 0.0 
   5.400 0.0   -0.006 0.0 
   5.438 0.0   -0.007 0.0 
   5.458 0.0   -0.007 0.0 
   5.484 0.0   -0.007 0.0 
   5.514 0.0   -0.007 0.0 
   5.545 0.0   -0.007 0.0 
   5.575 0.0   -0.007 0.0 
   5.604 0.0   -0.007 0.0 
   5.635 0.0   -0.007 0.0 
   5.664 0.0   -0.007 0.0 
   5.696 0.0   -0.007 0.0 
   5.728 0.0   -0.007 0.0 
   5.758 0.0   -0.007 0.0 
   5.787 0.0   -0.007 0.0 
   5.820 0.0   -0.007 0.0 
   5.850 0.0   -0.007 0.0 
   5.877 0.0   -0.007 0.0 
   5.910 0.0   -0.006 0.0 
   5.935 0.0   -0.006 0.0 
   5.968 0.0   -0.006 0.0 
   5.995 0.0   -0.005 0.0 
   6.027 0.0   -0.005 0.0 
   6.058 0.0   -0.005 0.0 
   6.086 0.0   -0.004 0.0 
   6.116 0.0   -0.004 0.0 
   6.148 0.0   -0.004 0.0 
   6.175 0.0   -0.004 0.0 
   6.205 0.0   -0.004 0.0 
   6.236 0.0   -0.003 0.0 
   6.270 0.0   -0.003 0.0 
   6.298 0.0   -0.003 0.0 
   6.331 0.0   -0.002 0.0 
   6.362 0.0   -0.002 0.0 
   6.389 0.0   -0.001 0.0 
   6.421 0.0   -0.001 0.0 
   6.452 0.0   -0.000 0.0 
   6.479 0.0    0.001 0.0 
   6.509 0.0    0.001 0.0 
   6.536 0.0    0.002 0.0 
   6.569 0.0    0.002 0.0 
   6.596 0.0    0.003 0.0 
   6.702 0.0    0.003 0.0 
   6.730 0.0    0.003 0.0 
   6.752 0.0    0.003 0.0 
   6.781 0.0    0.003 0.0 
   6.807 0.0    0.004 0.0 
   6.838 0.0    0.004 0.0 
   6.870 0.0    0.004 0.0 
   6.897 0.0    0.004 0.0 
   6.930 0.0    0.004 0.0 
   6.958 0.0    0.005 0.0 
   6.988 0.0    0.005 0.0 
   7.018 0.0    0.005 0.0 
   7.049 0.0    0.006 0.0 
   7.082 0.0    0.006 0.0 
   7.109 0.0    0.006 0.0 
   7.139 0.0    0.006 0.0 
   7.172 0.0    0.007 0.0 
   7.204 0.0    0.007 0.0 
   7.234 0.0    0.007 0.0 
   7.264 0.0    0.007 0.0 
   7.291 0.0    0.007 0.0 
   7.321 0.0    0.007 0.0 
   7.351 0.0    0.007 0.0 
   7.379 0.0    0.007 0.0 
   7.410 0.0    0.007 0.0 
   7.439 0.0    0.007 0.0 
   7.471 0.0    0.007 0.0 
   7.500 0.0    0.007 0.0 
   7.529 0.0    0.007 0.0 
   7.560 0.0    0.007 0.0 
   7.595 0.0    0.007 0.0 
   7.622 0.0    0.007 0.0 
   7.652 0.0    0.007 0.0 
   7.682 0.0    0.007 0.0 
   7.712 0.0    0.007 0.0 
   7.742 0.0    0.007 0.0 
   7.773 0.0    0.007 0.0 
   7.806 0.0    0.007 0.0 
   7.833 0.0    0.007 0.0 
   7.863 0.0    0.007 0.0 
   7.894 0.0    0.007 0.0 
   7.921 0.0    0.006 0.0 
   7.951 0.0    0.006 0.0 
   7.981 0.0    0.006 0.0 
   8.012 0.0    0.005 0.0 
   8.040 0.0    0.005 0.0 
   8.071 0.0    0.005 0.0 
   8.102 0.0    0.004 0.0 
   8.134 0.0    0.004 0.0 
   8.164 0.0    0.003 0.0 
   8.191 0.0    0.003 0.0 
   8.221 0.0    0.003 0.0 
   8.254 0.0    0.002 0.0 
   8.284 0.0    0.002 0.0 
   8.313 0.0    0.001 0.0 
   8.342 0.0    0.001 0.0 
   8.375 0.0    0.000 0.0 
   8.402 0.0   -0.000 0.0 
   8.433 0.0   -0.001 0.0 
   8.463 0.0   -0.001 0.0 
   8.493 0.0   -0.002 0.0 
   8.522 0.0   -0.002 0.0 
   8.554 0.0   -0.003 0.0 
   8.584 0.0   -0.003 0.0 
   8.613 0.0   -0.003 0.0 
   8.648 0.0   -0.004 0.0 
   8.675 0.0   -0.004 0.0 
   8.709 0.0   -0.004 0.0 
   8.739 0.0   -0.005 0.0 
   8.767 0.0   -0.005 0.0 
   8.799 0.0   -0.005 0.0 
   8.829 0.0   -0.006 0.0 
   8.859 0.0   -0.006 0.0 
   8.889 0.0   -0.007 0.0 
   8.916 0.0   -0.007 0.0 
   8.949 0.0   -0.007 0.0 
   8.979 0.0   -0.008 0.0 
   9.006 0.0   -0.008 0.0 
   9.036 0.0   -0.008 0.0 
   9.066 0.0   -0.008 0.0 
   9.098 0.0   -0.008 0.0 
   9.127 0.0   -0.009 0.0 
   9.158 0.0   -0.009 0.0 
   9.188 0.0   -0.009 0.0 
   9.216 0.0   -0.009 0.0 
   9.246 0.0   -0.009 0.0 
   9.276 0.0   -0.009 0.0 
   9.306 0.0   -0.009 0.0 
   9.336 0.0   -0.009 0.0 
   9.367 0.0   -0.009 0.0 
   9.398 0.0   -0.009 0.0 
   9.428 0.0   -0.009 0.0 
   9.458 0.0   -0.009 0.0 
   9.489 0.0   -0.009 0.0 
   9.517 0.0   -0.009 0.0 
   9.546 0.0   -0.008 0.0 
   9.576 0.0   -0.008 0.0 
   9.607 0.0   -0.008 0.0 
   9.637 0.0   -0.008 0.0 
   9.744 0.0   -0.007 0.0 
   9.781 0.0   -0.007 0.0 
   9.802 0.0   -0.007 0.0 
   9.828 0.0   -0.006 0.0 
   9.857 0.0   -0.006 0.0 
   9.889 0.0   -0.005 0.0 
   9.919 0.0   -0.005 0.0 
   9.949 0.0   -0.004 0.0 
   9.978 0.0   -0.004 0.0 
  10.007 0.0   -0.003 0.0 
  10.037 0.0   -0.003 0.0 
  10.073 0.0   -0.002 0.0 
  10.103 0.0   -0.002 0.0 
  10.133 0.0   -0.001 0.0 
  10.161 0.0   -0.001 0.0 
  10.191 0.0   -0.001 0.0 
  10.221 0.0   -0.000 0.0 
  10.251 0.0    0.001 0.0 
  10.281 0.0    0.001 0.0 
  10.311 0.0    0.002 0.0 
  10.338 0.0    0.002 0.0 
  10.369 0.0    0.003 0.0 
  10.469 0.0    0.003 0.0 
  10.505 0.0    0.004 0.0 
  10.526 0.0    0.004 0.0 
  10.551 0.0    0.005 0.0 
  10.580 0.0    0.005 0.0 
  10.612 0.0    0.005 0.0 
  10.640 0.0    0.006 0.0 
  10.671 0.0    0.006 0.0 
  10.702 0.0    0.007 0.0 
  10.733 0.0    0.007 0.0 
  10.766 0.0    0.007 0.0 
  10.794 0.0    0.008 0.0 
  10.827 0.0    0.008 0.0 
  10.855 0.0    0.009 0.0 
  10.886 0.0    0.009 0.0 
  10.916 0.0    0.009 0.0 
  10.945 0.0    0.010 0.0 
  10.975 0.0    0.010 0.0 
  11.010 0.0    0.010 0.0 
  11.035 0.0    0.010 0.0 
  11.066 0.0    0.010 0.0 
  11.096 0.0    0.010 0.0 
  11.126 0.0    0.010 0.0 
  11.159 0.0    0.010 0.0 
  11.184 0.0    0.010 0.0 
  11.212 0.0    0.010 0.0 
  11.244 0.0    0.010 0.0 
  11.273 0.0    0.010 0.0 
  11.306 0.0    0.010 0.0 
  11.334 0.0    0.009 0.0 
  11.364 0.0    0.009 0.0 
  11.395 0.0    0.009 0.0 
  11.424 0.0    0.008 0.0 
  11.453 0.0    0.008 0.0 
  11.555 0.0    0.008 0.0 
  11.589 0.0    0.007 0.0 
  11.608 0.0    0.007 0.0 
  11.635 0.0    0.007 0.0 
  11.665 0.0    0.007 0.0 
  11.695 0.0    0.007 0.0 
  11.725 0.0    0.007 0.0 
  11.756 0.0    0.006 0.0 
  11.787 0.0    0.006 0.0 
  11.884 0.0    0.006 0.0 
  11.914 0.0    0.006 0.0 
  11.933 0.0    0.005 0.0 
  11.961 0.0    0.005 0.0 
  11.991 0.0    0.005 0.0 
  12.022 0.0    0.004 0.0 
  12.051 0.0    0.004 0.0 
  12.081 0.0    0.003 0.0 
  12.109 0.0    0.003 0.0 
  12.143 0.0    0.003 0.0 
  12.171 0.0    0.002 0.0 
  12.201 0.0    0.002 0.0 
  12.231 0.0    0.001 0.0 
  12.262 0.0    0.000 0.0 
  12.293 0.0   -0.000 0.0 
  12.324 0.0   -0.001 0.0 
  12.353 0.0   -0.002 0.0 
  12.383 0.0   -0.002 0.0 
  12.413 0.0   -0.003 0.0 
  12.444 0.0   -0.003 0.0 
  12.473 0.0   -0.004 0.0 
  12.504 0.0   -0.004 0.0 
  12.533 0.0   -0.004 0.0 
  12.563 0.0   -0.005 0.0 
  12.593 0.0   -0.005 0.0 
  12.623 0.0   -0.005 0.0 
  12.655 0.0   -0.006 0.0 
  12.688 0.0   -0.006 0.0 
  12.714 0.0   -0.006 0.0 
  12.744 0.0   -0.007 0.0 
  12.775 0.0   -0.007 0.0 
  12.805 0.0   -0.008 0.0 
  12.832 0.0   -0.008 0.0 
  12.862 0.0   -0.009 0.0 
  12.895 0.0   -0.009 0.0 
  12.928 0.0   -0.009 0.0 
  12.954 0.0   -0.010 0.0 
  12.983 0.0   -0.010 0.0 
  13.014 0.0   -0.010 0.0 
  13.044 0.0   -0.011 0.0 
  13.075 0.0   -0.011 0.0 
  13.105 0.0   -0.011 0.0 
  13.135 0.0   -0.011 0.0 
  13.164 0.0   -0.010 0.0 
  13.193 0.0   -0.010 0.0 
  13.228 0.0   -0.010 0.0 
  13.258 0.0   -0.009 0.0 
  13.286 0.0   -0.009 0.0 
  13.315 0.0   -0.009 0.0 
  13.344 0.0   -0.008 0.0 
  13.374 0.0   -0.008 0.0 
  13.404 0.0   -0.008 0.0 
  13.435 0.0   -0.007 0.0 
  13.468 0.0   -0.007 0.0 
  13.497 0.0   -0.007 0.0 
  13.526 0.0   -0.007 0.0 
  13.557 0.0   -0.007 0.0 
  13.587 0.0   -0.006 0.0 
  13.617 0.0   -0.006 0.0 
  13.648 0.0   -0.006 0.0 
  13.678 0.0   -0.006 0.0 
  13.708 0.0   -0.005 0.0 
  13.735 0.0   -0.005 0.0 
  13.837 0.0   -0.005 0.0 
  13.868 0.0   -0.004 0.0 
  13.887 0.0   -0.004 0.0 
  13.913 0.0   -0.003 0.0 
  13.943 0.0   -0.003 0.0 
  13.973 0.0   -0.002 0.0 
  14.002 0.0   -0.002 0.0 
  14.033 0.0   -0.001 0.0 
  14.065 0.0   -0.001 0.0 
  14.095 0.0   -0.000 0.0 
  14.126 0.0   -0.000 0.0 
  14.156 0.0    0.001 0.0 
  14.190 0.0    0.001 0.0 
  14.219 0.0    0.001 0.0 
  14.248 0.0    0.002 0.0 
  14.277 0.0    0.003 0.0 
  14.307 0.0    0.004 0.0 
  14.337 0.0    0.004 0.0 
  14.367 0.0    0.005 0.0 
  14.397 0.0    0.006 0.0 
  14.427 0.0    0.006 0.0 
  14.457 0.0    0.007 0.0 
  14.487 0.0    0.007 0.0 
  14.517 0.0    0.008 0.0 
  14.547 0.0    0.008 0.0 
  14.578 0.0    0.008 0.0 
  14.609 0.0    0.008 0.0 
  14.637 0.0    0.009 0.0 
  14.665 0.0    0.009 0.0 
  14.698 0.0    0.009 0.0 
  14.727 0.0    0.009 0.0 
  14.758 0.0    0.009 0.0 
  14.788 0.0    0.010 0.0 
  14.816 0.0    0.010 0.0 
  14.846 0.0    0.010 0.0 
  14.876 0.0    0.010 0.0 
  14.907 0.0    0.010 0.0 
  14.940 0.0    0.010 0.0 
  14.967 0.0    0.010 0.0 
  14.997 0.0    0.010 0.0 
  15.027 0.0    0.010 0.0 
  15.057 0.0    0.010 0.0 
  15.087 0.0    0.010 0.0 
  15.116 0.0    0.010 0.0 
  15.149 0.0    0.010 0.0 
  15.176 0.0    0.010 0.0 
  15.210 0.0    0.010 0.0 
  15.240 0.0    0.010 0.0 
  15.346 0.0    0.009 0.0 
  15.374 0.0    0.009 0.0 
  15.394 0.0    0.009 0.0 
  15.421 0.0    0.009 0.0 
  15.451 0.0    0.009 0.0 
  15.481 0.0    0.008 0.0 
  15.511 0.0    0.008 0.0 
  15.542 0.0    0.008 0.0 
  15.572 0.0    0.007 0.0 
  15.602 0.0    0.007 0.0 
  15.632 0.0    0.007 0.0 
  15.663 0.0    0.006 0.0 
  15.692 0.0    0.006 0.0 
  15.723 0.0    0.005 0.0 
  15.757 0.0    0.005 0.0 
  15.788 0.0    0.005 0.0 
  15.815 0.0    0.004 0.0 
  15.842 0.0    0.004 0.0 
  15.872 0.0    0.003 0.0 
  15.902 0.0    0.003 0.0 
  15.932 0.0    0.002 0.0 
  15.963 0.0    0.002 0.0 
  15.993 0.0    0.001 0.0 
  16.025 0.0    0.001 0.0 
  16.055 0.0    0.000 0.0 
  16.085 0.0   -0.000 0.0 
  16.115 0.0   -0.001 0.0 
  16.145 0.0   -0.001 0.0 
  16.174 0.0   -0.002 0.0 
  16.203 0.0   -0.002 0.0 
  16.233 0.0   -0.003 0.0 
  16.263 0.0   -0.003 0.0 
  16.294 0.0   -0.003 0.0 
  16.325 0.0   -0.004 0.0 
  16.359 0.0   -0.004 0.0 
  16.386 0.0   -0.004 0.0 
  16.416 0.0   -0.005 0.0 
  16.450 0.0   -0.005 0.0 
  16.477 0.0   -0.005 0.0 
  16.504 0.0   -0.006 0.0 
  16.535 0.0   -0.007 0.0 
  16.564 0.0   -0.007 0.0 
  16.594 0.0   -0.008 0.0 
  16.625 0.0   -0.008 0.0 
  16.657 0.0   -0.009 0.0 
  16.687 0.0   -0.009 0.0 
  16.717 0.0   -0.009 0.0 
  16.748 0.0   -0.010 0.0 
  16.778 0.0   -0.010 0.0 
  16.811 0.0   -0.010 0.0 
  16.837 0.0   -0.011 0.0 
  16.868 0.0   -0.011 0.0 
  16.895 0.0   -0.011 0.0 
  16.928 0.0   -0.011 0.0 
  16.959 0.0   -0.011 0.0 
  17.065 0.0   -0.011 0.0 
  17.093 0.0   -0.011 0.0 
  17.113 0.0   -0.011 0.0 
  17.143 0.0   -0.011 0.0 
  17.173 0.0   -0.011 0.0 
  17.201 0.0   -0.010 0.0 
  17.233 0.0   -0.010 0.0 
  17.262 0.0   -0.010 0.0 
  17.291 0.0   -0.010 0.0 
  17.321 0.0   -0.010 0.0 
  17.351 0.0   -0.010 0.0 
  17.381 0.0   -0.009 0.0 
  17.413 0.0   -0.009 0.0 
  17.444 0.0   -0.009 0.0 
  17.477 0.0   -0.009 0.0 
  17.508 0.0   -0.009 0.0 
  17.538 0.0   -0.008 0.0 
  17.565 0.0   -0.008 0.0 
  17.595 0.0   -0.008 0.0 
  17.625 0.0   -0.007 0.0 
  17.658 0.0   -0.007 0.0 
  17.684 0.0   -0.007 0.0 
  17.712 0.0   -0.006 0.0 
  17.743 0.0   -0.006 0.0 
  17.773 0.0   -0.005 0.0 
  17.876 0.0   -0.005 0.0 
  17.909 0.0   -0.005 0.0 
  17.931 0.0   -0.004 0.0 
  17.954 0.0   -0.004 0.0 
  17.988 0.0   -0.003 0.0 
  18.018 0.0   -0.002 0.0 
  18.045 0.0   -0.002 0.0 
  18.078 0.0   -0.001 0.0 
  18.107 0.0   -0.000 0.0 
  18.139 0.0    0.001 0.0 
  18.168 0.0    0.001 0.0 
  18.199 0.0    0.002 0.0 
  18.227 0.0    0.003 0.0 
  18.257 0.0    0.003 0.0 
  18.287 0.0    0.004 0.0 
  18.317 0.0    0.004 0.0 
  18.422 0.0    0.005 0.0 
  18.460 0.0    0.005 0.0 
  18.478 0.0    0.005 0.0 
  18.543 0.0    0.006 0.0 
  18.566 0.0    0.006 0.0 
  18.592 0.0    0.007 0.0 
  18.619 0.0    0.007 0.0 
  18.649 0.0    0.007 0.0 
  18.679 0.0    0.008 0.0 
  18.709 0.0    0.008 0.0 
  18.740 0.0    0.008 0.0 
  18.770 0.0    0.009 0.0 
  18.800 0.0    0.009 0.0 
  18.832 0.0    0.009 0.0 
  18.861 0.0    0.010 0.0 
  18.893 0.0    0.010 0.0 
  18.921 0.0    0.010 0.0 
  18.952 0.0    0.010 0.0 
  18.982 0.0    0.010 0.0 
  19.013 0.0    0.010 0.0 
  19.109 0.0    0.011 0.0 
  19.137 0.0    0.011 0.0 
  19.158 0.0    0.011 0.0 
  19.184 0.0    0.011 0.0 
  19.216 0.0    0.011 0.0 
  19.248 0.0    0.011 0.0 
  19.275 0.0    0.011 0.0 
  19.305 0.0    0.011 0.0 
  19.338 0.0    0.011 0.0 
  19.366 0.0    0.010 0.0 
  19.395 0.0    0.010 0.0 
  19.425 0.0    0.010 0.0 
  19.456 0.0    0.010 0.0 
  19.489 0.0    0.009 0.0 
  19.519 0.0    0.009 0.0 
  19.549 0.0    0.008 0.0 
  19.578 0.0    0.007 0.0 
  19.608 0.0    0.007 0.0 
  19.639 0.0    0.006 0.0 
  19.669 0.0    0.006 0.0 
  19.699 0.0    0.005 0.0 
  19.729 0.0    0.005 0.0 
  19.759 0.0    0.004 0.0 
  19.789 0.0    0.004 0.0 
  19.819 0.0    0.004 0.0 
  19.849 0.0    0.003 0.0 
  19.882 0.0    0.003 0.0 
  19.907 0.0    0.003 0.0 
  19.937 0.0    0.002 0.0 
  19.967 0.0    0.001 0.0 
  19.999 0.0    0.000 0.0 
  20.028 0.0   -0.000 0.0 
  20.059 0.0   -0.001 0.0 
  20.091 0.0   -0.002 0.0 
  20.120 0.0   -0.002 0.0 
  20.214 0.0   -0.003 0.0 
  20.244 0.0   -0.004 0.0 
  20.264 0.0   -0.004 0.0 
  20.289 0.0   -0.004 0.0 
  20.319 0.0   -0.005 0.0 
  20.349 0.0   -0.005 0.0 
  20.380 0.0   -0.005 0.0 
  20.410 0.0   -0.006 0.0 
  20.443 0.0   -0.006 0.0 
  20.471 0.0   -0.006 0.0 
  20.499 0.0   -0.007 0.0 
  20.533 0.0   -0.007 0.0 
  20.561 0.0   -0.007 0.0 
  20.591 0.0   -0.007 0.0 
  20.620 0.0   -0.008 0.0 
  20.651 0.0   -0.008 0.0 
  20.683 0.0   -0.008 0.0 
  20.713 0.0   -0.008 0.0 
  20.743 0.0   -0.009 0.0 
  20.773 0.0   -0.009 0.0 
  20.803 0.0   -0.010 0.0 
  20.833 0.0   -0.010 0.0 
  20.866 0.0   -0.010 0.0 
  20.896 0.0   -0.010 0.0 
  20.928 0.0   -0.011 0.0 
  20.956 0.0   -0.011 0.0 
  20.985 0.0   -0.011 0.0 
  21.016 0.0   -0.010 0.0 
  21.047 0.0   -0.010 0.0 
  21.076 0.0   -0.010 0.0 
  21.107 0.0   -0.010 0.0 
  21.138 0.0   -0.010 0.0 
  21.168 0.0   -0.009 0.0 
  21.198 0.0   -0.008 0.0 
  21.228 0.0   -0.008 0.0 
  21.258 0.0   -0.007 0.0 
  21.292 0.0   -0.006 0.0 
  21.321 0.0   -0.006 0.0 
  21.350 0.0   -0.005 0.0 
  21.380 0.0   -0.004 0.0 
  21.412 0.0   -0.004 0.0 
  21.442 0.0   -0.003 0.0 
  21.471 0.0   -0.003 0.0 
  21.502 0.0   -0.002 0.0 
  21.532 0.0   -0.002 0.0 
  21.562 0.0   -0.001 0.0 
  21.594 0.0   -0.001 0.0 
  21.626 0.0    0.000 0.0 
  21.655 0.0    0.001 0.0 
  21.685 0.0    0.002 0.0 
  21.715 0.0    0.003 0.0 
  21.744 0.0    0.005 0.0 
  21.775 0.0    0.006 0.0 
  21.805 0.0    0.007 0.0 
  21.835 0.0    0.008 0.0 
  21.865 0.0    0.010 0.0 
  21.895 0.0    0.011 0.0 
  21.928 0.0    0.011 0.0 
  21.956 0.0    0.012 0.0 
  21.986 0.0    0.013 0.0 
  22.018 0.0    0.013 0.0 
  22.047 0.0    0.014 0.0 
  22.077 0.0    0.014 0.0 
  22.107 0.0    0.014 0.0 
  22.138 0.0    0.014 0.0 
  22.168 0.0    0.014 0.0 
  22.199 0.0    0.014 0.0 
  22.228 0.0    0.015 0.0 
  22.259 0.0    0.015 0.0 
  22.290 0.0    0.015 0.0 
  22.320 0.0    0.015 0.0 
  22.349 0.0    0.016 0.0 
  22.380 0.0    0.016 0.0 
  22.412 0.0    0.016 0.0 
  22.441 0.0    0.016 0.0 
  22.471 0.0    0.017 0.0 
  22.502 0.0    0.017 0.0 
  22.533 0.0    0.017 0.0 
  22.562 0.0    0.017 0.0 
  22.592 0.0    0.017 0.0 
  22.622 0.0    0.017 0.0 
  22.652 0.0    0.017 0.0 
  22.683 0.0    0.017 0.0 
  22.713 0.0    0.017 0.0 
  22.743 0.0    0.017 0.0 
  22.774 0.0    0.017 0.0 
  22.804 0.0    0.016 0.0 
  22.835 0.0    0.016 0.0 
  22.865 0.0    0.015 0.0 
  22.895 0.0    0.014 0.0 
  22.925 0.0    0.014 0.0 
  22.955 0.0    0.013 0.0 
  22.986 0.0    0.012 0.0 
  23.015 0.0    0.011 0.0 
  23.046 0.0    0.011 0.0 
  23.077 0.0    0.010 0.0 
  23.106 0.0    0.010 0.0 
  23.137 0.0    0.009 0.0 
  23.167 0.0    0.009 0.0 
  23.197 0.0    0.008 0.0 
  23.227 0.0    0.008 0.0 
  23.258 0.0    0.007 0.0 
  23.288 0.0    0.007 0.0 
  23.319 0.0    0.006 0.0 
  23.350 0.0    0.006 0.0 
  23.379 0.0    0.005 0.0 
  23.409 0.0    0.005 0.0 
  23.440 0.0    0.004 0.0 
  23.469 0.0    0.004 0.0 
  23.500 0.0    0.003 0.0 
  23.530 0.0    0.002 0.0 
  23.562 0.0    0.002 0.0 
  23.591 0.0    0.002 0.0 
  23.621 0.0    0.001 0.0 
  23.652 0.0    0.001 0.0 
  23.687 0.0   -0.000 0.0 
  23.712 0.0   -0.001 0.0 
  23.743 0.0   -0.001 0.0 
  23.773 0.0   -0.002 0.0 
  23.803 0.0   -0.003 0.0 
  23.833 0.0   -0.003 0.0 
  23.864 0.0   -0.004 0.0 
  23.893 0.0   -0.005 0.0 
  23.924 0.0   -0.006 0.0 
  23.954 0.0   -0.007 0.0 
  23.990 0.0   -0.008 0.0 
  24.015 0.0   -0.009 0.0 
  24.045 0.0   -0.009 0.0 
  24.075 0.0   -0.010 0.0 
  24.105 0.0   -0.011 0.0 
  24.135 0.0   -0.012 0.0 
  24.167 0.0   -0.012 0.0 
  24.197 0.0   -0.013 0.0 
  24.227 0.0   -0.013 0.0 
  24.257 0.0   -0.014 0.0 
  24.287 0.0   -0.014 0.0 
  24.318 0.0   -0.014 0.0 
  24.348 0.0   -0.014 0.0 
  24.379 0.0   -0.014 0.0 
  24.408 0.0   -0.015 0.0 
  24.439 0.0   -0.015 0.0 
  24.469 0.0   -0.015 0.0 
  24.500 0.0   -0.015 0.0 
  24.529 0.0   -0.015 0.0 
  24.560 0.0   -0.015 0.0 
  24.590 0.0   -0.015 0.0 
  24.620 0.0   -0.015 0.0 
  24.650 0.0   -0.015 0.0 
  24.681 0.0   -0.015 0.0 
  24.710 0.0   -0.015 0.0 
  24.741 0.0   -0.015 0.0 
  24.773 0.0   -0.015 0.0 
  24.806 0.0   -0.014 0.0 
  24.837 0.0   -0.014 0.0 
  24.867 0.0   -0.014 0.0 
  24.897 0.0   -0.013 0.0 
  24.927 0.0   -0.013 0.0 
  24.954 0.0   -0.012 0.0 
  24.983 0.0   -0.012 0.0 
  25.013 0.0   -0.012 0.0 
  25.045 0.0   -0.011 0.0 
  25.075 0.0   -0.011 0.0 
  25.104 0.0   -0.010 0.0 
  25.135 0.0   -0.010 0.0 
  25.165 0.0   -0.009 0.0 
  25.195 0.0   -0.009 0.0 
  25.225 0.0   -0.008 0.0 
  25.256 0.0   -0.007 0.0 
  25.286 0.0   -0.007 0.0 
  25.318 0.0   -0.006 0.0 
  25.347 0.0   -0.005 0.0 
  25.377 0.0   -0.004 0.0 
  25.407 0.0   -0.003 0.0 
  25.437 0.0   -0.003 0.0 
  25.468 0.0   -0.002 0.0 
  25.498 0.0   -0.002 0.0 
  25.528 0.0   -0.001 0.0 
  25.558 0.0   -0.001 0.0 
  25.589 0.0   -0.000 0.0 
  25.619 0.0    0.000 0.0 
  25.650 0.0    0.001 0.0 
  25.679 0.0    0.002 0.0 
  25.709 0.0    0.003 0.0 
  25.740 0.0    0.003 0.0 
  25.770 0.0    0.004 0.0 
  25.802 0.0    0.005 0.0 
  25.830 0.0    0.005 0.0 
  25.861 0.0    0.006 0.0 
  25.891 0.0    0.007 0.0 
  25.921 0.0    0.007 0.0 
  25.953 0.0    0.008 0.0 
  25.983 0.0    0.008 0.0 
  26.014 0.0    0.008 0.0 
  26.047 0.0    0.009 0.0 
  26.077 0.0    0.010 0.0 
  26.106 0.0    0.010 0.0 
  26.134 0.0    0.011 0.0 
  26.164 0.0    0.011 0.0 
  26.195 0.0    0.012 0.0 
  26.224 0.0    0.012 0.0 
  26.254 0.0    0.013 0.0 
  26.285 0.0    0.013 0.0 
  26.315 0.0    0.013 0.0 
  26.347 0.0    0.013 0.0 
  26.377 0.0    0.014 0.0 
  26.406 0.0    0.014 0.0 
  26.436 0.0    0.014 0.0 
  26.467 0.0    0.014 0.0 
  26.497 0.0    0.014 0.0 
  26.528 0.0    0.014 0.0 
  26.558 0.0    0.014 0.0 
  26.588 0.0    0.014 0.0 
  26.618 0.0    0.014 0.0 
  26.649 0.0    0.014 0.0 
  26.679 0.0    0.014 0.0 
  26.709 0.0    0.014 0.0 
  26.739 0.0    0.013 0.0 
  26.770 0.0    0.013 0.0 
  26.800 0.0    0.013 0.0 
  26.830 0.0    0.012 0.0 
  26.863 0.0    0.012 0.0 
  26.892 0.0    0.011 0.0 
  26.921 0.0    0.011 0.0 
  26.952 0.0    0.010 0.0 
  26.981 0.0    0.010 0.0 
  27.011 0.0    0.009 0.0 
  27.043 0.0    0.009 0.0 
  27.073 0.0    0.008 0.0 
  27.102 0.0    0.008 0.0 
  27.133 0.0    0.007 0.0 
  27.163 0.0    0.007 0.0 
  27.193 0.0    0.007 0.0 
  27.223 0.0    0.006 0.0 
  27.254 0.0    0.006 0.0 
  27.284 0.0    0.005 0.0 
  27.315 0.0    0.005 0.0 
  27.345 0.0    0.004 0.0 
  27.375 0.0    0.004 0.0 
  27.407 0.0    0.003 0.0 
  27.436 0.0    0.003 0.0 
  27.470 0.0    0.002 0.0 
  27.496 0.0    0.002 0.0 
  27.526 0.0    0.001 0.0 
  27.558 0.0    0.000 0.0 
  27.587 0.0   -0.000 0.0 
  27.622 0.0   -0.001 0.0 
  27.650 0.0   -0.001 0.0 
  27.681 0.0   -0.002 0.0 
  27.712 0.0   -0.003 0.0 
  27.738 0.0   -0.004 0.0 
  27.769 0.0   -0.004 0.0 
  27.799 0.0   -0.005 0.0 
  27.829 0.0   -0.006 0.0 
  27.859 0.0   -0.006 0.0 
  27.890 0.0   -0.007 0.0 
  27.920 0.0   -0.008 0.0 
  27.950 0.0   -0.008 0.0 
  27.980 0.0   -0.009 0.0 
  28.011 0.0   -0.009 0.0 
  28.041 0.0   -0.010 0.0 
  28.072 0.0   -0.010 0.0 
  28.101 0.0   -0.011 0.0 
  28.137 0.0   -0.011 0.0 
  28.161 0.0   -0.011 0.0 
  28.192 0.0   -0.012 0.0 
  28.222 0.0   -0.012 0.0 
  28.253 0.0   -0.012 0.0 
  28.283 0.0   -0.012 0.0 
  28.312 0.0   -0.013 0.0 
  28.343 0.0   -0.013 0.0 
  28.374 0.0   -0.013 0.0 
  28.404 0.0   -0.013 0.0 
  28.434 0.0   -0.013 0.0 
  28.464 0.0   -0.013 0.0 
  28.500 0.0   -0.013 0.0 
  28.525 0.0   -0.013 0.0 
  28.556 0.0   -0.013 0.0 
  28.586 0.0   -0.013 0.0 
  28.615 0.0   -0.012 0.0 
  28.645 0.0   -0.012 0.0 
  28.676 0.0   -0.012 0.0 
  28.706 0.0   -0.011 0.0 
  28.737 0.0   -0.011 0.0 
  28.769 0.0   -0.011 0.0 
  28.797 0.0   -0.010 0.0 
  28.828 0.0   -0.010 0.0 
  28.858 0.0   -0.009 0.0 
  28.888 0.0   -0.009 0.0 
  28.918 0.0   -0.008 0.0 
  28.949 0.0   -0.008 0.0 
  28.978 0.0   -0.007 0.0 
  29.009 0.0   -0.007 0.0 
  29.039 0.0   -0.007 0.0 
  29.069 0.0   -0.006 0.0 
  29.105 0.0   -0.006 0.0 
  29.130 0.0   -0.006 0.0 
  29.161 0.0   -0.005 0.0 
  29.191 0.0   -0.004 0.0 
  29.226 0.0   -0.004 0.0 
  29.255 0.0   -0.003 0.0 
  29.286 0.0   -0.002 0.0 
  29.316 0.0   -0.001 0.0 
  29.346 0.0   -0.000 0.0 
  29.377 0.0    0.000 0.0 
  29.403 0.0    0.001 0.0 
  29.438 0.0    0.002 0.0 
  29.463 0.0    0.002 0.0 
  29.493 0.0    0.003 0.0 
  29.524 0.0    0.003 0.0 
  29.554 0.0    0.004 0.0 
  29.585 0.0    0.004 0.0 
  29.616 0.0    0.004 0.0 
  29.646 0.0    0.005 0.0 
  29.676 0.0    0.005 0.0 
  29.705 0.0    0.006 0.0 
  29.736 0.0    0.007 0.0 
  29.767 0.0    0.007 0.0 
  29.797 0.0    0.008 0.0 
  29.827 0.0    0.009 0.0 
  29.857 0.0    0.009 0.0 
  29.887 0.0    0.010 0.0 
  29.917 0.0    0.010 0.0 
  29.948 0.0    0.010 0.0 
  29.983 0.0    0.011 0.0 
  30.008 0.0    0.011 0.0 
  30.039 0.0    0.011 0.0 
  30.069 0.0    0.011 0.0 
  30.099 0.0    0.011 0.0 
  30.129 0.0    0.011 0.0 
  30.159 0.0    0.011 0.0 
  30.191 0.0    0.011 0.0 
  30.220 0.0    0.011 0.0 
  30.250 0.0    0.011 0.0 
  30.280 0.0    0.011 0.0 
  30.311 0.0    0.011 0.0 
  30.341 0.0    0.011 0.0 
  30.371 0.0    0.011 0.0 
  30.401 0.0    0.011 0.0 
  30.432 0.0    0.011 0.0 
  30.462 0.0    0.011 0.0 
  30.493 0.0    0.010 0.0 
  30.523 0.0    0.010 0.0 
  30.554 0.0    0.010 0.0 
  30.589 0.0    0.010 0.0 
  30.614 0.0    0.010 0.0 
  30.644 0.0    0.010 0.0 
  30.674 0.0    0.009 0.0 
  30.704 0.0    0.009 0.0 
  30.734 0.0    0.009 0.0 
  30.765 0.0    0.008 0.0 
  30.796 0.0    0.008 0.0 
  30.826 0.0    0.008 0.0 
  30.855 0.0    0.007 0.0 
  30.886 0.0    0.007 0.0 
  30.916 0.0    0.007 0.0 
  30.948 0.0    0.006 0.0 
  30.981 0.0    0.006 0.0 
  31.008 0.0    0.005 0.0 
  31.038 0.0    0.005 0.0 
  31.073 0.0    0.005 0.0 
  31.098 0.0    0.004 0.0 
  31.130 0.0    0.003 0.0 
  31.159 0.0    0.003 0.0 
  31.194 0.0    0.002 0.0 
  31.219 0.0    0.001 0.0 
  31.249 0.0    0.000 0.0 
  31.280 0.0   -0.000 0.0 
  31.310 0.0   -0.001 0.0 
  31.340 0.0   -0.002 0.0 
  31.370 0.0   -0.002 0.0 
  31.400 0.0   -0.003 0.0 
  31.431 0.0   -0.003 0.0 
  31.462 0.0   -0.004 0.0 
  31.492 0.0   -0.005 0.0 
  31.521 0.0   -0.005 0.0 
  31.552 0.0   -0.005 0.0 
  31.583 0.0   -0.006 0.0 
  31.613 0.0   -0.006 0.0 
  31.643 0.0   -0.007 0.0 
  31.673 0.0   -0.007 0.0 
  31.703 0.0   -0.008 0.0 
  31.733 0.0   -0.008 0.0 
  31.765 0.0   -0.008 0.0 
  31.794 0.0   -0.009 0.0 
  31.824 0.0   -0.009 0.0 
  31.854 0.0   -0.009 0.0 
  31.885 0.0   -0.009 0.0 
  31.916 0.0   -0.009 0.0 
  31.945 0.0   -0.010 0.0 
  31.975 0.0   -0.010 0.0 
  32.006 0.0   -0.010 0.0 
  32.037 0.0   -0.010 0.0 
  32.066 0.0   -0.010 0.0 
  32.097 0.0   -0.010 0.0 
  32.127 0.0   -0.010 0.0 
  32.157 0.0   -0.011 0.0 
  32.188 0.0   -0.011 0.0 
  32.218 0.0   -0.011 0.0 
  32.248 0.0   -0.011 0.0 
  32.279 0.0   -0.010 0.0 
  32.309 0.0   -0.010 0.0 
  32.339 0.0   -0.010 0.0 
  32.370 0.0   -0.010 0.0 
  32.399 0.0   -0.010 0.0 
  32.430 0.0   -0.010 0.0 
  32.461 0.0   -0.010 0.0 
  32.492 0.0   -0.010 0.0 
  32.521 0.0   -0.009 0.0 
  32.551 0.0   -0.009 0.0 
  32.582 0.0   -0.009 0.0 
  32.612 0.0   -0.008 0.0 
  32.643 0.0   -0.008 0.0 
  32.672 0.0   -0.008 0.0 
  32.703 0.0   -0.007 0.0 
  32.732 0.0   -0.007 0.0 
  32.764 0.0   -0.006 0.0 
  32.793 0.0   -0.006 0.0 
  32.824 0.0   -0.005 0.0 
  32.853 0.0   -0.004 0.0 
  32.884 0.0   -0.004 0.0 
  32.914 0.0   -0.003 0.0 
  32.944 0.0   -0.002 0.0 
  32.974 0.0   -0.002 0.0 
  33.004 0.0   -0.001 0.0 
  33.036 0.0   -0.000 0.0 
  33.065 0.0    0.000 0.0 
  33.096 0.0    0.001 0.0 
  33.126 0.0    0.001 0.0 
  33.156 0.0    0.002 0.0 
  33.187 0.0    0.002 0.0 
  33.216 0.0    0.002 0.0 
  33.248 0.0    0.003 0.0 
  33.277 0.0    0.003 0.0 
  33.307 0.0    0.004 0.0 
  33.337 0.0    0.004 0.0 
  33.368 0.0    0.005 0.0 
  33.398 0.0    0.005 0.0 
  33.428 0.0    0.006 0.0 
  33.460 0.0    0.006 0.0 
  33.488 0.0    0.006 0.0 
  33.519 0.0    0.007 0.0 
  33.549 0.0    0.007 0.0 
  33.580 0.0    0.007 0.0 
  33.610 0.0    0.007 0.0 
  33.640 0.0    0.007 0.0 
  33.670 0.0    0.007 0.0 
  33.701 0.0    0.007 0.0 
  33.730 0.0    0.007 0.0 
  33.762 0.0    0.007 0.0 
  33.792 0.0    0.008 0.0 
  33.821 0.0    0.008 0.0 
  33.851 0.0    0.008 0.0 
  33.882 0.0    0.008 0.0 
  33.912 0.0    0.008 0.0 
  33.943 0.0    0.009 0.0 
  33.973 0.0    0.009 0.0 
  34.003 0.0    0.009 0.0 
  34.033 0.0    0.009 0.0 
  34.063 0.0    0.009 0.0 
  34.094 0.0    0.009 0.0 
  34.125 0.0    0.009 0.0 
  34.156 0.0    0.009 0.0 
  34.186 0.0    0.009 0.0 
  34.216 0.0    0.008 0.0 
  34.245 0.0    0.008 0.0 
  34.276 0.0    0.008 0.0 
  34.306 0.0    0.008 0.0 
  34.336 0.0    0.008 0.0 
  34.366 0.0    0.007 0.0 
  34.397 0.0    0.007 0.0 
  34.426 0.0    0.007 0.0 
  34.456 0.0    0.007 0.0 
  34.486 0.0    0.007 0.0 
  34.517 0.0    0.007 0.0 
  34.548 0.0    0.006 0.0 
  34.578 0.0    0.006 0.0 
  34.609 0.0    0.006 0.0 
  34.638 0.0    0.005 0.0 
  34.669 0.0    0.004 0.0 
  34.699 0.0    0.004 0.0 
  34.729 0.0    0.003 0.0 
  34.761 0.0    0.002 0.0 
  34.790 0.0    0.001 0.0 
  34.821 0.0    0.001 0.0 
  34.850 0.0    0.000 0.0 
  34.881 0.0   -0.000 0.0 
  34.911 0.0   -0.001 0.0 
  34.942 0.0   -0.001 0.0 
  34.971 0.0   -0.002 0.0 
  35.001 0.0   -0.002 0.0 
  35.032 0.0   -0.002 0.0 
  35.062 0.0   -0.003 0.0 
  35.093 0.0   -0.003 0.0 
  35.123 0.0   -0.003 0.0 
  35.153 0.0   -0.003 0.0 
  35.184 0.0   -0.004 0.0 
  35.214 0.0   -0.004 0.0 
  35.244 0.0   -0.004 0.0 
  35.274 0.0   -0.004 0.0 
  35.304 0.0   -0.004 0.0 
  35.335 0.0   -0.005 0.0 
  35.365 0.0   -0.005 0.0 
  35.396 0.0   -0.005 0.0 
  35.429 0.0   -0.005 0.0 
  35.455 0.0   -0.006 0.0 
  35.486 0.0   -0.006 0.0 
  35.516 0.0   -0.006 0.0 
  35.546 0.0   -0.007 0.0 
  35.576 0.0   -0.007 0.0 
  35.606 0.0   -0.007 0.0 
  35.637 0.0   -0.008 0.0 
  35.668 0.0   -0.008 0.0 
  35.699 0.0   -0.008 0.0 
  35.729 0.0   -0.008 0.0 
  35.763 0.0   -0.009 0.0 
  35.794 0.0   -0.009 0.0 
  35.824 0.0   -0.009 0.0 
  35.850 0.0   -0.009 0.0 
  35.885 0.0   -0.009 0.0 
  35.910 0.0   -0.009 0.0 
  35.943 0.0   -0.009 0.0 
  35.971 0.0   -0.009 0.0 
  36.005 0.0   -0.009 0.0 
  36.031 0.0   -0.009 0.0 
  36.061 0.0   -0.009 0.0 
  36.092 0.0   -0.009 0.0 
  36.121 0.0   -0.009 0.0 
  36.152 0.0   -0.009 0.0 
  36.183 0.0   -0.009 0.0 
  36.212 0.0   -0.009 0.0 
  36.247 0.0   -0.009 0.0 
  36.273 0.0   -0.008 0.0 
  36.303 0.0   -0.008 0.0 
  36.337 0.0   -0.008 0.0 
  36.368 0.0   -0.008 0.0 
  36.393 0.0   -0.007 0.0 
  36.424 0.0   -0.007 0.0 
  36.454 0.0   -0.006 0.0 
  36.484 0.0   -0.006 0.0 
  36.514 0.0   -0.005 0.0 
  36.545 0.0   -0.004 0.0 
  36.576 0.0   -0.004 0.0 
  36.611 0.0   -0.003 0.0 
  36.636 0.0   -0.003 0.0 
  36.666 0.0   -0.002 0.0 
  36.696 0.0   -0.002 0.0 
  36.726 0.0   -0.001 0.0 
  36.756 0.0   -0.001 0.0 
  36.786 0.0   -0.001 0.0 
  36.816 0.0   -0.000 0.0 
  36.849 0.0   -0.000 0.0 
  36.878 0.0    0.000 0.0 
  36.908 0.0    0.001 0.0 
  36.938 0.0    0.001 0.0 
  36.968 0.0    0.001 0.0 
  36.998 0.0    0.002 0.0 
  37.029 0.0    0.002 0.0 
  37.059 0.0    0.002 0.0 
  37.089 0.0    0.003 0.0 
  37.120 0.0    0.003 0.0 
  37.149 0.0    0.003 0.0 
  37.180 0.0    0.004 0.0 
  37.210 0.0    0.004 0.0 
  37.240 0.0    0.004 0.0 
  37.271 0.0    0.005 0.0 
  37.302 0.0    0.005 0.0 
  37.332 0.0    0.005 0.0 
  37.361 0.0    0.005 0.0 
  37.392 0.0    0.006 0.0 
  37.422 0.0    0.006 0.0 
  37.452 0.0    0.006 0.0 
  37.482 0.0    0.006 0.0 
  37.512 0.0    0.006 0.0 
  37.543 0.0    0.007 0.0 
  37.573 0.0    0.007 0.0 
  37.605 0.0    0.007 0.0 
  37.635 0.0    0.007 0.0 
  37.664 0.0    0.007 0.0 
  37.694 0.0    0.007 0.0 
  37.725 0.0    0.007 0.0 
  37.755 0.0    0.007 0.0 
  37.786 0.0    0.008 0.0 
  37.815 0.0    0.008 0.0 
  37.845 0.0    0.008 0.0 
  37.877 0.0    0.008 0.0 
  37.906 0.0    0.008 0.0 
  37.940 0.0    0.008 0.0 
  37.970 0.0    0.008 0.0 
  38.002 0.0    0.008 0.0 
  38.027 0.0    0.008 0.0 
  38.063 0.0    0.008 0.0 
  38.088 0.0    0.007 0.0 
  38.118 0.0    0.007 0.0 
  38.148 0.0    0.007 0.0 
  38.178 0.0    0.007 0.0 
  38.209 0.0    0.007 0.0 
  38.240 0.0    0.006 0.0 
  38.270 0.0    0.006 0.0 
  38.300 0.0    0.006 0.0 
  38.330 0.0    0.006 0.0 
  38.361 0.0    0.005 0.0 
  38.390 0.0    0.005 0.0 
  38.420 0.0    0.005 0.0 
  38.452 0.0    0.005 0.0 
  38.481 0.0    0.004 0.0 
  38.512 0.0    0.004 0.0 
  38.544 0.0    0.004 0.0 
  38.573 0.0    0.003 0.0 
  38.602 0.0    0.003 0.0 
  38.633 0.0    0.002 0.0 
  38.663 0.0    0.002 0.0 
  38.694 0.0    0.001 0.0 
  38.724 0.0    0.001 0.0 
  38.754 0.0    0.001 0.0 
  38.785 0.0   -0.000 0.0 
  38.815 0.0   -0.001 0.0 
  38.844 0.0   -0.001 0.0 
  38.875 0.0   -0.002 0.0 
  38.905 0.0   -0.002 0.0 
  38.936 0.0   -0.003 0.0 
  38.966 0.0   -0.003 0.0 
  38.996 0.0   -0.004 0.0 
  39.027 0.0   -0.004 0.0 
  39.056 0.0   -0.005 0.0 
  39.086 0.0   -0.005 0.0 
  39.116 0.0   -0.005 0.0 
  39.146 0.0   -0.006 0.0 
  39.177 0.0   -0.006 0.0 
  39.208 0.0   -0.006 0.0 
  39.237 0.0   -0.006 0.0 
  39.268 0.0   -0.006 0.0 
  39.298 0.0   -0.007 0.0 
  39.328 0.0   -0.007 0.0 
  39.358 0.0   -0.007 0.0 
  39.389 0.0   -0.007 0.0 
  39.419 0.0   -0.007 0.0 
  39.450 0.0   -0.007 0.0 
  39.480 0.0   -0.007 0.0 
  39.510 0.0   -0.007 0.0 
  39.541 0.0   -0.007 0.0 
  39.572 0.0   -0.007 0.0 
  39.601 0.0   -0.007 0.0 
  39.631 0.0   -0.007 0.0 
  39.661 0.0   -0.007 0.0 
  39.693 0.0   -0.007 0.0 
  39.722 0.0   -0.007 0.0 
  39.752 0.0   -0.007 0.0 
  39.782 0.0   -0.007 0.0 
  39.813 0.0   -0.007 0.0 
  39.843 0.0   -0.007 0.0 
  39.873 0.0   -0.007 0.0 
  39.904 0.0   -0.007 0.0 
  39.933 0.0   -0.007 0.0 
  39.964 0.0   -0.007 0.0 
  39.995 0.0   -0.007 0.0 
  40.024 0.0   -0.007 0.0 
  40.055 0.0   -0.006 0.0 
  40.085 0.0   -0.006 0.0 
  40.115 0.0   -0.006 0.0 
  40.150 0.0   -0.005 0.0 
  40.176 0.0   -0.005 0.0 
  40.210 0.0   -0.005 0.0 
  40.241 0.0   -0.004 0.0 
  40.267 0.0   -0.004 0.0 
  40.297 0.0   -0.004 0.0 
  40.331 0.0   -0.003 0.0 
  40.361 0.0   -0.003 0.0 
  40.387 0.0   -0.003 0.0 
  40.417 0.0   -0.003 0.0 
  40.448 0.0   -0.002 0.0 
  40.478 0.0   -0.002 0.0 
  40.508 0.0   -0.001 0.0 
  40.539 0.0   -0.001 0.0 
  40.569 0.0   -0.001 0.0 
  40.599 0.0   -0.001 0.0 
  40.629 0.0   -0.000 0.0 
  40.659 0.0    0.000 0.0 
  40.690 0.0    0.000 0.0 
  40.720 0.0    0.001 0.0 
  40.750 0.0    0.001 0.0 
  40.781 0.0    0.001 0.0 
  40.811 0.0    0.002 0.0 
  40.840 0.0    0.002 0.0 
  40.871 0.0    0.002 0.0 
  40.901 0.0    0.003 0.0 
  40.931 0.0    0.003 0.0 
  40.962 0.0    0.003 0.0 
  40.992 0.0    0.003 0.0 
  41.022 0.0    0.003 0.0 
  41.052 0.0    0.004 0.0 
  41.084 0.0    0.004 0.0 
  41.113 0.0    0.004 0.0 
  41.143 0.0    0.004 0.0 
  41.174 0.0    0.004 0.0 
  41.204 0.0    0.005 0.0 
  41.234 0.0    0.005 0.0 
  41.264 0.0    0.006 0.0 
  41.295 0.0    0.006 0.0 
  41.326 0.0    0.006 0.0 
  41.355 0.0    0.006 0.0 
  41.385 0.0    0.007 0.0 
  41.416 0.0    0.007 0.0 
  41.447 0.0    0.007 0.0 
  41.476 0.0    0.007 0.0 
  41.506 0.0    0.007 0.0 
  41.537 0.0    0.007 0.0 
  41.568 0.0    0.007 0.0 
  41.597 0.0    0.007 0.0 
  41.628 0.0    0.007 0.0 
  41.658 0.0    0.007 0.0 
  41.689 0.0    0.007 0.0 
  41.720 0.0    0.007 0.0 
  41.749 0.0    0.006 0.0 
  41.779 0.0    0.006 0.0 
  41.810 0.0    0.006 0.0 
  41.840 0.0    0.006 0.0 
  41.870 0.0    0.005 0.0 
  41.901 0.0    0.005 0.0 
  41.931 0.0    0.005 0.0 
  41.961 0.0    0.004 0.0 
  41.991 0.0    0.004 0.0 
  42.021 0.0    0.004 0.0 
  42.053 0.0    0.004 0.0 
  42.082 0.0    0.004 0.0 
  42.113 0.0    0.004 0.0 
  42.143 0.0    0.004 0.0 
  42.173 0.0    0.003 0.0 
  42.203 0.0    0.003 0.0 
  42.234 0.0    0.003 0.0 
  42.264 0.0    0.003 0.0 
  42.294 0.0    0.003 0.0 
  42.324 0.0    0.002 0.0 
  42.355 0.0    0.002 0.0 
  42.385 0.0    0.002 0.0 
  42.415 0.0    0.001 0.0 
  42.446 0.0    0.001 0.0 
  42.476 0.0    0.001 0.0 
  42.507 0.0    0.000 0.0 
  42.537 0.0   -0.000 0.0 
  42.567 0.0   -0.000 0.0 
  42.596 0.0   -0.001 0.0 
  42.627 0.0   -0.001 0.0 
  42.657 0.0   -0.002 0.0 
  42.688 0.0   -0.002 0.0 
  42.718 0.0   -0.002 0.0 
  42.748 0.0   -0.003 0.0 
  42.779 0.0   -0.003 0.0 
  42.809 0.0   -0.003 0.0 
  42.839 0.0   -0.003 0.0 
  42.870 0.0   -0.004 0.0 
  42.899 0.0   -0.004 0.0 
  42.930 0.0   -0.004 0.0 
  42.960 0.0   -0.004 0.0 
  42.990 0.0   -0.005 0.0 
  43.021 0.0   -0.005 0.0 
  43.051 0.0   -0.005 0.0 
  43.081 0.0   -0.005 0.0 
  43.111 0.0   -0.005 0.0 
  43.142 0.0   -0.005 0.0 
  43.173 0.0   -0.006 0.0 
  43.202 0.0   -0.006 0.0 
  43.232 0.0   -0.006 0.0 
  43.262 0.0   -0.006 0.0 
  43.294 0.0   -0.006 0.0 
  43.323 0.0   -0.006 0.0 
  43.354 0.0   -0.006 0.0 
  43.383 0.0   -0.006 0.0 
  43.414 0.0   -0.006 0.0 
  43.444 0.0   -0.006 0.0 
  43.475 0.0   -0.006 0.0 
  43.505 0.0   -0.006 0.0 
  43.535 0.0   -0.006 0.0 
  43.566 0.0   -0.006 0.0 
  43.596 0.0   -0.006 0.0 
  43.626 0.0   -0.006 0.0 
  43.656 0.0   -0.005 0.0 
  43.686 0.0   -0.005 0.0 
  43.717 0.0   -0.005 0.0 
  43.748 0.0   -0.005 0.0 
  43.777 0.0   -0.005 0.0 
  43.808 0.0   -0.005 0.0 
  43.838 0.0   -0.005 0.0 
  43.868 0.0   -0.004 0.0 
  43.898 0.0   -0.004 0.0 
  43.930 0.0   -0.004 0.0 
  43.959 0.0   -0.004 0.0 
  43.989 0.0   -0.004 0.0 
  44.020 0.0   -0.004 0.0 
  44.050 0.0   -0.004 0.0 
  44.081 0.0   -0.003 0.0 
  44.111 0.0   -0.003 0.0 
  44.141 0.0   -0.003 0.0 
  44.171 0.0   -0.002 0.0 
  44.201 0.0   -0.002 0.0 
  44.231 0.0   -0.002 0.0 
  44.262 0.0   -0.001 0.0 
  44.292 0.0   -0.001 0.0 
  44.322 0.0   -0.001 0.0 
  44.352 0.0   -0.000 0.0 
  44.382 0.0   -0.000 0.0 
  44.413 0.0    0.000 0.0 
  44.444 0.0    0.001 0.0 
  44.537 0.0    0.001 0.0 
  44.567 0.0    0.002 0.0 
  44.585 0.0    0.002 0.0 
  44.612 0.0    0.002 0.0 
  44.643 0.0    0.003 0.0 
  44.672 0.0    0.003 0.0 
  44.704 0.0    0.003 0.0 
  44.736 0.0    0.003 0.0 
  44.768 0.0    0.004 0.0 
  44.799 0.0    0.004 0.0 
  44.888 0.0    0.004 0.0 
  44.920 0.0    0.004 0.0 
  44.939 0.0    0.005 0.0 
  44.966 0.0    0.005 0.0 
  44.996 0.0    0.005 0.0 
  45.026 0.0    0.005 0.0 
  45.058 0.0    0.005 0.0 
  45.090 0.0    0.006 0.0 
  45.122 0.0    0.006 0.0 
  45.153 0.0    0.006 0.0 
  45.183 0.0    0.006 0.0 
  45.214 0.0    0.006 0.0 
  45.244 0.0    0.006 0.0 
  45.275 0.0    0.006 0.0 
  45.304 0.0    0.006 0.0 
  45.334 0.0    0.006 0.0 
  45.364 0.0    0.006 0.0 
  45.395 0.0    0.006 0.0 
  45.425 0.0    0.006 0.0 
  45.455 0.0    0.006 0.0 
  45.485 0.0    0.006 0.0 
  45.517 0.0    0.006 0.0 
  45.546 0.0    0.006 0.0 
  45.576 0.0    0.006 0.0 
  45.606 0.0    0.005 0.0 
  45.636 0.0    0.005 0.0 
  45.666 0.0    0.005 0.0 
  45.697 0.0    0.005 0.0 
  45.726 0.0    0.004 0.0 
  45.757 0.0    0.004 0.0 
  45.787 0.0    0.003 0.0 
  45.819 0.0    0.003 0.0 
  45.848 0.0    0.003 0.0 
  45.880 0.0    0.002 0.0 
  45.909 0.0    0.002 0.0 
  45.939 0.0    0.001 0.0 
  45.969 0.0    0.001 0.0 
  46.000 0.0    0.001 0.0 
  46.030 0.0    0.001 0.0 
  46.060 0.0    0.000 0.0 
  46.090 0.0    0.000 0.0 
  46.120 0.0    0.000 0.0 
  46.150 0.0   -0.000 0.0 
  46.181 0.0   -0.000 0.0 
  46.211 0.0   -0.000 0.0 
  46.241 0.0   -0.001 0.0 
  46.271 0.0   -0.001 0.0 
  46.302 0.0   -0.001 0.0 
  46.332 0.0   -0.001 0.0 
  46.363 0.0   -0.001 0.0 
  46.392 0.0   -0.002 0.0 
  46.423 0.0   -0.002 0.0 
  46.454 0.0   -0.002 0.0 
  46.484 0.0   -0.003 0.0 
  46.515 0.0   -0.003 0.0 
  46.544 0.0   -0.003 0.0 
  46.575 0.0   -0.003 0.0 
  46.606 0.0   -0.003 0.0 
  46.636 0.0   -0.003 0.0 
  46.670 0.0   -0.004 0.0 
  46.696 0.0   -0.004 0.0 
  46.726 0.0   -0.004 0.0 
  46.760 0.0   -0.004 0.0 
  46.787 0.0   -0.004 0.0 
  46.817 0.0   -0.004 0.0 
  46.848 0.0   -0.004 0.0 
  46.878 0.0   -0.005 0.0 
  46.908 0.0   -0.005 0.0 
  46.938 0.0   -0.005 0.0 
  46.969 0.0   -0.005 0.0 
  46.999 0.0   -0.005 0.0 
  47.028 0.0   -0.005 0.0 
  47.059 0.0   -0.006 0.0 
  47.089 0.0   -0.006 0.0 
  47.119 0.0   -0.006 0.0 
  47.150 0.0   -0.006 0.0 
  47.180 0.0   -0.006 0.0 
  47.212 0.0   -0.006 0.0 
  47.240 0.0   -0.006 0.0 
  47.270 0.0   -0.005 0.0 
  47.302 0.0   -0.005 0.0 
  47.331 0.0   -0.005 0.0 
  47.362 0.0   -0.005 0.0 
  47.392 0.0   -0.005 0.0 
  47.428 0.0   -0.005 0.0 
  47.453 0.0   -0.004 0.0 
  47.483 0.0   -0.004 0.0 
  47.514 0.0   -0.004 0.0 
  47.543 0.0   -0.004 0.0 
  47.573 0.0   -0.003 0.0 
  47.603 0.0   -0.003 0.0 
  47.634 0.0   -0.003 0.0 
  47.664 0.0   -0.003 0.0 
  47.695 0.0   -0.003 0.0 
  47.724 0.0   -0.002 0.0 
  47.754 0.0   -0.002 0.0 
  47.785 0.0   -0.002 0.0 
  47.815 0.0   -0.001 0.0 
  47.847 0.0   -0.001 0.0 
  47.875 0.0   -0.001 0.0 
  47.906 0.0   -0.001 0.0 
  47.936 0.0   -0.001 0.0 
  47.966 0.0   -0.000 0.0 
  47.996 0.0    0.000 0.0 
  48.026 0.0    0.001 0.0 
  48.057 0.0    0.001 0.0 
  48.088 0.0    0.002 0.0 
  48.118 0.0    0.002 0.0 
  48.147 0.0    0.002 0.0 
  48.178 0.0    0.003 0.0 
  48.208 0.0    0.003 0.0 
  48.238 0.0    0.003 0.0 
  48.268 0.0    0.003 0.0 
  48.300 0.0    0.003 0.0 
  48.329 0.0    0.003 0.0 
  48.359 0.0    0.003 0.0 
  48.391 0.0    0.004 0.0 
  48.421 0.0    0.004 0.0 
  48.456 0.0    0.004 0.0 
  48.481 0.0    0.004 0.0 
  48.511 0.0    0.004 0.0 
  48.547 0.0    0.004 0.0 
  48.572 0.0    0.004 0.0 
  48.602 0.0    0.004 0.0 
  48.632 0.0    0.004 0.0 
  48.662 0.0    0.004 0.0 
  48.693 0.0    0.004 0.0 
  48.723 0.0    0.004 0.0 
  48.753 0.0    0.004 0.0 
  48.783 0.0    0.004 0.0 
  48.814 0.0    0.004 0.0 
  48.844 0.0    0.004 0.0 
  48.875 0.0    0.004 0.0 
  48.905 0.0    0.004 0.0 
  48.935 0.0    0.004 0.0 
  48.965 0.0    0.004 0.0 
  48.996 0.0    0.004 0.0 
  49.026 0.0    0.004 0.0 
  49.057 0.0    0.004 0.0 
  49.087 0.0    0.004 0.0 
  49.118 0.0    0.004 0.0 
  49.147 0.0    0.004 0.0 
  49.178 0.0    0.004 0.0 
  49.208 0.0    0.004 0.0 
  49.238 0.0    0.004 0.0 
  49.269 0.0    0.003 0.0 
  49.299 0.0    0.003 0.0 
  49.329 0.0    0.003 0.0 
  49.360 0.0    0.003 0.0 
  49.389 0.0    0.003 0.0 
  49.421 0.0    0.003 0.0 
  49.451 0.0    0.003 0.0 
  49.482 0.0    0.002 0.0 
  49.511 0.0    0.002 0.0 
  49.541 0.0    0.002 0.0 
  49.573 0.0    0.002 0.0 
  49.602 0.0    0.002 0.0 
  49.632 0.0    0.001 0.0 
  49.663 0.0    0.001 0.0 
  49.693 0.0    0.001 0.0 
  49.723 0.0    0.001 0.0 
  49.753 0.0    0.001 0.0 
  49.784 0.0    0.000 0.0 
  49.814 0.0    0.000 0.0 
  49.844 0.0   -0.000 0.0 
  49.874 0.0   -0.000 0.0 
  49.905 0.0   -0.001 0.0 
  49.935 0.0   -0.001 0.0 
  49.965 0.0   -0.001 0.0 
  49.995 0.0   -0.001 0.0 
  50.026 0.0   -0.001 0.0 
  50.055 0.0   -0.002 0.0 
  50.086 0.0   -0.002 0.0 
  50.117 0.0   -0.002 0.0 
  50.147 0.0   -0.002 0.0 
  50.178 0.0   -0.003 0.0 
  50.208 0.0   -0.003 0.0 
  50.237 0.0   -0.003 0.0 
  50.268 0.0   -0.003 0.0 
  50.298 0.0   -0.003 0.0 
  50.329 0.0   -0.004 0.0 
  50.359 0.0   -0.004 0.0 
  50.390 0.0   -0.004 0.0 
  50.419 0.0   -0.004 0.0 
  50.449 0.0   -0.004 0.0 
  50.480 0.0   -0.004 0.0 
  50.511 0.0   -0.004 0.0 
  50.547 0.0   -0.004 0.0 
  50.571 0.0   -0.004 0.0 
  50.600 0.0   -0.004 0.0 
  50.632 0.0   -0.004 0.0 
  50.663 0.0   -0.004 0.0 
  50.692 0.0   -0.004 0.0 
  50.722 0.0   -0.004 0.0 
  50.752 0.0   -0.004 0.0 
  50.784 0.0   -0.004 0.0 
  50.813 0.0   -0.004 0.0 
  50.843 0.0   -0.004 0.0 
  50.873 0.0   -0.004 0.0 
  50.904 0.0   -0.004 0.0 
  50.933 0.0   -0.004 0.0 
  50.965 0.0   -0.004 0.0 
  50.994 0.0   -0.004 0.0 
  51.024 0.0   -0.004 0.0 
  51.054 0.0   -0.004 0.0 
  51.086 0.0   -0.004 0.0 
  51.115 0.0   -0.004 0.0 
  51.145 0.0   -0.004 0.0 
  51.177 0.0   -0.004 0.0 
  51.207 0.0   -0.003 0.0 
  51.236 0.0   -0.003 0.0 
  51.266 0.0   -0.003 0.0 
  51.296 0.0   -0.002 0.0 
  51.327 0.0   -0.002 0.0 
  51.356 0.0   -0.002 0.0 
  51.387 0.0   -0.001 0.0 
  51.417 0.0   -0.001 0.0 
  51.447 0.0   -0.001 0.0 
  51.478 0.0   -0.000 0.0 
  51.508 0.0   -0.000 0.0 
  51.539 0.0   -0.000 0.0 
  51.570 0.0   -0.000 0.0 
  51.604 0.0   -0.000 0.0 
  51.629 0.0    0.000 0.0 
  51.660 0.0    0.000 0.0 
  51.691 0.0    0.000 0.0 
  51.724 0.0    0.000 0.0 
  51.752 0.0    0.001 0.0 
  51.781 0.0    0.001 0.0 
  51.811 0.0    0.001 0.0 
  51.841 0.0    0.001 0.0 
  51.871 0.0    0.001 0.0 
  51.901 0.0    0.002 0.0 
  51.932 0.0    0.002 0.0 
  51.962 0.0    0.002 0.0 
  51.993 0.0    0.002 0.0 
  52.022 0.0    0.002 0.0 
  52.053 0.0    0.003 0.0 
  52.083 0.0    0.003 0.0 
  52.113 0.0    0.003 0.0 
  52.144 0.0    0.003 0.0 
  52.174 0.0    0.003 0.0 
  52.205 0.0    0.003 0.0 
  52.235 0.0    0.003 0.0 
  52.264 0.0    0.003 0.0 
  52.295 0.0    0.003 0.0 
  52.325 0.0    0.003 0.0 
  52.355 0.0    0.003 0.0 
  52.387 0.0    0.003 0.0 
  52.416 0.0    0.003 0.0 
  52.446 0.0    0.003 0.0 
  52.476 0.0    0.003 0.0 
  52.506 0.0    0.003 0.0 
  52.537 0.0    0.003 0.0 
  52.567 0.0    0.003 0.0 
  52.597 0.0    0.003 0.0 
  52.627 0.0    0.003 0.0 
  52.657 0.0    0.003 0.0 
  52.688 0.0    0.003 0.0 
  52.718 0.0    0.003 0.0 
  52.749 0.0    0.003 0.0 
  52.779 0.0    0.003 0.0 
  52.810 0.0    0.003 0.0 
  52.844 0.0    0.003 0.0 
  52.870 0.0    0.003 0.0 
  52.900 0.0    0.003 0.0 
  52.930 0.0    0.003 0.0 
  52.960 0.0    0.003 0.0 
  52.990 0.0    0.003 0.0 
  53.021 0.0    0.003 0.0 
  53.051 0.0    0.003 0.0 
  53.082 0.0    0.003 0.0 
  53.112 0.0    0.003 0.0 
  53.142 0.0    0.003 0.0 
  53.172 0.0    0.003 0.0 
  53.203 0.0    0.003 0.0 
  53.233 0.0    0.002 0.0 
  53.263 0.0    0.002 0.0 
  53.294 0.0    0.001 0.0 
  53.324 0.0    0.001 0.0 
  53.354 0.0    0.001 0.0 
  53.384 0.0    0.000 0.0 
  53.414 0.0    0.000 0.0 
  53.445 0.0   -0.000 0.0 
  53.475 0.0   -0.001 0.0 
  53.505 0.0   -0.001 0.0 
  53.535 0.0   -0.001 0.0 
  53.567 0.0   -0.001 0.0 
  53.596 0.0   -0.001 0.0 
  53.627 0.0   -0.001 0.0 
  53.657 0.0   -0.002 0.0 
  53.687 0.0   -0.002 0.0 
  53.717 0.0   -0.002 0.0 
  53.747 0.0   -0.002 0.0 
  53.777 0.0   -0.002 0.0 
  53.808 0.0   -0.002 0.0 
  53.838 0.0   -0.002 0.0 
  53.868 0.0   -0.003 0.0 
  53.899 0.0   -0.003 0.0 
  53.929 0.0   -0.003 0.0 
  53.961 0.0   -0.003 0.0 
  53.990 0.0   -0.003 0.0 
  54.020 0.0   -0.003 0.0 
  54.050 0.0   -0.004 0.0 
  54.080 0.0   -0.004 0.0 
  54.111 0.0   -0.004 0.0 
  54.141 0.0   -0.004 0.0 
  54.171 0.0   -0.004 0.0 
  54.201 0.0   -0.004 0.0 
  54.231 0.0   -0.004 0.0 
  54.262 0.0   -0.004 0.0 
  54.293 0.0   -0.004 0.0 
  54.322 0.0   -0.004 0.0 
  54.353 0.0   -0.004 0.0 
  54.383 0.0   -0.004 0.0 
  54.413 0.0   -0.004 0.0 
  54.443 0.0   -0.004 0.0 
  54.473 0.0   -0.004 0.0 
  54.504 0.0   -0.004 0.0 
  54.534 0.0   -0.004 0.0 
  54.564 0.0   -0.004 0.0 
  54.594 0.0   -0.004 0.0 
  54.625 0.0   -0.004 0.0 
  54.655 0.0   -0.004 0.0 
  54.686 0.0   -0.004 0.0 
  54.716 0.0   -0.004 0.0 
  54.745 0.0   -0.004 0.0 
  54.777 0.0   -0.004 0.0 
  54.806 0.0   -0.004 0.0 
  54.836 0.0   -0.004 0.0 
  54.867 0.0   -0.004 0.0 
  54.897 0.0   -0.003 0.0 
  54.926 0.0   -0.003 0.0 
  54.957 0.0   -0.003 0.0 
  54.987 0.0   -0.003 0.0 
  55.017 0.0   -0.002 0.0 
  55.048 0.0   -0.002 0.0 
  55.079 0.0   -0.001 0.0 
  55.109 0.0   -0.001 0.0 
  55.139 0.0   -0.001 0.0 
  55.169 0.0   -0.001 0.0 
  55.199 0.0   -0.000 0.0 
  55.229 0.0   -0.000 0.0 
  55.259 0.0    0.000 0.0 
  55.290 0.0    0.000 0.0 
  55.321 0.0    0.000 0.0 
  55.351 0.0    0.001 0.0 
  55.381 0.0    0.001 0.0 
  55.411 0.0    0.001 0.0 
  55.441 0.0    0.001 0.0 
  55.472 0.0    0.001 0.0 
  55.502 0.0    0.002 0.0 
  55.532 0.0    0.002 0.0 
  55.562 0.0    0.002 0.0 
  55.593 0.0    0.002 0.0 
  55.623 0.0    0.002 0.0 
  55.653 0.0    0.002 0.0 
  55.683 0.0    0.003 0.0 
  55.714 0.0    0.003 0.0 
  55.744 0.0    0.003 0.0 
  55.774 0.0    0.003 0.0 
  55.804 0.0    0.003 0.0 
  55.835 0.0    0.003 0.0 
  55.864 0.0    0.003 0.0 
  55.895 0.0    0.003 0.0 
  55.925 0.0    0.003 0.0 
  55.956 0.0    0.003 0.0 
  55.986 0.0    0.003 0.0 
  56.016 0.0    0.003 0.0 
  56.046 0.0    0.003 0.0 
  56.077 0.0    0.003 0.0 
  56.107 0.0    0.003 0.0 
  56.139 0.0    0.003 0.0 
  56.168 0.0    0.003 0.0 
  56.198 0.0    0.003 0.0 
  56.228 0.0    0.003 0.0 
  56.258 0.0    0.003 0.0 
  56.288 0.0    0.003 0.0 
  56.319 0.0    0.003 0.0 
  56.349 0.0    0.003 0.0 
  56.379 0.0    0.003 0.0 
  56.410 0.0    0.003 0.0 
  56.440 0.0    0.003 0.0 
  56.470 0.0    0.003 0.0 
  56.501 0.0    0.003 0.0 
  56.531 0.0    0.003 0.0 
  56.561 0.0    0.003 0.0 
  56.591 0.0    0.003 0.0 
  56.622 0.0    0.003 0.0 
  56.652 0.0    0.003 0.0 
  56.682 0.0    0.003 0.0 
  56.713 0.0    0.003 0.0 
  56.743 0.0    0.002 0.0 
  56.773 0.0    0.002 0.0 
  56.803 0.0    0.002 0.0 
  56.834 0.0    0.002 0.0 
  56.864 0.0    0.002 0.0 
  56.894 0.0    0.002 0.0 
  56.925 0.0    0.002 0.0 
  56.955 0.0    0.001 0.0 
  56.984 0.0    0.001 0.0 
  57.015 0.0    0.001 0.0 
  57.045 0.0    0.001 0.0 
  57.075 0.0    0.001 0.0 
  57.105 0.0    0.000 0.0 
  57.136 0.0    0.000 0.0 
  57.166 0.0   -0.000 0.0 
  57.196 0.0   -0.000 0.0 
  57.227 0.0   -0.001 0.0 
  57.257 0.0   -0.001 0.0 
  57.288 0.0   -0.001 0.0 
  57.317 0.0   -0.001 0.0 
  57.347 0.0   -0.001 0.0 
  57.377 0.0   -0.001 0.0 
  57.408 0.0   -0.002 0.0 
  57.438 0.0   -0.002 0.0 
  57.468 0.0   -0.002 0.0 
  57.499 0.0   -0.002 0.0 
  57.529 0.0   -0.002 0.0 
  57.560 0.0   -0.002 0.0 
  57.595 0.0   -0.002 0.0 
  57.620 0.0   -0.002 0.0 
  57.655 0.0   -0.002 0.0 
  57.681 0.0   -0.003 0.0 
  57.710 0.0   -0.003 0.0 
  57.741 0.0   -0.003 0.0 
  57.772 0.0   -0.003 0.0 
  57.801 0.0   -0.003 0.0 
  57.831 0.0   -0.003 0.0 
  57.862 0.0   -0.004 0.0 
  57.892 0.0   -0.004 0.0 
  57.923 0.0   -0.004 0.0 
  57.953 0.0   -0.004 0.0 
  57.983 0.0   -0.004 0.0 
  58.013 0.0   -0.004 0.0 
  58.043 0.0   -0.004 0.0 
  58.078 0.0   -0.004 0.0 
  58.108 0.0   -0.004 0.0 
  58.135 0.0   -0.004 0.0 
  58.169 0.0   -0.004 0.0 
  58.196 0.0   -0.004 0.0 
  58.225 0.0   -0.004 0.0 
  58.256 0.0   -0.004 0.0 
  58.285 0.0   -0.004 0.0 
  58.315 0.0   -0.003 0.0 
  58.346 0.0   -0.003 0.0 
  58.376 0.0   -0.003 0.0 
  58.406 0.0   -0.003 0.0 
  58.438 0.0   -0.003 0.0 
  58.467 0.0   -0.003 0.0 
  58.498 0.0   -0.003 0.0 
  58.527 0.0   -0.002 0.0 
  58.557 0.0   -0.002 0.0 
  58.588 0.0   -0.002 0.0 
  58.618 0.0   -0.002 0.0 
  58.649 0.0   -0.002 0.0 
  58.679 0.0   -0.002 0.0 
  58.709 0.0   -0.001 0.0 
  58.739 0.0   -0.001 0.0 
  58.770 0.0   -0.001 0.0 
  58.800 0.0   -0.001 0.0 
  58.831 0.0   -0.001 0.0 
  58.861 0.0   -0.001 0.0 
  58.891 0.0   -0.001 0.0 
  58.921 0.0   -0.000 0.0 
  58.951 0.0   -0.000 0.0 
  58.982 0.0   -0.000 0.0 
  59.013 0.0   -0.000 0.0 
  59.042 0.0   -0.000 0.0 
  59.073 0.0    0.000 0.0 
  59.103 0.0    0.000 0.0 
  59.133 0.0    0.001 0.0 
  59.163 0.0    0.001 0.0 
  59.194 0.0    0.001 0.0 
  59.224 0.0    0.001 0.0 
  59.254 0.0    0.001 0.0 
  59.284 0.0    0.002 0.0 
  59.315 0.0    0.002 0.0 
  59.345 0.0    0.002 0.0 
  59.374 0.0    0.002 0.0 
  59.406 0.0    0.002 0.0 
  59.435 0.0    0.002 0.0 
  59.466 0.0    0.002 0.0 
  59.496 0.0    0.003 0.0 
  59.526 0.0    0.003 0.0 
  59.556 0.0    0.003 0.0 
  59.588 0.0    0.003 0.0 
  59.617 0.0    0.003 0.0 
  59.647 0.0    0.003 0.0 
  59.678 0.0    0.003 0.0 
  59.707 0.0    0.003 0.0 
  59.738 0.0    0.003 0.0 
  59.768 0.0    0.003 0.0 
  59.799 0.0    0.003 0.0 
  59.830 0.0    0.003 0.0 
  59.859 0.0    0.003 0.0 
  59.889 0.0    0.003 0.0 
  59.919 0.0    0.003 0.0 
  59.950 0.0    0.003 0.0 
  59.980 0.0    0.003 0.0 
  60.012 0.0    0.003 0.0 
  60.043 0.0    0.003 0.0 
  60.072 0.0    0.003 0.0 
  60.102 0.0    0.003 0.0 
  60.131 0.0    0.003 0.0 
  60.161 0.0    0.003 0.0 
  60.192 0.0    0.003 0.0 
  60.223 0.0    0.002 0.0 
  60.252 0.0    0.002 0.0 
  60.283 0.0    0.002 0.0 
  60.313 0.0    0.002 0.0 
  60.343 0.0    0.002 0.0 
  60.374 0.0    0.002 0.0 
  60.406 0.0    0.002 0.0 
  60.435 0.0    0.002 0.0 
  60.465 0.0    0.002 0.0 
  60.495 0.0    0.002 0.0 
  60.525 0.0    0.001 0.0 
  60.555 0.0    0.001 0.0 
  60.586 0.0    0.001 0.0 
  60.617 0.0    0.001 0.0 
  60.647 0.0    0.001 0.0 
  60.677 0.0    0.000 0.0 
  60.707 0.0    0.000 0.0 
  60.738 0.0    0.000 0.0 
  60.767 0.0   -0.000 0.0 
  60.798 0.0   -0.000 0.0 
  60.828 0.0   -0.000 0.0 
  60.858 0.0   -0.000 0.0 
  60.888 0.0   -0.000 0.0 
  60.919 0.0   -0.000 0.0 
  60.950 0.0   -0.000 0.0 
  60.981 0.0   -0.001 0.0 
  61.010 0.0   -0.001 0.0 
  61.040 0.0   -0.001 0.0 
  61.070 0.0   -0.001 0.0 
  61.100 0.0   -0.001 0.0 
  61.131 0.0   -0.001 0.0 
  61.161 0.0   -0.001 0.0 
  61.191 0.0   -0.002 0.0 
  61.221 0.0   -0.002 0.0 
  61.252 0.0   -0.002 0.0 
  61.283 0.0   -0.002 0.0 
  61.313 0.0   -0.002 0.0 
  61.342 0.0   -0.002 0.0 
  61.373 0.0   -0.002 0.0 
  61.403 0.0   -0.002 0.0 
  61.433 0.0   -0.002 0.0 
  61.463 0.0   -0.003 0.0 
  61.494 0.0   -0.003 0.0 
  61.524 0.0   -0.003 0.0 
  61.554 0.0   -0.003 0.0 
  61.584 0.0   -0.003 0.0 
  61.616 0.0   -0.003 0.0 
  61.645 0.0   -0.003 0.0 
  61.676 0.0   -0.003 0.0 
  61.705 0.0   -0.003 0.0 
  61.736 0.0   -0.003 0.0 
  61.766 0.0   -0.003 0.0 
  61.797 0.0   -0.003 0.0 
  61.827 0.0   -0.003 0.0 
  61.858 0.0   -0.003 0.0 
  61.887 0.0   -0.003 0.0 
  61.918 0.0   -0.003 0.0 
  61.948 0.0   -0.003 0.0 
  61.978 0.0   -0.003 0.0 
  62.008 0.0   -0.003 0.0 
  62.039 0.0   -0.002 0.0 
  62.070 0.0   -0.002 0.0 
  62.100 0.0   -0.002 0.0 
  62.129 0.0   -0.002 0.0 
  62.159 0.0   -0.002 0.0 
  62.190 0.0   -0.002 0.0 
  62.220 0.0   -0.002 0.0 
  62.250 0.0   -0.002 0.0 
  62.281 0.0   -0.002 0.0 
  62.311 0.0   -0.002 0.0 
  62.341 0.0   -0.001 0.0 
  62.372 0.0   -0.001 0.0 
  62.402 0.0   -0.001 0.0 
  62.432 0.0   -0.001 0.0 
  62.462 0.0   -0.001 0.0 
  62.492 0.0   -0.001 0.0 
  62.522 0.0   -0.001 0.0 
  62.553 0.0   -0.000 0.0 
  62.583 0.0   -0.000 0.0 
  62.613 0.0   -0.000 0.0 
  62.643 0.0   -0.000 0.0 
  62.674 0.0   -0.000 0.0 
  62.703 0.0   -0.000 0.0 
  62.734 0.0   -0.000 0.0 
  62.765 0.0    0.000 0.0 
  62.795 0.0    0.000 0.0 
  62.826 0.0    0.000 0.0 
  62.856 0.0    0.001 0.0 
  62.887 0.0    0.001 0.0 
  62.921 0.0    0.001 0.0 
  62.946 0.0    0.001 0.0 
  62.977 0.0    0.001 0.0 
  63.007 0.0    0.002 0.0 
  63.037 0.0    0.002 0.0 
  63.067 0.0    0.002 0.0 
  63.097 0.0    0.002 0.0 
  63.128 0.0    0.002 0.0 
  63.159 0.0    0.002 0.0 
  63.189 0.0    0.002 0.0 
  63.219 0.0    0.002 0.0 
  63.249 0.0    0.002 0.0 
  63.279 0.0    0.003 0.0 
  63.309 0.0    0.003 0.0 
  63.340 0.0    0.003 0.0 
  63.369 0.0    0.003 0.0 
  63.400 0.0    0.003 0.0 
  63.430 0.0    0.003 0.0 
  63.461 0.0    0.003 0.0 
  63.491 0.0    0.003 0.0 
  63.521 0.0    0.003 0.0 
  63.551 0.0    0.003 0.0 
  63.582 0.0    0.003 0.0 
  63.612 0.0    0.003 0.0 
  63.642 0.0    0.003 0.0 
  63.672 0.0    0.003 0.0 
  63.703 0.0    0.003 0.0 
  63.734 0.0    0.003 0.0 
  63.764 0.0    0.002 0.0 
  63.796 0.0    0.002 0.0 
  63.825 0.0    0.002 0.0 
  63.854 0.0    0.002 0.0 
  63.886 0.0    0.002 0.0 
  63.915 0.0    0.002 0.0 
  63.945 0.0    0.002 0.0 
  63.975 0.0    0.002 0.0 
  64.005 0.0    0.001 0.0 
  64.036 0.0    0.001 0.0 
  64.066 0.0    0.001 0.0 
  64.097 0.0    0.001 0.0 
  64.128 0.0    0.001 0.0 
  64.156 0.0    0.000 0.0 
  64.187 0.0    0.000 0.0 
  64.217 0.0    0.000 0.0 
  64.247 0.0    0.000 0.0 
  64.277 0.0   -0.000 0.0 
  64.308 0.0   -0.000 0.0 
  64.339 0.0   -0.000 0.0 
  64.368 0.0   -0.000 0.0 
  64.399 0.0   -0.000 0.0 
  64.429 0.0   -0.000 0.0 
  64.459 0.0   -0.000 0.0 
  64.489 0.0   -0.000 0.0 
  64.519 0.0   -0.000 0.0 
  64.549 0.0   -0.001 0.0 
  64.580 0.0   -0.001 0.0 
  64.610 0.0   -0.001 0.0 
  64.640 0.0   -0.001 0.0 
  64.670 0.0   -0.001 0.0 
  64.700 0.0   -0.001 0.0 
  64.731 0.0   -0.001 0.0 
  64.762 0.0   -0.002 0.0 
  64.791 0.0   -0.002 0.0 
  64.822 0.0   -0.002 0.0 
  64.852 0.0   -0.002 0.0 
  64.882 0.0   -0.002 0.0 
  64.912 0.0   -0.002 0.0 
  64.942 0.0   -0.002 0.0 
  64.974 0.0   -0.002 0.0 
  65.005 0.0   -0.002 0.0 
  65.038 0.0   -0.002 0.0 
  65.064 0.0   -0.002 0.0 
  65.094 0.0   -0.002 0.0 
  65.125 0.0   -0.002 0.0 
  65.156 0.0   -0.002 0.0 
  65.186 0.0   -0.002 0.0 
  65.216 0.0   -0.002 0.0 
  65.246 0.0   -0.002 0.0 
  65.276 0.0   -0.002 0.0 
  65.306 0.0   -0.002 0.0 
  65.336 0.0   -0.002 0.0 
  65.367 0.0   -0.002 0.0 
  65.397 0.0   -0.002 0.0 
  65.428 0.0   -0.002 0.0 
  65.457 0.0   -0.002 0.0 
  65.489 0.0   -0.002 0.0 
  65.519 0.0   -0.002 0.0 
  65.549 0.0   -0.002 0.0 
  65.578 0.0   -0.002 0.0 
  65.610 0.0   -0.002 0.0 
  65.639 0.0   -0.002 0.0 
  65.670 0.0   -0.002 0.0 
  65.700 0.0   -0.001 0.0 
  65.730 0.0   -0.001 0.0 
  65.760 0.0   -0.001 0.0 
  65.790 0.0   -0.001 0.0 
  65.821 0.0   -0.001 0.0 
  65.851 0.0   -0.001 0.0 
  65.882 0.0   -0.001 0.0 
  65.912 0.0   -0.000 0.0 
  65.942 0.0   -0.000 0.0 
  65.973 0.0   -0.000 0.0 
  66.003 0.0   -0.000 0.0 
  66.033 0.0   -0.000 0.0 
  66.064 0.0   -0.000 0.0 
  66.093 0.0    0.000 0.0 
  66.124 0.0    0.000 0.0 
  66.155 0.0    0.000 0.0 
  66.184 0.0    0.001 0.0 
  66.215 0.0    0.001 0.0 
  66.245 0.0    0.001 0.0 
  66.279 0.0    0.001 0.0 
  66.305 0.0    0.001 0.0 
  66.336 0.0    0.001 0.0 
  66.370 0.0    0.002 0.0 
  66.401 0.0    0.002 0.0 
  66.427 0.0    0.002 0.0 
  66.461 0.0    0.002 0.0 
  66.486 0.0    0.002 0.0 
  66.517 0.0    0.002 0.0 
  66.547 0.0    0.002 0.0 
  66.577 0.0    0.002 0.0 
  66.607 0.0    0.002 0.0 
  66.638 0.0    0.002 0.0 
  66.668 0.0    0.002 0.0 
  66.699 0.0    0.002 0.0 
  66.728 0.0    0.002 0.0 
  66.760 0.0    0.002 0.0 
  66.790 0.0    0.002 0.0 
  66.819 0.0    0.002 0.0 
  66.849 0.0    0.002 0.0 
  66.879 0.0    0.002 0.0 
  66.910 0.0    0.002 0.0 
  66.941 0.0    0.002 0.0 
  66.970 0.0    0.002 0.0 
  67.000 0.0    0.002 0.0 
  67.031 0.0    0.002 0.0 
  67.061 0.0    0.002 0.0 
  67.093 0.0    0.002 0.0 
  67.122 0.0    0.002 0.0 
  67.152 0.0    0.002 0.0 
  67.182 0.0    0.002 0.0 
  67.213 0.0    0.002 0.0 
  67.243 0.0    0.002 0.0 
  67.274 0.0    0.002 0.0 
  67.304 0.0    0.001 0.0 
  67.334 0.0    0.001 0.0 
  67.364 0.0    0.001 0.0 
  67.394 0.0    0.001 0.0 
  67.424 0.0    0.001 0.0 
  67.454 0.0    0.001 0.0 
  67.484 0.0    0.000 0.0 
  67.515 0.0    0.000 0.0 
  67.546 0.0    0.000 0.0 
  67.576 0.0    0.000 0.0 
  67.605 0.0    0.000 0.0 
  67.636 0.0   -0.000 0.0 
  67.668 0.0   -0.000 0.0 
  67.696 0.0   -0.000 0.0 
  67.727 0.0   -0.000 0.0 
  67.756 0.0   -0.000 0.0 
  67.787 0.0   -0.000 0.0 
  67.817 0.0   -0.000 0.0 
  67.848 0.0   -0.000 0.0 
  67.878 0.0   -0.000 0.0 
  67.908 0.0   -0.000 0.0 
  67.938 0.0   -0.000 0.0 
  67.969 0.0   -0.000 0.0 
  68.000 0.0   -0.000 0.0 
  68.029 0.0   -0.000 0.0 
  68.060 0.0   -0.000 0.0 
  68.089 0.0   -0.000 0.0 
  68.120 0.0   -0.000 0.0 
  68.150 0.0   -0.000 0.0 
  68.180 0.0   -0.000 0.0 
  68.215 0.0   -0.000 0.0 
  68.241 0.0   -0.001 0.0 
  68.271 0.0   -0.001 0.0 
  68.301 0.0   -0.001 0.0 
  68.332 0.0   -0.001 0.0 
  68.363 0.0   -0.001 0.0 
  68.392 0.0   -0.001 0.0 
  68.422 0.0   -0.001 0.0 
  68.452 0.0   -0.001 0.0 
  68.483 0.0   -0.002 0.0 
  68.513 0.0   -0.002 0.0 
  68.545 0.0   -0.002 0.0 
  68.573 0.0   -0.002 0.0 
  68.604 0.0   -0.002 0.0 
  68.634 0.0   -0.002 0.0 
  68.664 0.0   -0.002 0.0 
  68.695 0.0   -0.002 0.0 
  68.726 0.0   -0.002 0.0 
  68.755 0.0   -0.002 0.0 
  68.786 0.0   -0.002 0.0 
  68.816 0.0   -0.002 0.0 
  68.903 0.0   -0.002 0.0 
  68.932 0.0   -0.002 0.0 
  68.951 0.0   -0.002 0.0 
  68.978 0.0   -0.002 0.0 
  69.010 0.0   -0.002 0.0 
  69.039 0.0   -0.002 0.0 
  69.071 0.0   -0.002 0.0 
  69.103 0.0   -0.002 0.0 
  69.135 0.0   -0.002 0.0 
  69.167 0.0   -0.002 0.0 
  69.196 0.0   -0.001 0.0 
  69.226 0.0   -0.001 0.0 
  69.256 0.0   -0.001 0.0 
  69.286 0.0   -0.001 0.0 
  69.316 0.0   -0.001 0.0 
  69.346 0.0   -0.001 0.0 
  69.377 0.0   -0.001 0.0 
  69.407 0.0   -0.001 0.0 
  69.437 0.0   -0.001 0.0 
  69.468 0.0   -0.000 0.0 
  69.498 0.0   -0.000 0.0 
  69.528 0.0   -0.000 0.0 
  69.559 0.0   -0.000 0.0 
  69.589 0.0   -0.000 0.0 
  69.619 0.0   -0.000 0.0 
  69.650 0.0   -0.000 0.0 
  69.679 0.0   -0.000 0.0 
  69.710 0.0   -0.000 0.0 
  69.740 0.0   -0.000 0.0 
  69.770 0.0   -0.000 0.0 
  69.801 0.0   -0.000 0.0 
  69.833 0.0   -0.000 0.0 
  69.862 0.0   -0.000 0.0 
  69.892 0.0   -0.000 0.0 
  69.922 0.0   -0.000 0.0 
  69.952 0.0    0.000 0.0 
  69.982 0.0    0.000 0.0 
  70.013 0.0    0.000 0.0 
  70.043 0.0    0.000 0.0 
  70.074 0.0    0.000 0.0 
  70.104 0.0    0.001 0.0 
  70.133 0.0    0.001 0.0 
  70.164 0.0    0.001 0.0 
  70.199 0.0    0.001 0.0 
  70.225 0.0    0.001 0.0 
  70.255 0.0    0.001 0.0 
  70.290 0.0    0.001 0.0 
  70.320 0.0    0.002 0.0 
  70.350 0.0    0.002 0.0 
  70.376 0.0    0.002 0.0 
  70.406 0.0    0.002 0.0 
  70.436 0.0    0.002 0.0 
  70.467 0.0    0.002 0.0 
  70.497 0.0    0.002 0.0 
  70.532 0.0    0.002 0.0 
  70.557 0.0    0.002 0.0 
  70.587 0.0    0.002 0.0 
  70.617 0.0    0.002 0.0 
  70.649 0.0    0.002 0.0 
  70.679 0.0    0.002 0.0 
  70.709 0.0    0.002 0.0 
  70.739 0.0    0.002 0.0 
  70.770 0.0    0.002 0.0 
  70.800 0.0    0.002 0.0 
  70.830 0.0    0.002 0.0 
  70.860 0.0    0.002 0.0 
  70.890 0.0    0.002 0.0 
  70.920 0.0    0.002 0.0 
  70.950 0.0    0.002 0.0 
  70.980 0.0    0.002 0.0 
  71.011 0.0    0.002 0.0 
  71.043 0.0    0.002 0.0 
  71.072 0.0    0.002 0.0 
  71.102 0.0    0.002 0.0 
  71.132 0.0    0.002 0.0 
  71.162 0.0    0.001 0.0 
  71.192 0.0    0.001 0.0 
  71.224 0.0    0.001 0.0 
  71.253 0.0    0.001 0.0 
  71.283 0.0    0.001 0.0 
  71.313 0.0    0.001 0.0 
  71.343 0.0    0.000 0.0 
  71.373 0.0    0.000 0.0 
  71.404 0.0    0.000 0.0 
  71.435 0.0    0.000 0.0 
  71.465 0.0   -0.000 0.0 
  71.495 0.0   -0.000 0.0 
  71.525 0.0   -0.000 0.0 
  71.555 0.0   -0.000 0.0 
  71.585 0.0   -0.000 0.0 
  71.617 0.0   -0.000 0.0 
  71.647 0.0   -0.000 0.0 
  71.676 0.0   -0.000 0.0 
  71.706 0.0   -0.000 0.0 
  71.737 0.0   -0.000 0.0 
  71.767 0.0   -0.000 0.0 
  71.797 0.0   -0.000 0.0 
  71.829 0.0   -0.000 0.0 
  71.858 0.0   -0.001 0.0 
  71.888 0.0   -0.001 0.0 
  71.918 0.0   -0.001 0.0 
  71.949 0.0   -0.001 0.0 
  71.979 0.0   -0.001 0.0 
  72.009 0.0   -0.001 0.0 
  72.042 0.0   -0.001 0.0 
  72.070 0.0   -0.002 0.0 
  72.100 0.0   -0.002 0.0 
  72.130 0.0   -0.002 0.0 
  72.160 0.0   -0.002 0.0 
  72.191 0.0   -0.002 0.0 
  72.221 0.0   -0.002 0.0 
  72.251 0.0   -0.002 0.0 
  72.282 0.0   -0.002 0.0 
  72.312 0.0   -0.002 0.0 
  72.342 0.0   -0.002 0.0 
  72.373 0.0   -0.002 0.0 
  72.403 0.0   -0.002 0.0 
  72.433 0.0   -0.002 0.0 
  72.463 0.0   -0.002 0.0 
  72.493 0.0   -0.002 0.0 
  72.525 0.0   -0.002 0.0 
  72.554 0.0   -0.002 0.0 
  72.585 0.0   -0.002 0.0 
  72.615 0.0   -0.002 0.0 
  72.644 0.0   -0.002 0.0 
  72.675 0.0   -0.002 0.0 
  72.706 0.0   -0.002 0.0 
  72.736 0.0   -0.002 0.0 
  72.766 0.0   -0.002 0.0 
  72.796 0.0   -0.001 0.0 
  72.826 0.0   -0.001 0.0 
  72.856 0.0   -0.001 0.0 
  72.886 0.0   -0.001 0.0 
  72.918 0.0   -0.001 0.0 
  72.952 0.0   -0.001 0.0 
  72.981 0.0   -0.001 0.0 
  73.008 0.0   -0.001 0.0 
  73.038 0.0   -0.001 0.0 
  73.069 0.0   -0.000 0.0 
  73.099 0.0   -0.000 0.0 
  73.130 0.0   -0.000 0.0 
  73.160 0.0   -0.000 0.0 
  73.190 0.0   -0.000 0.0 
  73.221 0.0   -0.000 0.0 
  73.251 0.0   -0.000 0.0 
  73.280 0.0   -0.000 0.0 
  73.311 0.0   -0.000 0.0 
  73.341 0.0   -0.000 0.0 
  73.371 0.0   -0.000 0.0 
  73.402 0.0   -0.000 0.0 
  73.433 0.0   -0.000 0.0 
  73.463 0.0   -0.000 0.0 
  73.493 0.0    0.000 0.0 
  73.523 0.0    0.000 0.0 
  73.554 0.0    0.000 0.0 
  73.584 0.0    0.000 0.0 
  73.618 0.0    0.001 0.0 
  73.644 0.0    0.001 0.0 
  73.675 0.0    0.001 0.0 
  73.710 0.0    0.001 0.0 
  73.734 0.0    0.001 0.0 
  73.765 0.0    0.001 0.0 
  73.795 0.0    0.001 0.0 
  73.826 0.0    0.002 0.0 
  73.855 0.0    0.002 0.0 
  73.885 0.0    0.002 0.0 
  73.917 0.0    0.002 0.0 
  73.947 0.0    0.002 0.0 
  73.981 0.0    0.002 0.0 
  74.011 0.0    0.002 0.0 
  74.037 0.0    0.002 0.0 
  74.067 0.0    0.002 0.0 
  74.097 0.0    0.002 0.0 
  74.128 0.0    0.002 0.0 
  74.158 0.0    0.002 0.0 
  74.188 0.0    0.002 0.0 
  74.219 0.0    0.002 0.0 
  74.253 0.0    0.002 0.0 
  74.284 0.0    0.002 0.0 
  74.313 0.0    0.002 0.0 
  74.344 0.0    0.002 0.0 
  74.370 0.0    0.002 0.0 
  74.400 0.0    0.001 0.0 
  74.430 0.0    0.001 0.0 
  74.465 0.0    0.001 0.0 
  74.491 0.0    0.001 0.0 
  74.522 0.0    0.001 0.0 
  74.555 0.0    0.001 0.0 
  74.581 0.0    0.001 0.0 
  74.612 0.0    0.000 0.0 
  74.642 0.0    0.000 0.0 
  74.672 0.0    0.000 0.0 
  74.703 0.0    0.000 0.0 
  74.737 0.0   -0.000 0.0 
  74.764 0.0   -0.000 0.0 
  74.793 0.0   -0.000 0.0 
  74.828 0.0   -0.000 0.0 
  74.853 0.0   -0.000 0.0 
  74.884 0.0   -0.000 0.0 
  74.915 0.0   -0.000 0.0 
  74.944 0.0   -0.000 0.0 
  74.974 0.0   -0.000 0.0 
  75.006 0.0   -0.000 0.0 
  75.035 0.0   -0.000 0.0 
  75.065 0.0   -0.000 0.0 
  75.096 0.0   -0.000 0.0 
  75.125 0.0   -0.000 0.0 
  75.156 0.0   -0.000 0.0 
  75.186 0.0   -0.000 0.0 
  75.217 0.0   -0.000 0.0 
  75.248 0.0   -0.000 0.0 
  75.277 0.0   -0.000 0.0 
  75.307 0.0   -0.000 0.0 
  75.337 0.0   -0.000 0.0 
  75.368 0.0   -0.000 0.0 
  75.398 0.0   -0.001 0.0 
  75.428 0.0   -0.001 0.0 
  75.459 0.0   -0.001 0.0 
  75.490 0.0   -0.001 0.0 
  75.519 0.0   -0.001 0.0 
  75.549 0.0   -0.001 0.0 
  75.580 0.0   -0.001 0.0 
  75.611 0.0   -0.001 0.0 
  75.641 0.0   -0.001 0.0 
  75.671 0.0   -0.001 0.0 
  75.702 0.0   -0.001 0.0 
  75.731 0.0   -0.001 0.0 
  75.763 0.0   -0.001 0.0 
  75.793 0.0   -0.002 0.0 
  75.823 0.0   -0.002 0.0 
  75.853 0.0   -0.002 0.0 
  75.883 0.0   -0.002 0.0 
  75.913 0.0   -0.002 0.0 
  75.943 0.0   -0.002 0.0 
  75.974 0.0   -0.002 0.0 
  76.004 0.0   -0.002 0.0 
  76.088 0.0   -0.002 0.0 
  76.118 0.0   -0.002 0.0 
  76.137 0.0   -0.001 0.0 
  76.164 0.0   -0.001 0.0 
  76.195 0.0   -0.001 0.0 
  76.224 0.0   -0.001 0.0 
  76.256 0.0   -0.001 0.0 
  76.288 0.0   -0.001 0.0 
  76.321 0.0   -0.001 0.0 
  76.351 0.0   -0.001 0.0 
  76.381 0.0   -0.000 0.0 
  76.412 0.0   -0.000 0.0 
  76.442 0.0   -0.000 0.0 
  76.472 0.0   -0.000 0.0 
  76.502 0.0   -0.000 0.0 
  76.533 0.0   -0.000 0.0 
  76.563 0.0   -0.000 0.0 
  76.593 0.0   -0.000 0.0 
  76.624 0.0   -0.000 0.0 
  76.654 0.0   -0.000 0.0 
  76.684 0.0   -0.000 0.0 
  76.715 0.0   -0.000 0.0 
  76.745 0.0   -0.000 0.0 
  76.775 0.0   -0.000 0.0 
  76.805 0.0   -0.000 0.0 
  76.835 0.0   -0.000 0.0 
  76.866 0.0   -0.000 0.0 
  76.896 0.0   -0.000 0.0 
  76.926 0.0   -0.000 0.0 
  76.958 0.0   -0.000 0.0 
  76.987 0.0   -0.000 0.0 
  77.016 0.0   -0.000 0.0 
  77.046 0.0   -0.000 0.0 
  77.077 0.0   -0.000 0.0 
  77.110 0.0   -0.000 0.0 
  77.139 0.0   -0.000 0.0 
  77.168 0.0   -0.000 0.0 
  77.198 0.0   -0.000 0.0 
  77.228 0.0   -0.000 0.0 
  77.259 0.0    0.000 0.0 
  77.289 0.0    0.000 0.0 
  77.320 0.0    0.000 0.0 
  77.350 0.0    0.000 0.0 
  77.380 0.0    0.000 0.0 
  77.410 0.0    0.000 0.0 
  77.440 0.0    0.000 0.0 
  77.471 0.0    0.000 0.0 
  77.503 0.0    0.000 0.0 
  77.531 0.0    0.000 0.0 
  77.562 0.0    0.000 0.0 
  77.591 0.0    0.000 0.0 
  77.621 0.0    0.000 0.0 
  77.653 0.0    0.000 0.0 
  77.682 0.0    0.000 0.0 
  77.713 0.0    0.000 0.0 
  77.743 0.0    0.000 0.0 
  77.773 0.0    0.000 0.0 
  77.803 0.0    0.000 0.0 
  77.835 0.0    0.000 0.0 
  77.864 0.0    0.000 0.0 
  77.894 0.0    0.000 0.0 
  77.925 0.0    0.000 0.0 
  77.955 0.0    0.000 0.0 
  77.985 0.0    0.000 0.0 
  78.015 0.0    0.000 0.0 
  78.045 0.0    0.000 0.0 
  78.076 0.0    0.000 0.0 
  78.106 0.0   -0.000 0.0 
  78.137 0.0   -0.000 0.0 
  78.167 0.0   -0.000 0.0 
  78.197 0.0   -0.000 0.0 
  78.227 0.0   -0.000 0.0 
  78.257 0.0   -0.000 0.0 
  78.289 0.0   -0.000 0.0 
  78.318 0.0   -0.000 0.0 
  78.349 0.0   -0.000 0.0 
  78.379 0.0   -0.000 0.0 
  78.408 0.0   -0.000 0.0 
  78.439 0.0   -0.000 0.0 
  78.469 0.0   -0.000 0.0 
  78.500 0.0   -0.000 0.0 
  78.530 0.0   -0.000 0.0 
  78.560 0.0   -0.000 0.0 
  78.591 0.0   -0.000 0.0 
  78.621 0.0   -0.000 0.0 
  78.651 0.0   -0.000 0.0 
  78.681 0.0   -0.000 0.0 
  78.711 0.0   -0.000 0.0 
  78.741 0.0   -0.000 0.0 
  78.771 0.0   -0.000 0.0 
  78.802 0.0   -0.000 0.0 
  78.834 0.0   -0.000 0.0 
  78.862 0.0   -0.000 0.0 
  78.892 0.0   -0.000 0.0 
  78.923 0.0   -0.000 0.0 
  78.954 0.0   -0.000 0.0 
  78.984 0.0   -0.000 0.0 
  79.014 0.0   -0.000 0.0 
  79.044 0.0   -0.000 0.0 
  79.074 0.0   -0.000 0.0 
  79.106 0.0   -0.000 0.0 
  79.135 0.0   -0.000 0.0 
  79.165 0.0   -0.000 0.0 
  79.195 0.0   -0.000 0.0 
  79.226 0.0   -0.000 0.0 
  79.257 0.0   -0.000 0.0 
  79.287 0.0   -0.000 0.0 
  79.316 0.0   -0.000 0.0 
  79.347 0.0   -0.000 0.0 
  79.378 0.0   -0.000 0.0 
  79.407 0.0   -0.000 0.0 
  79.438 0.0   -0.000 0.0 
  79.468 0.0   -0.001 0.0 
  79.497 0.0   -0.001 0.0 
  79.528 0.0   -0.001 0.0 
  79.558 0.0   -0.001 0.0 
  79.590 0.0   -0.001 0.0 
  79.620 0.0   -0.001 0.0 
  79.649 0.0   -0.000 0.0 
  79.679 0.0   -0.000 0.0 
  79.709 0.0   -0.000 0.0 
  79.742 0.0   -0.000 0.0 
  79.770 0.0   -0.000 0.0 
  79.800 0.0   -0.000 0.0 
  79.831 0.0   -0.000 0.0 
  79.861 0.0   -0.000 0.0 
  79.891 0.0   -0.000 0.0 
  79.921 0.0   -0.000 0.0 
  79.952 0.0   -0.000 0.0 
  79.982 0.0   -0.000 0.0 
  80.012 0.0   -0.000 0.0 
  80.044 0.0   -0.000 0.0 
  80.073 0.0   -0.000 0.0 
  80.103 0.0   -0.000 0.0 
  80.134 0.0   -0.000 0.0 
  80.163 0.0   -0.000 0.0 
  80.194 0.0   -0.000 0.0 
  80.224 0.0   -0.000 0.0 
  80.254 0.0   -0.000 0.0 
  80.284 0.0   -0.000 0.0 
  80.315 0.0   -0.000 0.0 
  80.345 0.0   -0.000 0.0 
  80.375 0.0   -0.000 0.0 
  80.406 0.0   -0.000 0.0 
  80.436 0.0   -0.000 0.0 
  80.466 0.0   -0.000 0.0 
  80.496 0.0   -0.000 0.0 
  80.527 0.0   -0.000 0.0 
  80.556 0.0   -0.000 0.0 
  80.588 0.0   -0.000 0.0 
  80.617 0.0   -0.000 0.0 
  80.648 0.0   -0.000 0.0 
  80.677 0.0   -0.000 0.0 
  80.708 0.0    0.000 0.0 
  80.738 0.0    0.000 0.0 
  80.769 0.0    0.000 0.0 
  80.799 0.0    0.000 0.0 
  80.829 0.0    0.000 0.0 
  80.859 0.0    0.000 0.0 
  80.890 0.0    0.000 0.0 
  80.919 0.0    0.000 0.0 
  80.950 0.0    0.000 0.0 
  80.980 0.0    0.000 0.0 
  81.010 0.0    0.000 0.0 
  81.041 0.0    0.000 0.0 
  81.071 0.0    0.000 0.0 
  81.101 0.0    0.000 0.0 
  81.131 0.0    0.000 0.0 
  81.161 0.0    0.000 0.0 
  81.192 0.0    0.000 0.0 
  81.223 0.0    0.000 0.0 
  81.252 0.0    0.000 0.0 
  81.283 0.0    0.000 0.0 
  81.313 0.0    0.000 0.0 
  81.343 0.0    0.000 0.0 
  81.373 0.0    0.000 0.0 
  81.404 0.0    0.000 0.0 
  81.434 0.0    0.000 0.0 
  81.463 0.0    0.000 0.0 
  81.494 0.0    0.000 0.0 
  81.524 0.0    0.000 0.0 
  81.555 0.0    0.000 0.0 
  81.584 0.0   -0.000 0.0 
  81.615 0.0   -0.000 0.0 
  81.645 0.0   -0.000 0.0 
  81.676 0.0   -0.000 0.0 
  81.706 0.0   -0.000 0.0 
  81.736 0.0   -0.000 0.0 
  81.766 0.0   -0.000 0.0 
  81.796 0.0   -0.000 0.0 
  81.826 0.0   -0.000 0.0 
  81.858 0.0   -0.000 0.0 
  81.888 0.0   -0.000 0.0 
  81.917 0.0   -0.000 0.0 
  81.947 0.0   -0.000 0.0 
  81.978 0.0   -0.000 0.0 
  82.008 0.0   -0.000 0.0 
  82.039 0.0   -0.000 0.0 
  82.069 0.0   -0.000 0.0 
  82.099 0.0   -0.000 0.0 
  82.130 0.0   -0.000 0.0 
  82.159 0.0   -0.000 0.0 
  82.190 0.0   -0.000 0.0 
  82.219 0.0   -0.000 0.0 
  82.251 0.0   -0.000 0.0 
  82.281 0.0   -0.000 0.0 
  82.311 0.0   -0.000 0.0 
  82.341 0.0   -0.000 0.0 
  82.371 0.0   -0.000 0.0 
  82.402 0.0   -0.000 0.0 
  82.432 0.0   -0.000 0.0 
  82.462 0.0   -0.000 0.0 
  82.492 0.0   -0.000 0.0 
  82.523 0.0   -0.000 0.0 
  82.553 0.0   -0.000 0.0 
  82.584 0.0   -0.000 0.0 
  82.614 0.0   -0.000 0.0 
  82.643 0.0   -0.000 0.0 
  82.675 0.0   -0.000 0.0 
  82.704 0.0   -0.000 0.0 
  82.734 0.0   -0.000 0.0 
  82.765 0.0   -0.000 0.0 
  82.795 0.0   -0.000 0.0 
  82.825 0.0   -0.000 0.0 
  82.855 0.0   -0.000 0.0 
  82.886 0.0   -0.000 0.0 
  82.916 0.0   -0.000 0.0 
  82.946 0.0   -0.000 0.0 
  82.977 0.0   -0.000 0.0 
  83.007 0.0   -0.000 0.0 
  83.037 0.0   -0.000 0.0 
  83.067 0.0   -0.000 0.0 
  83.098 0.0   -0.000 0.0 
  83.128 0.0   -0.000 0.0 
  83.158 0.0   -0.000 0.0 
  83.189 0.0   -0.000 0.0 
  83.218 0.0   -0.000 0.0 
  83.248 0.0   -0.000 0.0 
  83.279 0.0   -0.000 0.0 
  83.310 0.0   -0.000 0.0 
  83.339 0.0   -0.000 0.0 
  83.369 0.0   -0.000 0.0 
  83.400 0.0   -0.000 0.0 
  83.430 0.0   -0.000 0.0 
  83.461 0.0   -0.000 0.0 
  83.491 0.0   -0.000 0.0 
  83.522 0.0   -0.000 0.0 
  83.552 0.0   -0.000 0.0 
  83.582 0.0   -0.000 0.0 
  83.612 0.0   -0.000 0.0 
  83.642 0.0   -0.000 0.0 
  83.673 0.0   -0.000 0.0 
  83.703 0.0   -0.000 0.0 
  83.733 0.0   -0.000 0.0 
  83.764 0.0   -0.000 0.0 
  83.794 0.0   -0.000 0.0 
