   0.000 0.0   -0.001 0.0 
   0.030 0.0   -0.002 0.0 
   0.059 0.0   -0.002 0.0 
   0.089 0.0   -0.002 0.0 
   0.120 0.0   -0.002 0.0 
   0.150 0.0   -0.002 0.0 
   0.178 0.0   -0.002 0.0 
   0.209 0.0   -0.003 0.0 
   0.240 0.0   -0.003 0.0 
   0.272 0.0   -0.003 0.0 
   0.306 0.0   -0.003 0.0 
   0.332 0.0   -0.003 0.0 
   0.362 0.0   -0.003 0.0 
   0.396 0.0   -0.004 0.0 
   0.426 0.0   -0.004 0.0 
   0.456 0.0   -0.004 0.0 
   0.486 0.0   -0.004 0.0 
   0.517 0.0   -0.005 0.0 
   0.546 0.0   -0.005 0.0 
   0.577 0.0   -0.005 0.0 
   0.607 0.0   -0.006 0.0 
   0.637 0.0   -0.006 0.0 
   0.666 0.0   -0.006 0.0 
   0.696 0.0   -0.007 0.0 
   0.727 0.0   -0.007 0.0 
   0.753 0.0   -0.007 0.0 
   0.836 0.0   -0.008 0.0 
   0.866 0.0   -0.008 0.0 
   0.883 0.0   -0.008 0.0 
   0.911 0.0   -0.009 0.0 
   0.941 0.0   -0.009 0.0 
   0.971 0.0   -0.010 0.0 
   1.005 0.0   -0.010 0.0 
   1.031 0.0   -0.010 0.0 
   1.131 0.0   -0.011 0.0 
   1.162 0.0   -0.011 0.0 
   1.182 0.0   -0.011 0.0 
   1.207 0.0   -0.012 0.0 
   1.237 0.0   -0.012 0.0 
   1.267 0.0   -0.012 0.0 
   1.297 0.0   -0.013 0.0 
   1.328 0.0   -0.013 0.0 
   1.357 0.0   -0.013 0.0 
   1.387 0.0   -0.013 0.0 
   1.419 0.0   -0.014 0.0 
   1.448 0.0   -0.014 0.0 
   1.481 0.0   -0.014 0.0 
   1.508 0.0   -0.014 0.0 
   1.539 0.0   -0.014 0.0 
   1.570 0.0   -0.014 0.0 
   1.602 0.0   -0.014 0.0 
   1.636 0.0   -0.014 0.0 
   1.661 0.0   -0.014 0.0 
   1.692 0.0   -0.014 0.0 
   1.721 0.0   -0.014 0.0 
   1.751 0.0   -0.014 0.0 
   1.785 0.0   -0.014 0.0 
   1.815 0.0   -0.014 0.0 
   1.842 0.0   -0.014 0.0 
   1.871 0.0   -0.014 0.0 
   1.902 0.0   -0.014 0.0 
   1.932 0.0   -0.014 0.0 
   1.962 0.0   -0.014 0.0 
   1.995 0.0   -0.014 0.0 
   2.020 0.0   -0.014 0.0 
   2.050 0.0   -0.014 0.0 
   2.084 0.0   -0.014 0.0 
   2.115 0.0   -0.013 0.0 
   2.143 0.0   -0.013 0.0 
   2.172 0.0   -0.013 0.0 
   2.202 0.0   -0.013 0.0 
   2.233 0.0   -0.012 0.0 
   2.263 0.0   -0.012 0.0 
   2.294 0.0   -0.012 0.0 
   2.385 0.0   -0.011 0.0 
   2.414 0.0   -0.011 0.0 
   2.435 0.0   -0.009 0.0 
   2.460 0.0   -0.008 0.0 
   2.490 0.0   -0.007 0.0 
   2.520 0.0   -0.006 0.0 
   2.550 0.0   -0.005 0.0 
   2.584 0.0   -0.003 0.0 
   2.612 0.0   -0.002 0.0 
   2.642 0.0   -0.001 0.0 
   2.673 0.0    0.001 0.0 
   2.703 0.0    0.002 0.0 
   2.731 0.0    0.003 0.0 
   2.761 0.0    0.003 0.0 
   2.791 0.0    0.004 0.0 
   2.824 0.0    0.005 0.0 
   2.855 0.0    0.005 0.0 
   2.887 0.0    0.006 0.0 
   2.914 0.0    0.006 0.0 
   2.944 0.0    0.007 0.0 
   2.976 0.0    0.007 0.0 
   3.005 0.0    0.008 0.0 
   3.035 0.0    0.009 0.0 
   3.064 0.0    0.010 0.0 
   3.093 0.0    0.010 0.0 
   3.127 0.0    0.011 0.0 
   3.155 0.0    0.011 0.0 
   3.184 0.0    0.012 0.0 
   3.214 0.0    0.012 0.0 
   3.245 0.0    0.013 0.0 
   3.277 0.0    0.013 0.0 
   3.306 0.0    0.013 0.0 
   3.337 0.0    0.013 0.0 
   3.366 0.0    0.013 0.0 
   3.395 0.0    0.013 0.0 
   3.424 0.0    0.014 0.0 
   3.456 0.0    0.014 0.0 
   3.487 0.0    0.014 0.0 
   3.517 0.0    0.014 0.0 
   3.547 0.0    0.014 0.0 
   3.577 0.0    0.014 0.0 
   3.609 0.0    0.014 0.0 
   3.639 0.0    0.014 0.0 
   3.670 0.0    0.014 0.0 
   3.699 0.0    0.014 0.0 
   3.729 0.0    0.014 0.0 
   3.758 0.0    0.014 0.0 
   3.787 0.0    0.014 0.0 
   3.817 0.0    0.014 0.0 
   3.847 0.0    0.013 0.0 
   3.880 0.0    0.013 0.0 
   3.909 0.0    0.013 0.0 
   3.939 0.0    0.013 0.0 
   3.967 0.0    0.012 0.0 
   3.999 0.0    0.012 0.0 
   4.030 0.0    0.011 0.0 
   4.061 0.0    0.011 0.0 
   4.091 0.0    0.010 0.0 
   4.117 0.0    0.010 0.0 
   4.149 0.0    0.009 0.0 
   4.178 0.0    0.009 0.0 
   4.208 0.0    0.008 0.0 
   4.238 0.0    0.008 0.0 
   4.268 0.0    0.007 0.0 
   4.299 0.0    0.006 0.0 
   4.328 0.0    0.005 0.0 
   4.358 0.0    0.003 0.0 
   4.390 0.0    0.002 0.0 
   4.419 0.0    0.001 0.0 
   4.450 0.0    0.000 0.0 
   4.478 0.0   -0.001 0.0 
   4.512 0.0   -0.002 0.0 
   4.540 0.0   -0.003 0.0 
   4.569 0.0   -0.004 0.0 
   4.600 0.0   -0.004 0.0 
   4.628 0.0   -0.005 0.0 
   4.660 0.0   -0.005 0.0 
   4.691 0.0   -0.006 0.0 
   4.724 0.0   -0.006 0.0 
   4.749 0.0   -0.007 0.0 
   4.779 0.0   -0.007 0.0 
   4.811 0.0   -0.007 0.0 
   4.840 0.0   -0.008 0.0 
   4.870 0.0   -0.008 0.0 
   4.899 0.0   -0.009 0.0 
   4.931 0.0   -0.010 0.0 
   4.962 0.0   -0.010 0.0 
   4.992 0.0   -0.011 0.0 
   5.019 0.0   -0.011 0.0 
   5.051 0.0   -0.012 0.0 
   5.081 0.0   -0.012 0.0 
   5.110 0.0   -0.013 0.0 
   5.142 0.0   -0.013 0.0 
   5.172 0.0   -0.013 0.0 
   5.202 0.0   -0.013 0.0 
   5.236 0.0   -0.013 0.0 
   5.264 0.0   -0.013 0.0 
   5.296 0.0   -0.013 0.0 
   5.392 0.0   -0.013 0.0 
   5.425 0.0   -0.013 0.0 
   5.442 0.0   -0.013 0.0 
   5.472 0.0   -0.013 0.0 
   5.502 0.0   -0.013 0.0 
   5.531 0.0   -0.013 0.0 
   5.562 0.0   -0.013 0.0 
   5.592 0.0   -0.013 0.0 
   5.697 0.0   -0.013 0.0 
   5.731 0.0   -0.013 0.0 
   5.749 0.0   -0.013 0.0 
   5.777 0.0   -0.012 0.0 
   5.808 0.0   -0.012 0.0 
   5.838 0.0   -0.012 0.0 
   5.868 0.0   -0.012 0.0 
   5.898 0.0   -0.011 0.0 
   5.928 0.0   -0.011 0.0 
   5.961 0.0   -0.011 0.0 
   5.989 0.0   -0.010 0.0 
   6.018 0.0   -0.010 0.0 
   6.049 0.0   -0.010 0.0 
   6.078 0.0   -0.009 0.0 
   6.108 0.0   -0.009 0.0 
   6.139 0.0   -0.009 0.0 
   6.168 0.0   -0.008 0.0 
   6.284 0.0   -0.008 0.0 
   6.314 0.0   -0.008 0.0 
   6.333 0.0   -0.007 0.0 
   6.360 0.0   -0.006 0.0 
   6.391 0.0   -0.005 0.0 
   6.420 0.0   -0.005 0.0 
   6.450 0.0   -0.004 0.0 
   6.480 0.0   -0.003 0.0 
   6.510 0.0   -0.002 0.0 
   6.542 0.0   -0.001 0.0 
   6.645 0.0    0.000 0.0 
   6.680 0.0    0.001 0.0 
   6.702 0.0    0.002 0.0 
   6.725 0.0    0.003 0.0 
   6.755 0.0    0.004 0.0 
   6.784 0.0    0.005 0.0 
   6.815 0.0    0.005 0.0 
   6.845 0.0    0.006 0.0 
   6.875 0.0    0.007 0.0 
   6.906 0.0    0.007 0.0 
   6.936 0.0    0.008 0.0 
   6.966 0.0    0.009 0.0 
   6.996 0.0    0.009 0.0 
   7.026 0.0    0.010 0.0 
   7.127 0.0    0.011 0.0 
   7.158 0.0    0.011 0.0 
   7.178 0.0    0.012 0.0 
   7.205 0.0    0.012 0.0 
   7.238 0.0    0.013 0.0 
   7.268 0.0    0.013 0.0 
   7.298 0.0    0.013 0.0 
   7.328 0.0    0.014 0.0 
   7.356 0.0    0.014 0.0 
   7.385 0.0    0.014 0.0 
   7.419 0.0    0.015 0.0 
   7.445 0.0    0.015 0.0 
   7.477 0.0    0.015 0.0 
   7.507 0.0    0.015 0.0 
   7.534 0.0    0.015 0.0 
   7.565 0.0    0.016 0.0 
   7.595 0.0    0.016 0.0 
   7.625 0.0    0.016 0.0 
   7.654 0.0    0.016 0.0 
   7.686 0.0    0.016 0.0 
   7.789 0.0    0.016 0.0 
   7.823 0.0    0.016 0.0 
   7.847 0.0    0.016 0.0 
   7.871 0.0    0.016 0.0 
   7.902 0.0    0.016 0.0 
   7.928 0.0    0.015 0.0 
   7.958 0.0    0.015 0.0 
   7.989 0.0    0.014 0.0 
   8.019 0.0    0.014 0.0 
   8.050 0.0    0.013 0.0 
   8.080 0.0    0.013 0.0 
   8.112 0.0    0.012 0.0 
   8.140 0.0    0.011 0.0 
   8.170 0.0    0.011 0.0 
   8.202 0.0    0.010 0.0 
   8.231 0.0    0.009 0.0 
   8.260 0.0    0.009 0.0 
   8.291 0.0    0.008 0.0 
   8.321 0.0    0.008 0.0 
   8.350 0.0    0.007 0.0 
   8.383 0.0    0.006 0.0 
   8.414 0.0    0.005 0.0 
   8.443 0.0    0.004 0.0 
   8.473 0.0    0.003 0.0 
   8.504 0.0    0.002 0.0 
   8.531 0.0    0.001 0.0 
   8.560 0.0   -0.001 0.0 
   8.591 0.0   -0.002 0.0 
   8.626 0.0   -0.003 0.0 
   8.653 0.0   -0.004 0.0 
   8.685 0.0   -0.005 0.0 
   8.714 0.0   -0.006 0.0 
   8.746 0.0   -0.006 0.0 
   8.775 0.0   -0.007 0.0 
   8.804 0.0   -0.008 0.0 
   8.835 0.0   -0.008 0.0 
   8.865 0.0   -0.009 0.0 
   8.895 0.0   -0.010 0.0 
   8.925 0.0   -0.011 0.0 
   8.952 0.0   -0.011 0.0 
   8.984 0.0   -0.012 0.0 
   9.016 0.0   -0.013 0.0 
   9.047 0.0   -0.014 0.0 
   9.077 0.0   -0.014 0.0 
   9.107 0.0   -0.015 0.0 
   9.136 0.0   -0.015 0.0 
   9.166 0.0   -0.016 0.0 
   9.197 0.0   -0.016 0.0 
   9.229 0.0   -0.016 0.0 
   9.318 0.0   -0.017 0.0 
   9.345 0.0   -0.017 0.0 
   9.366 0.0   -0.017 0.0 
   9.393 0.0   -0.018 0.0 
   9.423 0.0   -0.018 0.0 
   9.456 0.0   -0.018 0.0 
   9.484 0.0   -0.018 0.0 
   9.514 0.0   -0.017 0.0 
   9.544 0.0   -0.017 0.0 
   9.574 0.0   -0.017 0.0 
   9.604 0.0   -0.017 0.0 
   9.717 0.0   -0.016 0.0 
   9.752 0.0   -0.016 0.0 
   9.774 0.0   -0.015 0.0 
   9.801 0.0   -0.015 0.0 
   9.832 0.0   -0.013 0.0 
   9.861 0.0   -0.012 0.0 
   9.892 0.0   -0.011 0.0 
   9.921 0.0   -0.010 0.0 
   9.953 0.0   -0.009 0.0 
   9.980 0.0   -0.008 0.0 
  10.011 0.0   -0.007 0.0 
  10.040 0.0   -0.006 0.0 
  10.069 0.0   -0.005 0.0 
  10.101 0.0   -0.004 0.0 
  10.130 0.0   -0.003 0.0 
  10.160 0.0   -0.003 0.0 
  10.188 0.0   -0.002 0.0 
  10.220 0.0   -0.001 0.0 
  10.254 0.0   -0.001 0.0 
  10.284 0.0   -0.000 0.0 
  10.312 0.0    0.000 0.0 
  10.340 0.0    0.001 0.0 
  10.369 0.0    0.002 0.0 
  10.399 0.0    0.003 0.0 
  10.430 0.0    0.004 0.0 
  10.463 0.0    0.005 0.0 
  10.492 0.0    0.005 0.0 
  10.523 0.0    0.006 0.0 
  10.553 0.0    0.008 0.0 
  10.582 0.0    0.009 0.0 
  10.612 0.0    0.010 0.0 
  10.641 0.0    0.011 0.0 
  10.671 0.0    0.012 0.0 
  10.700 0.0    0.013 0.0 
  10.731 0.0    0.013 0.0 
  10.762 0.0    0.014 0.0 
  10.791 0.0    0.015 0.0 
  10.821 0.0    0.016 0.0 
  10.851 0.0    0.016 0.0 
  10.880 0.0    0.017 0.0 
  10.911 0.0    0.017 0.0 
  10.942 0.0    0.018 0.0 
  10.971 0.0    0.018 0.0 
  11.002 0.0    0.019 0.0 
  11.032 0.0    0.019 0.0 
  11.062 0.0    0.020 0.0 
  11.094 0.0    0.020 0.0 
  11.121 0.0    0.020 0.0 
  11.152 0.0    0.020 0.0 
  11.182 0.0    0.021 0.0 
  11.213 0.0    0.021 0.0 
  11.244 0.0    0.021 0.0 
  11.273 0.0    0.021 0.0 
  11.306 0.0    0.020 0.0 
  11.334 0.0    0.020 0.0 
  11.362 0.0    0.020 0.0 
  11.392 0.0    0.020 0.0 
  11.422 0.0    0.019 0.0 
  11.453 0.0    0.019 0.0 
  11.483 0.0    0.019 0.0 
  11.514 0.0    0.018 0.0 
  11.544 0.0    0.017 0.0 
  11.574 0.0    0.017 0.0 
  11.605 0.0    0.016 0.0 
  11.634 0.0    0.015 0.0 
  11.663 0.0    0.013 0.0 
  11.693 0.0    0.012 0.0 
  11.724 0.0    0.010 0.0 
  11.757 0.0    0.008 0.0 
  11.785 0.0    0.006 0.0 
  11.814 0.0    0.005 0.0 
  11.843 0.0    0.003 0.0 
  11.874 0.0    0.002 0.0 
  11.905 0.0    0.001 0.0 
  11.935 0.0   -0.001 0.0 
  11.966 0.0   -0.001 0.0 
  11.996 0.0   -0.002 0.0 
  12.027 0.0   -0.002 0.0 
  12.056 0.0   -0.003 0.0 
  12.084 0.0   -0.004 0.0 
  12.115 0.0   -0.004 0.0 
  12.146 0.0   -0.005 0.0 
  12.176 0.0   -0.006 0.0 
  12.210 0.0   -0.006 0.0 
  12.236 0.0   -0.007 0.0 
  12.266 0.0   -0.007 0.0 
  12.296 0.0   -0.008 0.0 
  12.326 0.0   -0.008 0.0 
  12.356 0.0   -0.009 0.0 
  12.387 0.0   -0.010 0.0 
  12.416 0.0   -0.011 0.0 
  12.446 0.0   -0.012 0.0 
  12.476 0.0   -0.013 0.0 
  12.582 0.0   -0.014 0.0 
  12.615 0.0   -0.015 0.0 
  12.634 0.0   -0.015 0.0 
  12.661 0.0   -0.016 0.0 
  12.691 0.0   -0.017 0.0 
  12.720 0.0   -0.018 0.0 
  12.821 0.0   -0.018 0.0 
  12.851 0.0   -0.019 0.0 
  12.871 0.0   -0.019 0.0 
  12.896 0.0   -0.019 0.0 
  12.926 0.0   -0.019 0.0 
  12.956 0.0   -0.020 0.0 
  12.987 0.0   -0.020 0.0 
  13.016 0.0   -0.020 0.0 
  13.046 0.0   -0.021 0.0 
  13.076 0.0   -0.021 0.0 
  13.108 0.0   -0.021 0.0 
  13.141 0.0   -0.021 0.0 
  13.173 0.0   -0.021 0.0 
  13.202 0.0   -0.021 0.0 
  13.230 0.0   -0.021 0.0 
  13.260 0.0   -0.021 0.0 
  13.289 0.0   -0.020 0.0 
  13.320 0.0   -0.020 0.0 
  13.350 0.0   -0.020 0.0 
  13.380 0.0   -0.019 0.0 
  13.407 0.0   -0.019 0.0 
  13.437 0.0   -0.019 0.0 
  13.468 0.0   -0.018 0.0 
  13.499 0.0   -0.018 0.0 
  13.528 0.0   -0.017 0.0 
  13.560 0.0   -0.017 0.0 
  13.589 0.0   -0.016 0.0 
  13.621 0.0   -0.016 0.0 
  13.651 0.0   -0.015 0.0 
  13.679 0.0   -0.014 0.0 
  13.708 0.0   -0.013 0.0 
  13.738 0.0   -0.012 0.0 
  13.769 0.0   -0.011 0.0 
  13.800 0.0   -0.010 0.0 
  13.829 0.0   -0.009 0.0 
  13.859 0.0   -0.008 0.0 
  13.889 0.0   -0.007 0.0 
  13.920 0.0   -0.006 0.0 
  13.949 0.0   -0.006 0.0 
  13.980 0.0   -0.005 0.0 
  14.012 0.0   -0.005 0.0 
  14.042 0.0   -0.004 0.0 
  14.072 0.0   -0.003 0.0 
  14.101 0.0   -0.002 0.0 
  14.131 0.0   -0.002 0.0 
  14.162 0.0   -0.001 0.0 
  14.192 0.0    0.000 0.0 
  14.222 0.0    0.001 0.0 
  14.252 0.0    0.002 0.0 
  14.282 0.0    0.003 0.0 
  14.312 0.0    0.004 0.0 
  14.344 0.0    0.005 0.0 
  14.373 0.0    0.006 0.0 
  14.406 0.0    0.006 0.0 
  14.433 0.0    0.008 0.0 
  14.463 0.0    0.009 0.0 
  14.490 0.0    0.010 0.0 
  14.521 0.0    0.011 0.0 
  14.553 0.0    0.012 0.0 
  14.583 0.0    0.013 0.0 
  14.613 0.0    0.014 0.0 
  14.641 0.0    0.016 0.0 
  14.671 0.0    0.017 0.0 
  14.701 0.0    0.018 0.0 
  14.732 0.0    0.018 0.0 
  14.762 0.0    0.019 0.0 
  14.792 0.0    0.020 0.0 
  14.822 0.0    0.020 0.0 
  14.853 0.0    0.020 0.0 
  14.882 0.0    0.021 0.0 
  14.914 0.0    0.021 0.0 
  14.943 0.0    0.021 0.0 
  14.971 0.0    0.021 0.0 
  15.002 0.0    0.021 0.0 
  15.032 0.0    0.021 0.0 
  15.063 0.0    0.022 0.0 
  15.094 0.0    0.022 0.0 
  15.124 0.0    0.022 0.0 
  15.155 0.0    0.022 0.0 
  15.185 0.0    0.022 0.0 
  15.215 0.0    0.021 0.0 
  15.243 0.0    0.021 0.0 
  15.275 0.0    0.021 0.0 
  15.302 0.0    0.021 0.0 
  15.332 0.0    0.021 0.0 
  15.362 0.0    0.020 0.0 
  15.393 0.0    0.020 0.0 
  15.426 0.0    0.019 0.0 
  15.455 0.0    0.018 0.0 
  15.486 0.0    0.018 0.0 
  15.513 0.0    0.017 0.0 
  15.543 0.0    0.016 0.0 
  15.573 0.0    0.015 0.0 
  15.605 0.0    0.014 0.0 
  15.635 0.0    0.013 0.0 
  15.665 0.0    0.012 0.0 
  15.695 0.0    0.011 0.0 
  15.726 0.0    0.010 0.0 
  15.754 0.0    0.009 0.0 
  15.786 0.0    0.008 0.0 
  15.815 0.0    0.007 0.0 
  15.844 0.0    0.005 0.0 
  15.875 0.0    0.004 0.0 
  15.905 0.0    0.003 0.0 
  15.934 0.0    0.001 0.0 
  15.965 0.0   -0.000 0.0 
  15.995 0.0   -0.001 0.0 
  16.026 0.0   -0.002 0.0 
  16.057 0.0   -0.004 0.0 
  16.087 0.0   -0.005 0.0 
  16.117 0.0   -0.005 0.0 
  16.149 0.0   -0.006 0.0 
  16.178 0.0   -0.007 0.0 
  16.210 0.0   -0.007 0.0 
  16.238 0.0   -0.008 0.0 
  16.272 0.0   -0.009 0.0 
  16.297 0.0   -0.009 0.0 
  16.326 0.0   -0.010 0.0 
  16.356 0.0   -0.011 0.0 
  16.387 0.0   -0.012 0.0 
  16.417 0.0   -0.012 0.0 
  16.450 0.0   -0.013 0.0 
  16.476 0.0   -0.013 0.0 
  16.506 0.0   -0.014 0.0 
  16.536 0.0   -0.014 0.0 
  16.567 0.0   -0.015 0.0 
  16.599 0.0   -0.016 0.0 
  16.630 0.0   -0.016 0.0 
  16.659 0.0   -0.017 0.0 
  16.690 0.0   -0.017 0.0 
  16.720 0.0   -0.018 0.0 
  16.749 0.0   -0.019 0.0 
  16.779 0.0   -0.019 0.0 
  16.810 0.0   -0.020 0.0 
  16.840 0.0   -0.020 0.0 
  16.937 0.0   -0.021 0.0 
  16.968 0.0   -0.022 0.0 
  16.988 0.0   -0.022 0.0 
  17.015 0.0   -0.022 0.0 
  17.045 0.0   -0.022 0.0 
  17.075 0.0   -0.022 0.0 
  17.106 0.0   -0.022 0.0 
  17.136 0.0   -0.022 0.0 
  17.167 0.0   -0.022 0.0 
  17.196 0.0   -0.022 0.0 
  17.226 0.0   -0.022 0.0 
  17.260 0.0   -0.021 0.0 
  17.289 0.0   -0.021 0.0 
  17.317 0.0   -0.021 0.0 
  17.346 0.0   -0.021 0.0 
  17.376 0.0   -0.020 0.0 
  17.406 0.0   -0.020 0.0 
  17.437 0.0   -0.020 0.0 
  17.467 0.0   -0.019 0.0 
  17.496 0.0   -0.019 0.0 
  17.526 0.0   -0.018 0.0 
  17.557 0.0   -0.017 0.0 
  17.587 0.0   -0.016 0.0 
  17.617 0.0   -0.015 0.0 
  17.647 0.0   -0.014 0.0 
  17.677 0.0   -0.013 0.0 
  17.707 0.0   -0.012 0.0 
  17.740 0.0   -0.011 0.0 
  17.768 0.0   -0.009 0.0 
  17.868 0.0   -0.008 0.0 
  17.894 0.0   -0.007 0.0 
  17.915 0.0   -0.006 0.0 
  17.943 0.0   -0.005 0.0 
  17.973 0.0   -0.004 0.0 
  18.004 0.0   -0.003 0.0 
  18.034 0.0   -0.002 0.0 
  18.067 0.0   -0.001 0.0 
  18.094 0.0    0.001 0.0 
  18.127 0.0    0.003 0.0 
  18.154 0.0    0.004 0.0 
  18.185 0.0    0.006 0.0 
  18.218 0.0    0.008 0.0 
  18.248 0.0    0.009 0.0 
  18.278 0.0    0.010 0.0 
  18.308 0.0    0.011 0.0 
  18.334 0.0    0.013 0.0 
  18.437 0.0    0.013 0.0 
  18.467 0.0    0.014 0.0 
  18.487 0.0    0.014 0.0 
  18.515 0.0    0.015 0.0 
  18.543 0.0    0.016 0.0 
  18.573 0.0    0.016 0.0 
  18.603 0.0    0.017 0.0 
  18.633 0.0    0.017 0.0 
  18.666 0.0    0.018 0.0 
  18.693 0.0    0.019 0.0 
  18.727 0.0    0.019 0.0 
  18.755 0.0    0.020 0.0 
  18.784 0.0    0.021 0.0 
  18.814 0.0    0.021 0.0 
  18.844 0.0    0.022 0.0 
  18.874 0.0    0.022 0.0 
  18.904 0.0    0.023 0.0 
  18.934 0.0    0.023 0.0 
  18.965 0.0    0.024 0.0 
  18.994 0.0    0.024 0.0 
  19.024 0.0    0.024 0.0 
  19.055 0.0    0.024 0.0 
  19.084 0.0    0.025 0.0 
  19.115 0.0    0.025 0.0 
  19.147 0.0    0.025 0.0 
  19.178 0.0    0.025 0.0 
  19.205 0.0    0.025 0.0 
  19.234 0.0    0.025 0.0 
  19.264 0.0    0.025 0.0 
  19.296 0.0    0.025 0.0 
  19.327 0.0    0.025 0.0 
  19.357 0.0    0.025 0.0 
  19.386 0.0    0.024 0.0 
  19.417 0.0    0.024 0.0 
  19.447 0.0    0.023 0.0 
  19.480 0.0    0.022 0.0 
  19.509 0.0    0.021 0.0 
  19.540 0.0    0.020 0.0 
  19.569 0.0    0.018 0.0 
  19.600 0.0    0.017 0.0 
  19.630 0.0    0.016 0.0 
  19.657 0.0    0.014 0.0 
  19.690 0.0    0.013 0.0 
  19.717 0.0    0.011 0.0 
  19.747 0.0    0.010 0.0 
  19.778 0.0    0.009 0.0 
  19.808 0.0    0.009 0.0 
  19.840 0.0    0.008 0.0 
  19.870 0.0    0.007 0.0 
  19.900 0.0    0.006 0.0 
  19.930 0.0    0.006 0.0 
  19.960 0.0    0.005 0.0 
  19.991 0.0    0.004 0.0 
  20.020 0.0    0.003 0.0 
  20.051 0.0    0.002 0.0 
  20.081 0.0    0.001 0.0 
  20.110 0.0    0.001 0.0 
  20.141 0.0   -0.000 0.0 
  20.170 0.0   -0.001 0.0 
  20.200 0.0   -0.002 0.0 
  20.234 0.0   -0.003 0.0 
  20.263 0.0   -0.005 0.0 
  20.295 0.0   -0.006 0.0 
  20.324 0.0   -0.007 0.0 
  20.350 0.0   -0.008 0.0 
  20.384 0.0   -0.009 0.0 
  20.410 0.0   -0.010 0.0 
  20.444 0.0   -0.011 0.0 
  20.471 0.0   -0.013 0.0 
  20.504 0.0   -0.013 0.0 
  20.531 0.0   -0.014 0.0 
  20.562 0.0   -0.015 0.0 
  20.594 0.0   -0.016 0.0 
  20.627 0.0   -0.017 0.0 
  20.658 0.0   -0.017 0.0 
  20.688 0.0   -0.018 0.0 
  20.718 0.0   -0.019 0.0 
  20.749 0.0   -0.019 0.0 
  20.779 0.0   -0.020 0.0 
  20.809 0.0   -0.020 0.0 
  20.839 0.0   -0.020 0.0 
  20.870 0.0   -0.021 0.0 
  20.900 0.0   -0.021 0.0 
  20.930 0.0   -0.021 0.0 
  20.961 0.0   -0.021 0.0 
  20.991 0.0   -0.021 0.0 
  21.022 0.0   -0.021 0.0 
  21.051 0.0   -0.020 0.0 
  21.082 0.0   -0.019 0.0 
  21.112 0.0   -0.018 0.0 
  21.143 0.0   -0.018 0.0 
  21.173 0.0   -0.017 0.0 
  21.205 0.0   -0.016 0.0 
  21.233 0.0   -0.015 0.0 
  21.263 0.0   -0.013 0.0 
  21.294 0.0   -0.012 0.0 
  21.324 0.0   -0.011 0.0 
  21.354 0.0   -0.011 0.0 
  21.384 0.0   -0.010 0.0 
  21.415 0.0   -0.009 0.0 
  21.446 0.0   -0.008 0.0 
  21.475 0.0   -0.008 0.0 
  21.505 0.0   -0.006 0.0 
  21.536 0.0   -0.005 0.0 
  21.566 0.0   -0.004 0.0 
  21.596 0.0   -0.002 0.0 
  21.626 0.0   -0.001 0.0 
  21.657 0.0    0.001 0.0 
  21.687 0.0    0.002 0.0 
  21.721 0.0    0.004 0.0 
  21.747 0.0    0.005 0.0 
  21.778 0.0    0.007 0.0 
  21.808 0.0    0.007 0.0 
  21.838 0.0    0.008 0.0 
  21.869 0.0    0.009 0.0 
  21.898 0.0    0.010 0.0 
  21.929 0.0    0.011 0.0 
  21.959 0.0    0.012 0.0 
  21.989 0.0    0.013 0.0 
  22.019 0.0    0.015 0.0 
  22.050 0.0    0.016 0.0 
  22.080 0.0    0.017 0.0 
  22.110 0.0    0.019 0.0 
  22.141 0.0    0.020 0.0 
  22.171 0.0    0.021 0.0 
  22.201 0.0    0.023 0.0 
  22.231 0.0    0.024 0.0 
  22.261 0.0    0.025 0.0 
  22.291 0.0    0.025 0.0 
  22.322 0.0    0.026 0.0 
  22.353 0.0    0.026 0.0 
  22.383 0.0    0.027 0.0 
  22.413 0.0    0.027 0.0 
  22.443 0.0    0.028 0.0 
  22.474 0.0    0.029 0.0 
  22.504 0.0    0.029 0.0 
  22.534 0.0    0.030 0.0 
  22.564 0.0    0.030 0.0 
  22.594 0.0    0.031 0.0 
  22.625 0.0    0.031 0.0 
  22.655 0.0    0.031 0.0 
  22.685 0.0    0.031 0.0 
  22.716 0.0    0.031 0.0 
  22.746 0.0    0.031 0.0 
  22.777 0.0    0.031 0.0 
  22.808 0.0    0.031 0.0 
  22.837 0.0    0.030 0.0 
  22.867 0.0    0.030 0.0 
  22.897 0.0    0.029 0.0 
  22.927 0.0    0.029 0.0 
  22.958 0.0    0.028 0.0 
  22.988 0.0    0.028 0.0 
  23.018 0.0    0.027 0.0 
  23.048 0.0    0.026 0.0 
  23.079 0.0    0.025 0.0 
  23.109 0.0    0.024 0.0 
  23.139 0.0    0.022 0.0 
  23.170 0.0    0.021 0.0 
  23.200 0.0    0.020 0.0 
  23.229 0.0    0.019 0.0 
  23.260 0.0    0.018 0.0 
  23.290 0.0    0.016 0.0 
  23.320 0.0    0.015 0.0 
  23.350 0.0    0.015 0.0 
  23.381 0.0    0.013 0.0 
  23.411 0.0    0.011 0.0 
  23.441 0.0    0.010 0.0 
  23.471 0.0    0.008 0.0 
  23.502 0.0    0.006 0.0 
  23.532 0.0    0.004 0.0 
  23.562 0.0    0.003 0.0 
  23.592 0.0    0.001 0.0 
  23.623 0.0   -0.001 0.0 
  23.653 0.0   -0.002 0.0 
  23.683 0.0   -0.003 0.0 
  23.713 0.0   -0.004 0.0 
  23.743 0.0   -0.005 0.0 
  23.774 0.0   -0.006 0.0 
  23.805 0.0   -0.007 0.0 
  23.835 0.0   -0.007 0.0 
  23.865 0.0   -0.008 0.0 
  23.895 0.0   -0.009 0.0 
  23.925 0.0   -0.010 0.0 
  23.956 0.0   -0.011 0.0 
  23.986 0.0   -0.011 0.0 
  24.016 0.0   -0.013 0.0 
  24.046 0.0   -0.014 0.0 
  24.077 0.0   -0.015 0.0 
  24.107 0.0   -0.016 0.0 
  24.137 0.0   -0.017 0.0 
  24.168 0.0   -0.019 0.0 
  24.198 0.0   -0.020 0.0 
  24.228 0.0   -0.021 0.0 
  24.258 0.0   -0.022 0.0 
  24.289 0.0   -0.023 0.0 
  24.318 0.0   -0.023 0.0 
  24.349 0.0   -0.024 0.0 
  24.379 0.0   -0.025 0.0 
  24.410 0.0   -0.025 0.0 
  24.439 0.0   -0.026 0.0 
  24.470 0.0   -0.026 0.0 
  24.499 0.0   -0.027 0.0 
  24.529 0.0   -0.027 0.0 
  24.560 0.0   -0.027 0.0 
  24.590 0.0   -0.028 0.0 
  24.620 0.0   -0.028 0.0 
  24.651 0.0   -0.028 0.0 
  24.682 0.0   -0.028 0.0 
  24.711 0.0   -0.027 0.0 
  24.741 0.0   -0.027 0.0 
  24.772 0.0   -0.027 0.0 
  24.803 0.0   -0.026 0.0 
  24.832 0.0   -0.025 0.0 
  24.863 0.0   -0.025 0.0 
  24.893 0.0   -0.023 0.0 
  24.923 0.0   -0.022 0.0 
  24.953 0.0   -0.020 0.0 
  24.983 0.0   -0.019 0.0 
  25.013 0.0   -0.018 0.0 
  25.043 0.0   -0.016 0.0 
  25.074 0.0   -0.015 0.0 
  25.105 0.0   -0.014 0.0 
  25.133 0.0   -0.012 0.0 
  25.165 0.0   -0.011 0.0 
  25.195 0.0   -0.010 0.0 
  25.226 0.0   -0.010 0.0 
  25.256 0.0   -0.009 0.0 
  25.286 0.0   -0.008 0.0 
  25.316 0.0   -0.007 0.0 
  25.346 0.0   -0.007 0.0 
  25.376 0.0   -0.006 0.0 
  25.407 0.0   -0.005 0.0 
  25.437 0.0   -0.004 0.0 
  25.467 0.0   -0.004 0.0 
  25.497 0.0   -0.003 0.0 
  25.528 0.0   -0.002 0.0 
  25.558 0.0   -0.001 0.0 
  25.588 0.0   -0.001 0.0 
  25.618 0.0    0.000 0.0 
  25.649 0.0    0.001 0.0 
  25.679 0.0    0.002 0.0 
  25.709 0.0    0.002 0.0 
  25.739 0.0    0.003 0.0 
  25.769 0.0    0.004 0.0 
  25.800 0.0    0.005 0.0 
  25.830 0.0    0.006 0.0 
  25.860 0.0    0.007 0.0 
  25.891 0.0    0.008 0.0 
  25.920 0.0    0.010 0.0 
  25.952 0.0    0.012 0.0 
  25.981 0.0    0.013 0.0 
  26.012 0.0    0.015 0.0 
  26.042 0.0    0.016 0.0 
  26.073 0.0    0.018 0.0 
  26.102 0.0    0.019 0.0 
  26.132 0.0    0.020 0.0 
  26.163 0.0    0.021 0.0 
  26.193 0.0    0.022 0.0 
  26.223 0.0    0.022 0.0 
  26.253 0.0    0.023 0.0 
  26.283 0.0    0.023 0.0 
  26.313 0.0    0.023 0.0 
  26.344 0.0    0.024 0.0 
  26.375 0.0    0.024 0.0 
  26.404 0.0    0.025 0.0 
  26.434 0.0    0.025 0.0 
  26.466 0.0    0.025 0.0 
  26.496 0.0    0.025 0.0 
  26.526 0.0    0.025 0.0 
  26.556 0.0    0.025 0.0 
  26.586 0.0    0.025 0.0 
  26.617 0.0    0.025 0.0 
  26.647 0.0    0.025 0.0 
  26.677 0.0    0.025 0.0 
  26.708 0.0    0.025 0.0 
  26.739 0.0    0.025 0.0 
  26.767 0.0    0.024 0.0 
  26.798 0.0    0.024 0.0 
  26.828 0.0    0.024 0.0 
  26.858 0.0    0.023 0.0 
  26.889 0.0    0.023 0.0 
  26.919 0.0    0.023 0.0 
  26.949 0.0    0.022 0.0 
  26.979 0.0    0.022 0.0 
  27.010 0.0    0.022 0.0 
  27.039 0.0    0.021 0.0 
  27.070 0.0    0.021 0.0 
  27.103 0.0    0.020 0.0 
  27.136 0.0    0.019 0.0 
  27.161 0.0    0.019 0.0 
  27.193 0.0    0.018 0.0 
  27.221 0.0    0.017 0.0 
  27.256 0.0    0.016 0.0 
  27.282 0.0    0.015 0.0 
  27.318 0.0    0.014 0.0 
  27.343 0.0    0.013 0.0 
  27.373 0.0    0.011 0.0 
  27.403 0.0    0.010 0.0 
  27.434 0.0    0.009 0.0 
  27.463 0.0    0.008 0.0 
  27.493 0.0    0.007 0.0 
  27.524 0.0    0.006 0.0 
  27.554 0.0    0.005 0.0 
  27.584 0.0    0.003 0.0 
  27.614 0.0    0.002 0.0 
  27.645 0.0    0.001 0.0 
  27.675 0.0   -0.000 0.0 
  27.705 0.0   -0.002 0.0 
  27.736 0.0   -0.003 0.0 
  27.765 0.0   -0.004 0.0 
  27.796 0.0   -0.006 0.0 
  27.827 0.0   -0.007 0.0 
  27.857 0.0   -0.008 0.0 
  27.887 0.0   -0.009 0.0 
  27.918 0.0   -0.010 0.0 
  27.949 0.0   -0.011 0.0 
  27.978 0.0   -0.012 0.0 
  28.009 0.0   -0.013 0.0 
  28.040 0.0   -0.014 0.0 
  28.068 0.0   -0.016 0.0 
  28.100 0.0   -0.017 0.0 
  28.128 0.0   -0.018 0.0 
  28.159 0.0   -0.019 0.0 
  28.189 0.0   -0.019 0.0 
  28.220 0.0   -0.020 0.0 
  28.250 0.0   -0.021 0.0 
  28.281 0.0   -0.021 0.0 
  28.311 0.0   -0.022 0.0 
  28.341 0.0   -0.022 0.0 
  28.372 0.0   -0.022 0.0 
  28.403 0.0   -0.023 0.0 
  28.432 0.0   -0.023 0.0 
  28.463 0.0   -0.023 0.0 
  28.492 0.0   -0.023 0.0 
  28.523 0.0   -0.024 0.0 
  28.558 0.0   -0.024 0.0 
  28.583 0.0   -0.024 0.0 
  28.613 0.0   -0.024 0.0 
  28.643 0.0   -0.024 0.0 
  28.673 0.0   -0.024 0.0 
  28.703 0.0   -0.023 0.0 
  28.734 0.0   -0.023 0.0 
  28.764 0.0   -0.023 0.0 
  28.796 0.0   -0.023 0.0 
  28.825 0.0   -0.022 0.0 
  28.855 0.0   -0.022 0.0 
  28.886 0.0   -0.022 0.0 
  28.915 0.0   -0.021 0.0 
  28.950 0.0   -0.021 0.0 
  28.976 0.0   -0.020 0.0 
  29.011 0.0   -0.020 0.0 
  29.041 0.0   -0.019 0.0 
  29.072 0.0   -0.019 0.0 
  29.101 0.0   -0.018 0.0 
  29.122 0.0   -0.017 0.0 
  29.150 0.0   -0.016 0.0 
  29.180 0.0   -0.015 0.0 
  29.212 0.0   -0.013 0.0 
  29.244 0.0   -0.012 0.0 
  29.274 0.0   -0.011 0.0 
  29.307 0.0   -0.010 0.0 
  29.337 0.0   -0.009 0.0 
  29.367 0.0   -0.008 0.0 
  29.397 0.0   -0.007 0.0 
  29.427 0.0   -0.006 0.0 
  29.458 0.0   -0.005 0.0 
  29.488 0.0   -0.004 0.0 
  29.518 0.0   -0.003 0.0 
  29.548 0.0   -0.002 0.0 
  29.579 0.0   -0.000 0.0 
  29.609 0.0    0.001 0.0 
  29.639 0.0    0.002 0.0 
  29.670 0.0    0.003 0.0 
  29.700 0.0    0.004 0.0 
  29.730 0.0    0.006 0.0 
  29.760 0.0    0.007 0.0 
  29.791 0.0    0.008 0.0 
  29.821 0.0    0.009 0.0 
  29.851 0.0    0.010 0.0 
  29.881 0.0    0.011 0.0 
  29.911 0.0    0.012 0.0 
  29.942 0.0    0.013 0.0 
  29.972 0.0    0.015 0.0 
  30.002 0.0    0.016 0.0 
  30.032 0.0    0.016 0.0 
  30.063 0.0    0.017 0.0 
  30.093 0.0    0.017 0.0 
  30.123 0.0    0.018 0.0 
  30.153 0.0    0.019 0.0 
  30.183 0.0    0.019 0.0 
  30.214 0.0    0.020 0.0 
  30.244 0.0    0.020 0.0 
  30.274 0.0    0.021 0.0 
  30.305 0.0    0.021 0.0 
  30.335 0.0    0.021 0.0 
  30.366 0.0    0.021 0.0 
  30.396 0.0    0.021 0.0 
  30.426 0.0    0.021 0.0 
  30.456 0.0    0.021 0.0 
  30.486 0.0    0.021 0.0 
  30.517 0.0    0.021 0.0 
  30.547 0.0    0.021 0.0 
  30.577 0.0    0.020 0.0 
  30.608 0.0    0.020 0.0 
  30.638 0.0    0.020 0.0 
  30.669 0.0    0.020 0.0 
  30.699 0.0    0.019 0.0 
  30.729 0.0    0.019 0.0 
  30.759 0.0    0.018 0.0 
  30.789 0.0    0.018 0.0 
  30.819 0.0    0.017 0.0 
  30.849 0.0    0.016 0.0 
  30.880 0.0    0.016 0.0 
  30.910 0.0    0.016 0.0 
  30.940 0.0    0.015 0.0 
  30.970 0.0    0.014 0.0 
  31.001 0.0    0.014 0.0 
  31.032 0.0    0.013 0.0 
  31.061 0.0    0.012 0.0 
  31.092 0.0    0.011 0.0 
  31.122 0.0    0.009 0.0 
  31.152 0.0    0.008 0.0 
  31.183 0.0    0.007 0.0 
  31.213 0.0    0.006 0.0 
  31.243 0.0    0.004 0.0 
  31.273 0.0    0.003 0.0 
  31.304 0.0    0.002 0.0 
  31.334 0.0    0.001 0.0 
  31.365 0.0    0.000 0.0 
  31.394 0.0   -0.000 0.0 
  31.425 0.0   -0.001 0.0 
  31.455 0.0   -0.002 0.0 
  31.485 0.0   -0.002 0.0 
  31.515 0.0   -0.003 0.0 
  31.545 0.0   -0.004 0.0 
  31.576 0.0   -0.005 0.0 
  31.606 0.0   -0.006 0.0 
  31.636 0.0   -0.007 0.0 
  31.667 0.0   -0.007 0.0 
  31.697 0.0   -0.008 0.0 
  31.727 0.0   -0.009 0.0 
  31.758 0.0   -0.010 0.0 
  31.788 0.0   -0.011 0.0 
  31.818 0.0   -0.012 0.0 
  31.848 0.0   -0.012 0.0 
  31.878 0.0   -0.013 0.0 
  31.909 0.0   -0.013 0.0 
  31.939 0.0   -0.013 0.0 
  31.969 0.0   -0.014 0.0 
  32.000 0.0   -0.015 0.0 
  32.030 0.0   -0.015 0.0 
  32.060 0.0   -0.016 0.0 
  32.090 0.0   -0.016 0.0 
  32.120 0.0   -0.017 0.0 
  32.151 0.0   -0.017 0.0 
  32.181 0.0   -0.017 0.0 
  32.211 0.0   -0.018 0.0 
  32.242 0.0   -0.018 0.0 
  32.272 0.0   -0.018 0.0 
  32.302 0.0   -0.018 0.0 
  32.333 0.0   -0.018 0.0 
  32.363 0.0   -0.018 0.0 
  32.393 0.0   -0.018 0.0 
  32.424 0.0   -0.018 0.0 
  32.454 0.0   -0.018 0.0 
  32.484 0.0   -0.018 0.0 
  32.514 0.0   -0.018 0.0 
  32.544 0.0   -0.018 0.0 
  32.576 0.0   -0.018 0.0 
  32.605 0.0   -0.018 0.0 
  32.635 0.0   -0.018 0.0 
  32.665 0.0   -0.017 0.0 
  32.696 0.0   -0.017 0.0 
  32.726 0.0   -0.017 0.0 
  32.760 0.0   -0.016 0.0 
  32.786 0.0   -0.015 0.0 
  32.816 0.0   -0.014 0.0 
  32.847 0.0   -0.013 0.0 
  32.877 0.0   -0.011 0.0 
  32.907 0.0   -0.010 0.0 
  32.938 0.0   -0.009 0.0 
  32.969 0.0   -0.007 0.0 
  32.998 0.0   -0.006 0.0 
  33.028 0.0   -0.005 0.0 
  33.059 0.0   -0.004 0.0 
  33.089 0.0   -0.003 0.0 
  33.121 0.0   -0.002 0.0 
  33.150 0.0   -0.002 0.0 
  33.181 0.0   -0.001 0.0 
  33.211 0.0   -0.000 0.0 
  33.241 0.0    0.000 0.0 
  33.271 0.0    0.001 0.0 
  33.301 0.0    0.001 0.0 
  33.331 0.0    0.002 0.0 
  33.361 0.0    0.002 0.0 
  33.392 0.0    0.003 0.0 
  33.422 0.0    0.004 0.0 
  33.453 0.0    0.004 0.0 
  33.483 0.0    0.005 0.0 
  33.513 0.0    0.005 0.0 
  33.543 0.0    0.006 0.0 
  33.573 0.0    0.007 0.0 
  33.603 0.0    0.007 0.0 
  33.634 0.0    0.008 0.0 
  33.665 0.0    0.009 0.0 
  33.694 0.0    0.009 0.0 
  33.724 0.0    0.010 0.0 
  33.755 0.0    0.010 0.0 
  33.786 0.0    0.011 0.0 
  33.815 0.0    0.011 0.0 
  33.846 0.0    0.012 0.0 
  33.876 0.0    0.012 0.0 
  33.906 0.0    0.012 0.0 
  33.937 0.0    0.013 0.0 
  33.967 0.0    0.013 0.0 
  33.997 0.0    0.013 0.0 
  34.027 0.0    0.014 0.0 
  34.058 0.0    0.014 0.0 
  34.087 0.0    0.014 0.0 
  34.118 0.0    0.015 0.0 
  34.149 0.0    0.015 0.0 
  34.178 0.0    0.015 0.0 
  34.209 0.0    0.016 0.0 
  34.239 0.0    0.016 0.0 
  34.269 0.0    0.016 0.0 
  34.299 0.0    0.016 0.0 
  34.329 0.0    0.017 0.0 
  34.360 0.0    0.017 0.0 
  34.390 0.0    0.017 0.0 
  34.420 0.0    0.017 0.0 
  34.450 0.0    0.017 0.0 
  34.480 0.0    0.017 0.0 
  34.511 0.0    0.016 0.0 
  34.542 0.0    0.016 0.0 
  34.572 0.0    0.016 0.0 
  34.602 0.0    0.015 0.0 
  34.632 0.0    0.015 0.0 
  34.663 0.0    0.015 0.0 
  34.693 0.0    0.014 0.0 
  34.723 0.0    0.014 0.0 
  34.754 0.0    0.014 0.0 
  34.784 0.0    0.013 0.0 
  34.814 0.0    0.013 0.0 
  34.844 0.0    0.012 0.0 
  34.875 0.0    0.012 0.0 
  34.904 0.0    0.011 0.0 
  34.935 0.0    0.010 0.0 
  34.966 0.0    0.010 0.0 
  34.996 0.0    0.009 0.0 
  35.027 0.0    0.008 0.0 
  35.056 0.0    0.008 0.0 
  35.086 0.0    0.007 0.0 
  35.117 0.0    0.006 0.0 
  35.147 0.0    0.006 0.0 
  35.177 0.0    0.005 0.0 
  35.207 0.0    0.005 0.0 
  35.237 0.0    0.004 0.0 
  35.268 0.0    0.003 0.0 
  35.298 0.0    0.002 0.0 
  35.329 0.0    0.001 0.0 
  35.363 0.0    0.000 0.0 
  35.389 0.0   -0.000 0.0 
  35.419 0.0   -0.001 0.0 
  35.455 0.0   -0.002 0.0 
  35.480 0.0   -0.003 0.0 
  35.510 0.0   -0.004 0.0 
  35.541 0.0   -0.005 0.0 
  35.570 0.0   -0.005 0.0 
  35.600 0.0   -0.006 0.0 
  35.632 0.0   -0.007 0.0 
  35.661 0.0   -0.008 0.0 
  35.691 0.0   -0.008 0.0 
  35.723 0.0   -0.009 0.0 
  35.752 0.0   -0.010 0.0 
  35.783 0.0   -0.010 0.0 
  35.812 0.0   -0.011 0.0 
  35.842 0.0   -0.012 0.0 
  35.873 0.0   -0.012 0.0 
  35.903 0.0   -0.012 0.0 
  35.933 0.0   -0.013 0.0 
  35.963 0.0   -0.013 0.0 
  35.995 0.0   -0.014 0.0 
  36.024 0.0   -0.014 0.0 
  36.055 0.0   -0.015 0.0 
  36.085 0.0   -0.015 0.0 
  36.115 0.0   -0.015 0.0 
  36.145 0.0   -0.016 0.0 
  36.177 0.0   -0.016 0.0 
  36.206 0.0   -0.016 0.0 
  36.236 0.0   -0.016 0.0 
  36.266 0.0   -0.016 0.0 
  36.297 0.0   -0.016 0.0 
  36.327 0.0   -0.016 0.0 
  36.358 0.0   -0.016 0.0 
  36.387 0.0   -0.016 0.0 
  36.417 0.0   -0.016 0.0 
  36.447 0.0   -0.015 0.0 
  36.477 0.0   -0.015 0.0 
  36.508 0.0   -0.015 0.0 
  36.540 0.0   -0.015 0.0 
  36.568 0.0   -0.015 0.0 
  36.599 0.0   -0.014 0.0 
  36.629 0.0   -0.014 0.0 
  36.661 0.0   -0.014 0.0 
  36.691 0.0   -0.013 0.0 
  36.720 0.0   -0.013 0.0 
  36.750 0.0   -0.012 0.0 
  36.780 0.0   -0.012 0.0 
  36.810 0.0   -0.011 0.0 
  36.840 0.0   -0.010 0.0 
  36.872 0.0   -0.010 0.0 
  36.901 0.0   -0.009 0.0 
  36.931 0.0   -0.008 0.0 
  36.962 0.0   -0.007 0.0 
  36.992 0.0   -0.006 0.0 
  37.022 0.0   -0.006 0.0 
  37.053 0.0   -0.005 0.0 
  37.083 0.0   -0.005 0.0 
  37.114 0.0   -0.004 0.0 
  37.148 0.0   -0.004 0.0 
  37.179 0.0   -0.003 0.0 
  37.204 0.0   -0.002 0.0 
  37.235 0.0   -0.001 0.0 
  37.265 0.0    0.000 0.0 
  37.295 0.0    0.001 0.0 
  37.325 0.0    0.002 0.0 
  37.356 0.0    0.003 0.0 
  37.386 0.0    0.004 0.0 
  37.421 0.0    0.005 0.0 
  37.447 0.0    0.006 0.0 
  37.476 0.0    0.007 0.0 
  37.506 0.0    0.008 0.0 
  37.537 0.0    0.008 0.0 
  37.568 0.0    0.009 0.0 
  37.598 0.0    0.009 0.0 
  37.632 0.0    0.009 0.0 
  37.657 0.0    0.010 0.0 
  37.688 0.0    0.010 0.0 
  37.719 0.0    0.011 0.0 
  37.749 0.0    0.011 0.0 
  37.779 0.0    0.012 0.0 
  37.809 0.0    0.012 0.0 
  37.840 0.0    0.013 0.0 
  37.869 0.0    0.013 0.0 
  37.900 0.0    0.013 0.0 
  37.931 0.0    0.014 0.0 
  37.961 0.0    0.014 0.0 
  37.991 0.0    0.014 0.0 
  38.021 0.0    0.014 0.0 
  38.051 0.0    0.014 0.0 
  38.082 0.0    0.015 0.0 
  38.112 0.0    0.015 0.0 
  38.142 0.0    0.015 0.0 
  38.174 0.0    0.015 0.0 
  38.204 0.0    0.015 0.0 
  38.233 0.0    0.015 0.0 
  38.263 0.0    0.015 0.0 
  38.293 0.0    0.014 0.0 
  38.324 0.0    0.014 0.0 
  38.355 0.0    0.014 0.0 
  38.384 0.0    0.014 0.0 
  38.414 0.0    0.014 0.0 
  38.444 0.0    0.013 0.0 
  38.474 0.0    0.013 0.0 
  38.505 0.0    0.013 0.0 
  38.535 0.0    0.012 0.0 
  38.566 0.0    0.012 0.0 
  38.596 0.0    0.011 0.0 
  38.626 0.0    0.010 0.0 
  38.656 0.0    0.010 0.0 
  38.686 0.0    0.009 0.0 
  38.717 0.0    0.009 0.0 
  38.748 0.0    0.008 0.0 
  38.778 0.0    0.008 0.0 
  38.807 0.0    0.007 0.0 
  38.838 0.0    0.007 0.0 
  38.867 0.0    0.006 0.0 
  38.899 0.0    0.006 0.0 
  38.928 0.0    0.005 0.0 
  38.959 0.0    0.004 0.0 
  38.989 0.0    0.003 0.0 
  39.019 0.0    0.003 0.0 
  39.050 0.0    0.002 0.0 
  39.079 0.0    0.001 0.0 
  39.110 0.0    0.000 0.0 
  39.140 0.0   -0.001 0.0 
  39.171 0.0   -0.001 0.0 
  39.201 0.0   -0.002 0.0 
  39.232 0.0   -0.002 0.0 
  39.261 0.0   -0.003 0.0 
  39.291 0.0   -0.003 0.0 
  39.321 0.0   -0.004 0.0 
  39.352 0.0   -0.005 0.0 
  39.382 0.0   -0.005 0.0 
  39.413 0.0   -0.005 0.0 
  39.443 0.0   -0.006 0.0 
  39.473 0.0   -0.006 0.0 
  39.504 0.0   -0.007 0.0 
  39.533 0.0   -0.008 0.0 
  39.564 0.0   -0.008 0.0 
  39.593 0.0   -0.009 0.0 
  39.629 0.0   -0.009 0.0 
  39.655 0.0   -0.010 0.0 
  39.685 0.0   -0.010 0.0 
  39.715 0.0   -0.011 0.0 
  39.744 0.0   -0.011 0.0 
  39.775 0.0   -0.011 0.0 
  39.806 0.0   -0.012 0.0 
  39.836 0.0   -0.012 0.0 
  39.866 0.0   -0.012 0.0 
  39.896 0.0   -0.012 0.0 
  39.927 0.0   -0.013 0.0 
  39.957 0.0   -0.013 0.0 
  39.987 0.0   -0.013 0.0 
  40.017 0.0   -0.013 0.0 
  40.048 0.0   -0.013 0.0 
  40.078 0.0   -0.013 0.0 
  40.109 0.0   -0.013 0.0 
  40.138 0.0   -0.013 0.0 
  40.168 0.0   -0.012 0.0 
  40.198 0.0   -0.012 0.0 
  40.230 0.0   -0.012 0.0 
  40.260 0.0   -0.012 0.0 
  40.289 0.0   -0.011 0.0 
  40.320 0.0   -0.011 0.0 
  40.351 0.0   -0.011 0.0 
  40.380 0.0   -0.011 0.0 
  40.410 0.0   -0.010 0.0 
  40.441 0.0   -0.010 0.0 
  40.472 0.0   -0.010 0.0 
  40.501 0.0   -0.010 0.0 
  40.531 0.0   -0.010 0.0 
  40.562 0.0   -0.009 0.0 
  40.592 0.0   -0.009 0.0 
  40.627 0.0   -0.008 0.0 
  40.653 0.0   -0.008 0.0 
  40.682 0.0   -0.007 0.0 
  40.713 0.0   -0.007 0.0 
  40.743 0.0   -0.006 0.0 
  40.773 0.0   -0.005 0.0 
  40.803 0.0   -0.005 0.0 
  40.834 0.0   -0.004 0.0 
  40.865 0.0   -0.003 0.0 
  40.895 0.0   -0.003 0.0 
  40.925 0.0   -0.003 0.0 
  40.955 0.0   -0.002 0.0 
  40.985 0.0   -0.001 0.0 
  41.016 0.0   -0.001 0.0 
  41.046 0.0    0.000 0.0 
  41.076 0.0    0.001 0.0 
  41.107 0.0    0.002 0.0 
  41.137 0.0    0.002 0.0 
  41.167 0.0    0.003 0.0 
  41.197 0.0    0.004 0.0 
  41.227 0.0    0.005 0.0 
  41.258 0.0    0.005 0.0 
  41.288 0.0    0.006 0.0 
  41.318 0.0    0.006 0.0 
  41.355 0.0    0.007 0.0 
  41.380 0.0    0.007 0.0 
  41.410 0.0    0.007 0.0 
  41.439 0.0    0.007 0.0 
  41.471 0.0    0.008 0.0 
  41.500 0.0    0.008 0.0 
  41.530 0.0    0.008 0.0 
  41.560 0.0    0.009 0.0 
  41.591 0.0    0.009 0.0 
  41.621 0.0    0.009 0.0 
  41.652 0.0    0.010 0.0 
  41.681 0.0    0.010 0.0 
  41.711 0.0    0.010 0.0 
  41.742 0.0    0.011 0.0 
  41.772 0.0    0.011 0.0 
  41.803 0.0    0.011 0.0 
  41.833 0.0    0.011 0.0 
  41.864 0.0    0.011 0.0 
  41.894 0.0    0.011 0.0 
  41.924 0.0    0.011 0.0 
  41.954 0.0    0.011 0.0 
  41.984 0.0    0.011 0.0 
  42.015 0.0    0.011 0.0 
  42.045 0.0    0.010 0.0 
  42.075 0.0    0.010 0.0 
  42.105 0.0    0.010 0.0 
  42.137 0.0    0.010 0.0 
  42.166 0.0    0.010 0.0 
  42.196 0.0    0.010 0.0 
  42.226 0.0    0.009 0.0 
  42.257 0.0    0.009 0.0 
  42.287 0.0    0.009 0.0 
  42.317 0.0    0.008 0.0 
  42.348 0.0    0.008 0.0 
  42.378 0.0    0.008 0.0 
  42.409 0.0    0.007 0.0 
  42.438 0.0    0.007 0.0 
  42.469 0.0    0.006 0.0 
  42.499 0.0    0.006 0.0 
  42.533 0.0    0.005 0.0 
  42.559 0.0    0.005 0.0 
  42.591 0.0    0.005 0.0 
  42.620 0.0    0.004 0.0 
  42.650 0.0    0.004 0.0 
  42.681 0.0    0.004 0.0 
  42.711 0.0    0.003 0.0 
  42.745 0.0    0.003 0.0 
  42.771 0.0    0.003 0.0 
  42.806 0.0    0.002 0.0 
  42.836 0.0    0.002 0.0 
  42.863 0.0    0.001 0.0 
  42.894 0.0    0.001 0.0 
  42.923 0.0   -0.000 0.0 
  42.953 0.0   -0.001 0.0 
  42.983 0.0   -0.002 0.0 
  43.013 0.0   -0.002 0.0 
  43.044 0.0   -0.003 0.0 
  43.074 0.0   -0.004 0.0 
  43.104 0.0   -0.004 0.0 
  43.134 0.0   -0.005 0.0 
  43.165 0.0   -0.005 0.0 
  43.195 0.0   -0.006 0.0 
  43.226 0.0   -0.006 0.0 
  43.255 0.0   -0.006 0.0 
  43.286 0.0   -0.007 0.0 
  43.321 0.0   -0.007 0.0 
  43.351 0.0   -0.007 0.0 
  43.382 0.0   -0.008 0.0 
  43.407 0.0   -0.008 0.0 
  43.437 0.0   -0.008 0.0 
  43.468 0.0   -0.008 0.0 
  43.502 0.0   -0.009 0.0 
  43.528 0.0   -0.009 0.0 
  43.559 0.0   -0.009 0.0 
  43.593 0.0   -0.009 0.0 
  43.619 0.0   -0.010 0.0 
  43.654 0.0   -0.010 0.0 
  43.678 0.0   -0.010 0.0 
  43.709 0.0   -0.010 0.0 
  43.739 0.0   -0.010 0.0 
  43.771 0.0   -0.011 0.0 
  43.800 0.0   -0.011 0.0 
  43.830 0.0   -0.011 0.0 
  43.860 0.0   -0.011 0.0 
  43.891 0.0   -0.011 0.0 
  43.927 0.0   -0.011 0.0 
  43.952 0.0   -0.011 0.0 
  43.983 0.0   -0.010 0.0 
  44.012 0.0   -0.010 0.0 
  44.047 0.0   -0.010 0.0 
  44.076 0.0   -0.010 0.0 
  44.103 0.0   -0.010 0.0 
  44.138 0.0   -0.010 0.0 
  44.168 0.0   -0.010 0.0 
  44.193 0.0   -0.009 0.0 
  44.228 0.0   -0.009 0.0 
  44.259 0.0   -0.009 0.0 
  44.288 0.0   -0.008 0.0 
  44.314 0.0   -0.008 0.0 
  44.348 0.0   -0.008 0.0 
  44.375 0.0   -0.007 0.0 
  44.405 0.0   -0.007 0.0 
  44.435 0.0   -0.006 0.0 
  44.465 0.0   -0.006 0.0 
  44.495 0.0   -0.006 0.0 
  44.526 0.0   -0.005 0.0 
  44.556 0.0   -0.005 0.0 
  44.586 0.0   -0.004 0.0 
  44.617 0.0   -0.004 0.0 
  44.647 0.0   -0.003 0.0 
  44.677 0.0   -0.003 0.0 
  44.707 0.0   -0.002 0.0 
  44.738 0.0   -0.001 0.0 
  44.768 0.0   -0.001 0.0 
  44.798 0.0   -0.000 0.0 
  44.828 0.0    0.001 0.0 
  44.859 0.0    0.001 0.0 
  44.889 0.0    0.002 0.0 
  44.919 0.0    0.002 0.0 
  44.949 0.0    0.003 0.0 
  44.980 0.0    0.003 0.0 
  45.010 0.0    0.004 0.0 
  45.041 0.0    0.004 0.0 
  45.071 0.0    0.005 0.0 
  45.101 0.0    0.005 0.0 
  45.131 0.0    0.006 0.0 
  45.161 0.0    0.006 0.0 
  45.191 0.0    0.006 0.0 
  45.223 0.0    0.007 0.0 
  45.252 0.0    0.007 0.0 
  45.282 0.0    0.007 0.0 
  45.312 0.0    0.008 0.0 
  45.343 0.0    0.008 0.0 
  45.373 0.0    0.008 0.0 
  45.404 0.0    0.008 0.0 
  45.433 0.0    0.008 0.0 
  45.464 0.0    0.009 0.0 
  45.494 0.0    0.009 0.0 
  45.524 0.0    0.009 0.0 
  45.554 0.0    0.009 0.0 
  45.586 0.0    0.010 0.0 
  45.616 0.0    0.010 0.0 
  45.645 0.0    0.010 0.0 
  45.676 0.0    0.010 0.0 
  45.706 0.0    0.010 0.0 
  45.736 0.0    0.010 0.0 
  45.767 0.0    0.010 0.0 
  45.797 0.0    0.009 0.0 
  45.827 0.0    0.009 0.0 
  45.858 0.0    0.009 0.0 
  45.888 0.0    0.009 0.0 
  45.918 0.0    0.008 0.0 
  45.948 0.0    0.008 0.0 
  45.978 0.0    0.008 0.0 
  46.008 0.0    0.008 0.0 
  46.038 0.0    0.007 0.0 
  46.069 0.0    0.007 0.0 
  46.099 0.0    0.007 0.0 
  46.129 0.0    0.007 0.0 
  46.160 0.0    0.007 0.0 
  46.191 0.0    0.007 0.0 
  46.221 0.0    0.006 0.0 
  46.251 0.0    0.006 0.0 
  46.281 0.0    0.005 0.0 
  46.311 0.0    0.005 0.0 
  46.341 0.0    0.004 0.0 
  46.372 0.0    0.004 0.0 
  46.402 0.0    0.003 0.0 
  46.432 0.0    0.003 0.0 
  46.463 0.0    0.002 0.0 
  46.493 0.0    0.002 0.0 
  46.523 0.0    0.002 0.0 
  46.553 0.0    0.001 0.0 
  46.583 0.0    0.001 0.0 
  46.614 0.0    0.000 0.0 
  46.644 0.0   -0.000 0.0 
  46.674 0.0   -0.001 0.0 
  46.704 0.0   -0.001 0.0 
  46.734 0.0   -0.002 0.0 
  46.764 0.0   -0.003 0.0 
  46.795 0.0   -0.003 0.0 
  46.825 0.0   -0.004 0.0 
  46.855 0.0   -0.005 0.0 
  46.887 0.0   -0.005 0.0 
  46.916 0.0   -0.006 0.0 
  46.947 0.0   -0.007 0.0 
  46.977 0.0   -0.007 0.0 
  47.007 0.0   -0.007 0.0 
  47.037 0.0   -0.008 0.0 
  47.068 0.0   -0.008 0.0 
  47.098 0.0   -0.008 0.0 
  47.128 0.0   -0.008 0.0 
  47.159 0.0   -0.009 0.0 
  47.190 0.0   -0.009 0.0 
  47.219 0.0   -0.009 0.0 
  47.249 0.0   -0.009 0.0 
  47.280 0.0   -0.009 0.0 
  47.309 0.0   -0.009 0.0 
  47.340 0.0   -0.009 0.0 
  47.374 0.0   -0.009 0.0 
  47.401 0.0   -0.009 0.0 
  47.431 0.0   -0.009 0.0 
  47.462 0.0   -0.009 0.0 
  47.492 0.0   -0.009 0.0 
  47.522 0.0   -0.009 0.0 
  47.553 0.0   -0.009 0.0 
  47.586 0.0   -0.009 0.0 
  47.616 0.0   -0.009 0.0 
  47.646 0.0   -0.009 0.0 
  47.674 0.0   -0.009 0.0 
  47.703 0.0   -0.009 0.0 
  47.733 0.0   -0.009 0.0 
  47.764 0.0   -0.009 0.0 
  47.798 0.0   -0.008 0.0 
  47.829 0.0   -0.008 0.0 
  47.858 0.0   -0.008 0.0 
  47.885 0.0   -0.008 0.0 
  47.919 0.0   -0.007 0.0 
  47.949 0.0   -0.007 0.0 
  47.980 0.0   -0.006 0.0 
  48.006 0.0   -0.006 0.0 
  48.036 0.0   -0.005 0.0 
  48.067 0.0   -0.005 0.0 
  48.097 0.0   -0.005 0.0 
  48.127 0.0   -0.004 0.0 
  48.157 0.0   -0.004 0.0 
  48.187 0.0   -0.004 0.0 
  48.217 0.0   -0.003 0.0 
  48.248 0.0   -0.003 0.0 
  48.278 0.0   -0.003 0.0 
  48.308 0.0   -0.003 0.0 
  48.338 0.0   -0.002 0.0 
  48.369 0.0   -0.002 0.0 
  48.399 0.0   -0.002 0.0 
  48.429 0.0   -0.001 0.0 
  48.459 0.0   -0.001 0.0 
  48.489 0.0   -0.001 0.0 
  48.519 0.0   -0.000 0.0 
  48.550 0.0    0.000 0.0 
  48.580 0.0    0.001 0.0 
  48.611 0.0    0.001 0.0 
  48.641 0.0    0.001 0.0 
  48.671 0.0    0.002 0.0 
  48.702 0.0    0.002 0.0 
  48.732 0.0    0.003 0.0 
  48.761 0.0    0.003 0.0 
  48.792 0.0    0.004 0.0 
  48.822 0.0    0.004 0.0 
  48.852 0.0    0.004 0.0 
  48.883 0.0    0.005 0.0 
  48.913 0.0    0.005 0.0 
  48.944 0.0    0.005 0.0 
  48.973 0.0    0.006 0.0 
  49.004 0.0    0.006 0.0 
  49.034 0.0    0.006 0.0 
  49.065 0.0    0.007 0.0 
  49.095 0.0    0.007 0.0 
  49.124 0.0    0.007 0.0 
  49.155 0.0    0.007 0.0 
  49.185 0.0    0.007 0.0 
  49.215 0.0    0.007 0.0 
  49.246 0.0    0.007 0.0 
  49.276 0.0    0.007 0.0 
  49.306 0.0    0.007 0.0 
  49.337 0.0    0.007 0.0 
  49.366 0.0    0.007 0.0 
  49.397 0.0    0.007 0.0 
  49.428 0.0    0.007 0.0 
  49.457 0.0    0.007 0.0 
  49.488 0.0    0.007 0.0 
  49.518 0.0    0.007 0.0 
  49.548 0.0    0.007 0.0 
  49.578 0.0    0.007 0.0 
  49.609 0.0    0.007 0.0 
  49.639 0.0    0.007 0.0 
  49.670 0.0    0.007 0.0 
  49.700 0.0    0.007 0.0 
  49.731 0.0    0.007 0.0 
  49.760 0.0    0.007 0.0 
  49.790 0.0    0.006 0.0 
  49.821 0.0    0.006 0.0 
  49.851 0.0    0.006 0.0 
  49.881 0.0    0.005 0.0 
  49.912 0.0    0.005 0.0 
  49.941 0.0    0.004 0.0 
  49.972 0.0    0.004 0.0 
  50.002 0.0    0.004 0.0 
  50.033 0.0    0.003 0.0 
  50.063 0.0    0.003 0.0 
  50.093 0.0    0.003 0.0 
  50.124 0.0    0.003 0.0 
  50.154 0.0    0.003 0.0 
  50.185 0.0    0.002 0.0 
  50.215 0.0    0.002 0.0 
  50.245 0.0    0.002 0.0 
  50.275 0.0    0.001 0.0 
  50.305 0.0    0.001 0.0 
  50.335 0.0    0.001 0.0 
  50.366 0.0    0.001 0.0 
  50.396 0.0    0.000 0.0 
  50.427 0.0   -0.000 0.0 
  50.457 0.0   -0.001 0.0 
  50.487 0.0   -0.001 0.0 
  50.517 0.0   -0.001 0.0 
  50.547 0.0   -0.002 0.0 
  50.577 0.0   -0.002 0.0 
  50.608 0.0   -0.002 0.0 
  50.638 0.0   -0.003 0.0 
  50.668 0.0   -0.003 0.0 
  50.699 0.0   -0.004 0.0 
  50.729 0.0   -0.004 0.0 
  50.759 0.0   -0.004 0.0 
  50.789 0.0   -0.004 0.0 
  50.820 0.0   -0.005 0.0 
  50.850 0.0   -0.005 0.0 
  50.880 0.0   -0.005 0.0 
  50.910 0.0   -0.006 0.0 
  50.942 0.0   -0.006 0.0 
  50.971 0.0   -0.006 0.0 
  51.002 0.0   -0.007 0.0 
  51.032 0.0   -0.007 0.0 
  51.062 0.0   -0.007 0.0 
  51.093 0.0   -0.007 0.0 
  51.123 0.0   -0.007 0.0 
  51.153 0.0   -0.007 0.0 
  51.183 0.0   -0.007 0.0 
  51.214 0.0   -0.007 0.0 
  51.244 0.0   -0.007 0.0 
  51.274 0.0   -0.007 0.0 
  51.304 0.0   -0.007 0.0 
  51.335 0.0   -0.007 0.0 
  51.366 0.0   -0.007 0.0 
  51.395 0.0   -0.007 0.0 
  51.425 0.0   -0.007 0.0 
  51.455 0.0   -0.007 0.0 
  51.486 0.0   -0.007 0.0 
  51.517 0.0   -0.007 0.0 
  51.546 0.0   -0.007 0.0 
  51.576 0.0   -0.007 0.0 
  51.607 0.0   -0.007 0.0 
  51.637 0.0   -0.006 0.0 
  51.667 0.0   -0.006 0.0 
  51.697 0.0   -0.006 0.0 
  51.728 0.0   -0.006 0.0 
  51.758 0.0   -0.005 0.0 
  51.788 0.0   -0.005 0.0 
  51.819 0.0   -0.005 0.0 
  51.849 0.0   -0.004 0.0 
  51.879 0.0   -0.004 0.0 
  51.909 0.0   -0.004 0.0 
  51.939 0.0   -0.004 0.0 
  51.970 0.0   -0.003 0.0 
  52.000 0.0   -0.003 0.0 
  52.030 0.0   -0.002 0.0 
  52.061 0.0   -0.002 0.0 
  52.091 0.0   -0.002 0.0 
  52.121 0.0   -0.001 0.0 
  52.151 0.0   -0.001 0.0 
  52.181 0.0   -0.001 0.0 
  52.212 0.0   -0.000 0.0 
  52.242 0.0    0.000 0.0 
  52.272 0.0    0.000 0.0 
  52.302 0.0    0.001 0.0 
  52.333 0.0    0.001 0.0 
  52.363 0.0    0.001 0.0 
  52.393 0.0    0.001 0.0 
  52.424 0.0    0.002 0.0 
  52.454 0.0    0.002 0.0 
  52.484 0.0    0.002 0.0 
  52.515 0.0    0.003 0.0 
  52.545 0.0    0.003 0.0 
  52.575 0.0    0.003 0.0 
  52.605 0.0    0.004 0.0 
  52.635 0.0    0.004 0.0 
  52.665 0.0    0.004 0.0 
  52.697 0.0    0.005 0.0 
  52.726 0.0    0.005 0.0 
  52.756 0.0    0.005 0.0 
  52.787 0.0    0.006 0.0 
  52.817 0.0    0.006 0.0 
  52.847 0.0    0.006 0.0 
  52.877 0.0    0.006 0.0 
  52.907 0.0    0.006 0.0 
  52.938 0.0    0.006 0.0 
  52.968 0.0    0.006 0.0 
  52.998 0.0    0.007 0.0 
  53.028 0.0    0.007 0.0 
  53.059 0.0    0.007 0.0 
  53.089 0.0    0.007 0.0 
  53.120 0.0    0.007 0.0 
  53.149 0.0    0.007 0.0 
  53.181 0.0    0.007 0.0 
  53.210 0.0    0.007 0.0 
  53.241 0.0    0.007 0.0 
  53.270 0.0    0.007 0.0 
  53.301 0.0    0.007 0.0 
  53.332 0.0    0.007 0.0 
  53.361 0.0    0.007 0.0 
  53.392 0.0    0.006 0.0 
  53.422 0.0    0.006 0.0 
  53.452 0.0    0.005 0.0 
  53.483 0.0    0.005 0.0 
  53.513 0.0    0.005 0.0 
  53.543 0.0    0.005 0.0 
  53.573 0.0    0.004 0.0 
  53.604 0.0    0.004 0.0 
  53.634 0.0    0.004 0.0 
  53.665 0.0    0.004 0.0 
  53.695 0.0    0.004 0.0 
  53.725 0.0    0.004 0.0 
  53.755 0.0    0.003 0.0 
  53.785 0.0    0.003 0.0 
  53.816 0.0    0.003 0.0 
  53.846 0.0    0.003 0.0 
  53.876 0.0    0.003 0.0 
  53.907 0.0    0.002 0.0 
  53.937 0.0    0.002 0.0 
  53.967 0.0    0.002 0.0 
  53.998 0.0    0.001 0.0 
  54.027 0.0    0.001 0.0 
  54.058 0.0    0.001 0.0 
  54.088 0.0    0.000 0.0 
  54.118 0.0   -0.000 0.0 
  54.148 0.0   -0.001 0.0 
  54.179 0.0   -0.002 0.0 
  54.209 0.0   -0.002 0.0 
  54.240 0.0   -0.002 0.0 
  54.269 0.0   -0.003 0.0 
  54.300 0.0   -0.003 0.0 
  54.330 0.0   -0.003 0.0 
  54.360 0.0   -0.004 0.0 
  54.391 0.0   -0.004 0.0 
  54.421 0.0   -0.004 0.0 
  54.451 0.0   -0.004 0.0 
  54.482 0.0   -0.004 0.0 
  54.511 0.0   -0.005 0.0 
  54.542 0.0   -0.005 0.0 
  54.573 0.0   -0.005 0.0 
  54.602 0.0   -0.006 0.0 
  54.633 0.0   -0.006 0.0 
  54.663 0.0   -0.006 0.0 
  54.692 0.0   -0.006 0.0 
  54.723 0.0   -0.006 0.0 
  54.754 0.0   -0.007 0.0 
  54.784 0.0   -0.007 0.0 
  54.814 0.0   -0.007 0.0 
  54.844 0.0   -0.007 0.0 
  54.875 0.0   -0.007 0.0 
  54.905 0.0   -0.007 0.0 
  54.935 0.0   -0.007 0.0 
  54.965 0.0   -0.007 0.0 
  54.996 0.0   -0.007 0.0 
  55.026 0.0   -0.007 0.0 
  55.056 0.0   -0.007 0.0 
  55.086 0.0   -0.007 0.0 
  55.117 0.0   -0.007 0.0 
  55.147 0.0   -0.007 0.0 
  55.177 0.0   -0.007 0.0 
  55.207 0.0   -0.007 0.0 
  55.237 0.0   -0.006 0.0 
  55.268 0.0   -0.006 0.0 
  55.298 0.0   -0.006 0.0 
  55.328 0.0   -0.006 0.0 
  55.358 0.0   -0.006 0.0 
  55.389 0.0   -0.006 0.0 
  55.420 0.0   -0.005 0.0 
  55.449 0.0   -0.005 0.0 
  55.480 0.0   -0.005 0.0 
  55.509 0.0   -0.005 0.0 
  55.540 0.0   -0.004 0.0 
  55.570 0.0   -0.004 0.0 
  55.600 0.0   -0.004 0.0 
  55.630 0.0   -0.004 0.0 
  55.661 0.0   -0.003 0.0 
  55.691 0.0   -0.003 0.0 
  55.721 0.0   -0.003 0.0 
  55.752 0.0   -0.002 0.0 
  55.782 0.0   -0.002 0.0 
  55.812 0.0   -0.002 0.0 
  55.843 0.0   -0.001 0.0 
  55.873 0.0   -0.001 0.0 
  55.903 0.0   -0.001 0.0 
  55.933 0.0   -0.000 0.0 
  55.963 0.0   -0.000 0.0 
  55.994 0.0    0.000 0.0 
  56.025 0.0    0.001 0.0 
  56.054 0.0    0.002 0.0 
  56.085 0.0    0.002 0.0 
  56.114 0.0    0.002 0.0 
  56.145 0.0    0.003 0.0 
  56.176 0.0    0.003 0.0 
  56.205 0.0    0.003 0.0 
  56.236 0.0    0.004 0.0 
  56.266 0.0    0.004 0.0 
  56.296 0.0    0.004 0.0 
  56.327 0.0    0.004 0.0 
  56.357 0.0    0.004 0.0 
  56.387 0.0    0.004 0.0 
  56.418 0.0    0.004 0.0 
  56.448 0.0    0.005 0.0 
  56.478 0.0    0.005 0.0 
  56.508 0.0    0.005 0.0 
  56.539 0.0    0.005 0.0 
  56.569 0.0    0.005 0.0 
  56.599 0.0    0.006 0.0 
  56.629 0.0    0.006 0.0 
  56.660 0.0    0.006 0.0 
  56.690 0.0    0.006 0.0 
  56.720 0.0    0.006 0.0 
  56.750 0.0    0.006 0.0 
  56.780 0.0    0.006 0.0 
  56.810 0.0    0.006 0.0 
  56.841 0.0    0.006 0.0 
  56.871 0.0    0.006 0.0 
  56.902 0.0    0.006 0.0 
  56.933 0.0    0.006 0.0 
  56.962 0.0    0.006 0.0 
  56.993 0.0    0.006 0.0 
  57.023 0.0    0.006 0.0 
  57.053 0.0    0.006 0.0 
  57.084 0.0    0.005 0.0 
  57.113 0.0    0.005 0.0 
  57.143 0.0    0.005 0.0 
  57.174 0.0    0.005 0.0 
  57.204 0.0    0.004 0.0 
  57.234 0.0    0.004 0.0 
  57.264 0.0    0.004 0.0 
  57.294 0.0    0.004 0.0 
  57.325 0.0    0.004 0.0 
  57.355 0.0    0.003 0.0 
  57.385 0.0    0.003 0.0 
  57.415 0.0    0.003 0.0 
  57.446 0.0    0.002 0.0 
  57.477 0.0    0.002 0.0 
  57.507 0.0    0.002 0.0 
  57.537 0.0    0.001 0.0 
  57.567 0.0    0.001 0.0 
  57.599 0.0    0.001 0.0 
  57.629 0.0    0.000 0.0 
  57.663 0.0   -0.000 0.0 
  57.689 0.0   -0.000 0.0 
  57.719 0.0   -0.001 0.0 
  57.749 0.0   -0.001 0.0 
  57.779 0.0   -0.001 0.0 
  57.809 0.0   -0.001 0.0 
  57.840 0.0   -0.002 0.0 
  57.870 0.0   -0.002 0.0 
  57.900 0.0   -0.003 0.0 
  57.930 0.0   -0.003 0.0 
  57.960 0.0   -0.003 0.0 
  57.991 0.0   -0.003 0.0 
  58.021 0.0   -0.003 0.0 
  58.052 0.0   -0.004 0.0 
  58.082 0.0   -0.004 0.0 
  58.112 0.0   -0.004 0.0 
  58.142 0.0   -0.004 0.0 
  58.173 0.0   -0.004 0.0 
  58.202 0.0   -0.004 0.0 
  58.233 0.0   -0.005 0.0 
  58.264 0.0   -0.005 0.0 
  58.293 0.0   -0.005 0.0 
  58.323 0.0   -0.005 0.0 
  58.354 0.0   -0.005 0.0 
  58.384 0.0   -0.005 0.0 
  58.414 0.0   -0.005 0.0 
  58.445 0.0   -0.005 0.0 
  58.475 0.0   -0.005 0.0 
  58.505 0.0   -0.005 0.0 
  58.536 0.0   -0.005 0.0 
  58.566 0.0   -0.005 0.0 
  58.596 0.0   -0.005 0.0 
  58.627 0.0   -0.005 0.0 
  58.656 0.0   -0.005 0.0 
  58.687 0.0   -0.005 0.0 
  58.717 0.0   -0.005 0.0 
  58.747 0.0   -0.005 0.0 
  58.777 0.0   -0.005 0.0 
  58.807 0.0   -0.005 0.0 
  58.838 0.0   -0.005 0.0 
  58.868 0.0   -0.005 0.0 
  58.898 0.0   -0.005 0.0 
  58.929 0.0   -0.005 0.0 
  58.959 0.0   -0.005 0.0 
  58.989 0.0   -0.005 0.0 
  59.020 0.0   -0.005 0.0 
  59.050 0.0   -0.004 0.0 
  59.080 0.0   -0.004 0.0 
  59.110 0.0   -0.004 0.0 
  59.141 0.0   -0.004 0.0 
  59.171 0.0   -0.004 0.0 
  59.201 0.0   -0.004 0.0 
  59.232 0.0   -0.004 0.0 
  59.261 0.0   -0.003 0.0 
  59.291 0.0   -0.003 0.0 
  59.322 0.0   -0.003 0.0 
  59.352 0.0   -0.003 0.0 
  59.382 0.0   -0.003 0.0 
  59.413 0.0   -0.003 0.0 
  59.443 0.0   -0.002 0.0 
  59.474 0.0   -0.002 0.0 
  59.504 0.0   -0.002 0.0 
  59.534 0.0   -0.001 0.0 
  59.564 0.0   -0.001 0.0 
  59.594 0.0   -0.001 0.0 
  59.625 0.0   -0.000 0.0 
  59.655 0.0   -0.000 0.0 
  59.685 0.0    0.000 0.0 
  59.715 0.0    0.000 0.0 
  59.746 0.0    0.000 0.0 
  59.776 0.0    0.001 0.0 
  59.807 0.0    0.001 0.0 
  59.836 0.0    0.001 0.0 
  59.868 0.0    0.001 0.0 
  59.897 0.0    0.002 0.0 
  59.927 0.0    0.002 0.0 
  59.957 0.0    0.002 0.0 
  59.987 0.0    0.003 0.0 
  60.017 0.0    0.003 0.0 
  60.047 0.0    0.003 0.0 
  60.078 0.0    0.003 0.0 
  60.108 0.0    0.003 0.0 
  60.138 0.0    0.004 0.0 
  60.169 0.0    0.004 0.0 
  60.198 0.0    0.004 0.0 
  60.229 0.0    0.004 0.0 
  60.259 0.0    0.004 0.0 
  60.289 0.0    0.004 0.0 
  60.319 0.0    0.004 0.0 
  60.350 0.0    0.004 0.0 
  60.381 0.0    0.004 0.0 
  60.410 0.0    0.004 0.0 
  60.441 0.0    0.004 0.0 
  60.471 0.0    0.004 0.0 
  60.501 0.0    0.004 0.0 
  60.532 0.0    0.004 0.0 
  60.562 0.0    0.004 0.0 
  60.592 0.0    0.004 0.0 
  60.623 0.0    0.004 0.0 
  60.653 0.0    0.004 0.0 
  60.683 0.0    0.004 0.0 
  60.713 0.0    0.004 0.0 
  60.743 0.0    0.004 0.0 
  60.774 0.0    0.004 0.0 
  60.803 0.0    0.004 0.0 
  60.835 0.0    0.004 0.0 
  60.864 0.0    0.004 0.0 
  60.894 0.0    0.004 0.0 
  60.925 0.0    0.004 0.0 
  60.955 0.0    0.004 0.0 
  60.986 0.0    0.004 0.0 
  61.015 0.0    0.004 0.0 
  61.046 0.0    0.004 0.0 
  61.076 0.0    0.003 0.0 
  61.106 0.0    0.003 0.0 
  61.137 0.0    0.003 0.0 
  61.167 0.0    0.003 0.0 
  61.197 0.0    0.003 0.0 
  61.228 0.0    0.002 0.0 
  61.258 0.0    0.002 0.0 
  61.288 0.0    0.002 0.0 
  61.319 0.0    0.001 0.0 
  61.349 0.0    0.001 0.0 
  61.379 0.0    0.001 0.0 
  61.409 0.0    0.001 0.0 
  61.439 0.0    0.000 0.0 
  61.471 0.0    0.000 0.0 
  61.500 0.0   -0.000 0.0 
  61.530 0.0   -0.001 0.0 
  61.560 0.0   -0.001 0.0 
  61.591 0.0   -0.001 0.0 
  61.621 0.0   -0.002 0.0 
  61.651 0.0   -0.002 0.0 
  61.681 0.0   -0.002 0.0 
  61.712 0.0   -0.003 0.0 
  61.742 0.0   -0.003 0.0 
  61.772 0.0   -0.003 0.0 
  61.803 0.0   -0.003 0.0 
  61.833 0.0   -0.003 0.0 
  61.863 0.0   -0.003 0.0 
  61.894 0.0   -0.003 0.0 
  61.924 0.0   -0.003 0.0 
  61.954 0.0   -0.003 0.0 
  61.984 0.0   -0.004 0.0 
  62.015 0.0   -0.004 0.0 
  62.044 0.0   -0.004 0.0 
  62.075 0.0   -0.004 0.0 
  62.105 0.0   -0.004 0.0 
  62.135 0.0   -0.004 0.0 
  62.165 0.0   -0.004 0.0 
  62.196 0.0   -0.005 0.0 
  62.226 0.0   -0.005 0.0 
  62.256 0.0   -0.005 0.0 
  62.287 0.0   -0.005 0.0 
  62.317 0.0   -0.005 0.0 
  62.346 0.0   -0.005 0.0 
  62.377 0.0   -0.005 0.0 
  62.407 0.0   -0.005 0.0 
  62.437 0.0   -0.005 0.0 
  62.468 0.0   -0.005 0.0 
  62.498 0.0   -0.005 0.0 
  62.529 0.0   -0.005 0.0 
  62.559 0.0   -0.005 0.0 
  62.589 0.0   -0.005 0.0 
  62.619 0.0   -0.005 0.0 
  62.650 0.0   -0.004 0.0 
  62.680 0.0   -0.004 0.0 
  62.710 0.0   -0.004 0.0 
  62.740 0.0   -0.004 0.0 
  62.771 0.0   -0.004 0.0 
  62.801 0.0   -0.004 0.0 
  62.831 0.0   -0.004 0.0 
  62.861 0.0   -0.003 0.0 
  62.892 0.0   -0.003 0.0 
  62.921 0.0   -0.003 0.0 
  62.953 0.0   -0.003 0.0 
  62.982 0.0   -0.002 0.0 
  63.012 0.0   -0.002 0.0 
  63.043 0.0   -0.001 0.0 
  63.072 0.0   -0.001 0.0 
  63.103 0.0   -0.001 0.0 
  63.133 0.0   -0.000 0.0 
  63.163 0.0   -0.000 0.0 
  63.194 0.0   -0.000 0.0 
  63.224 0.0    0.000 0.0 
  63.255 0.0    0.000 0.0 
  63.286 0.0    0.000 0.0 
  63.315 0.0    0.000 0.0 
  63.345 0.0    0.000 0.0 
  63.375 0.0    0.001 0.0 
  63.406 0.0    0.001 0.0 
  63.436 0.0    0.001 0.0 
  63.466 0.0    0.001 0.0 
  63.496 0.0    0.001 0.0 
  63.526 0.0    0.002 0.0 
  63.556 0.0    0.002 0.0 
  63.587 0.0    0.002 0.0 
  63.617 0.0    0.002 0.0 
  63.647 0.0    0.003 0.0 
  63.678 0.0    0.003 0.0 
  63.708 0.0    0.003 0.0 
  63.738 0.0    0.003 0.0 
  63.768 0.0    0.003 0.0 
  63.799 0.0    0.003 0.0 
  63.828 0.0    0.003 0.0 
  63.859 0.0    0.004 0.0 
  63.889 0.0    0.004 0.0 
  63.919 0.0    0.004 0.0 
  63.950 0.0    0.004 0.0 
  63.980 0.0    0.004 0.0 
  64.012 0.0    0.004 0.0 
  64.041 0.0    0.004 0.0 
  64.071 0.0    0.004 0.0 
  64.101 0.0    0.004 0.0 
  64.131 0.0    0.004 0.0 
  64.162 0.0    0.004 0.0 
  64.192 0.0    0.004 0.0 
  64.223 0.0    0.004 0.0 
  64.253 0.0    0.004 0.0 
  64.283 0.0    0.004 0.0 
  64.313 0.0    0.004 0.0 
  64.344 0.0    0.004 0.0 
  64.374 0.0    0.004 0.0 
  64.404 0.0    0.004 0.0 
  64.436 0.0    0.004 0.0 
  64.465 0.0    0.004 0.0 
  64.496 0.0    0.004 0.0 
  64.525 0.0    0.004 0.0 
  64.555 0.0    0.003 0.0 
  64.586 0.0    0.003 0.0 
  64.616 0.0    0.003 0.0 
  64.646 0.0    0.003 0.0 
  64.677 0.0    0.003 0.0 
  64.707 0.0    0.003 0.0 
  64.737 0.0    0.002 0.0 
  64.767 0.0    0.002 0.0 
  64.798 0.0    0.002 0.0 
  64.828 0.0    0.002 0.0 
  64.858 0.0    0.002 0.0 
  64.889 0.0    0.002 0.0 
  64.919 0.0    0.002 0.0 
  64.949 0.0    0.001 0.0 
  64.979 0.0    0.001 0.0 
  65.009 0.0    0.001 0.0 
  65.041 0.0    0.000 0.0 
  65.070 0.0    0.000 0.0 
  65.100 0.0   -0.000 0.0 
  65.131 0.0   -0.001 0.0 
  65.160 0.0   -0.001 0.0 
  65.191 0.0   -0.001 0.0 
  65.222 0.0   -0.001 0.0 
  65.252 0.0   -0.001 0.0 
  65.282 0.0   -0.001 0.0 
  65.312 0.0   -0.002 0.0 
  65.342 0.0   -0.002 0.0 
  65.372 0.0   -0.002 0.0 
  65.402 0.0   -0.002 0.0 
  65.433 0.0   -0.002 0.0 
  65.463 0.0   -0.002 0.0 
  65.493 0.0   -0.003 0.0 
  65.524 0.0   -0.003 0.0 
  65.554 0.0   -0.003 0.0 
  65.584 0.0   -0.003 0.0 
  65.615 0.0   -0.003 0.0 
  65.645 0.0   -0.003 0.0 
  65.675 0.0   -0.003 0.0 
  65.705 0.0   -0.003 0.0 
  65.735 0.0   -0.003 0.0 
  65.766 0.0   -0.003 0.0 
  65.796 0.0   -0.003 0.0 
  65.826 0.0   -0.003 0.0 
  65.857 0.0   -0.003 0.0 
  65.887 0.0   -0.003 0.0 
  65.917 0.0   -0.003 0.0 
  65.948 0.0   -0.003 0.0 
  65.978 0.0   -0.003 0.0 
  66.008 0.0   -0.003 0.0 
  66.038 0.0   -0.003 0.0 
  66.069 0.0   -0.003 0.0 
  66.099 0.0   -0.003 0.0 
  66.129 0.0   -0.003 0.0 
  66.159 0.0   -0.003 0.0 
  66.189 0.0   -0.003 0.0 
  66.219 0.0   -0.003 0.0 
  66.251 0.0   -0.003 0.0 
  66.280 0.0   -0.003 0.0 
  66.310 0.0   -0.003 0.0 
  66.341 0.0   -0.003 0.0 
  66.371 0.0   -0.003 0.0 
  66.401 0.0   -0.003 0.0 
  66.432 0.0   -0.003 0.0 
  66.462 0.0   -0.003 0.0 
  66.492 0.0   -0.003 0.0 
  66.523 0.0   -0.003 0.0 
  66.554 0.0   -0.003 0.0 
  66.582 0.0   -0.002 0.0 
  66.613 0.0   -0.002 0.0 
  66.644 0.0   -0.002 0.0 
  66.673 0.0   -0.002 0.0 
  66.704 0.0   -0.002 0.0 
  66.734 0.0   -0.001 0.0 
  66.765 0.0   -0.001 0.0 
  66.794 0.0   -0.001 0.0 
  66.825 0.0   -0.001 0.0 
  66.855 0.0   -0.000 0.0 
  66.885 0.0   -0.000 0.0 
  66.916 0.0    0.000 0.0 
  66.947 0.0    0.001 0.0 
  66.977 0.0    0.001 0.0 
  67.007 0.0    0.001 0.0 
  67.037 0.0    0.001 0.0 
  67.067 0.0    0.001 0.0 
  67.097 0.0    0.002 0.0 
  67.127 0.0    0.002 0.0 
  67.158 0.0    0.002 0.0 
  67.188 0.0    0.002 0.0 
  67.219 0.0    0.002 0.0 
  67.249 0.0    0.002 0.0 
  67.279 0.0    0.002 0.0 
  67.309 0.0    0.002 0.0 
  67.339 0.0    0.002 0.0 
  67.369 0.0    0.003 0.0 
  67.400 0.0    0.003 0.0 
  67.430 0.0    0.003 0.0 
  67.460 0.0    0.003 0.0 
  67.491 0.0    0.003 0.0 
  67.521 0.0    0.003 0.0 
  67.551 0.0    0.003 0.0 
  67.581 0.0    0.004 0.0 
  67.612 0.0    0.004 0.0 
  67.642 0.0    0.004 0.0 
  67.672 0.0    0.004 0.0 
  67.703 0.0    0.004 0.0 
  67.733 0.0    0.004 0.0 
  67.763 0.0    0.004 0.0 
  67.793 0.0    0.004 0.0 
  67.823 0.0    0.004 0.0 
  67.854 0.0    0.004 0.0 
  67.884 0.0    0.004 0.0 
  67.914 0.0    0.004 0.0 
  67.944 0.0    0.004 0.0 
  67.975 0.0    0.004 0.0 
  68.005 0.0    0.004 0.0 
  68.035 0.0    0.004 0.0 
  68.066 0.0    0.004 0.0 
  68.096 0.0    0.004 0.0 
  68.126 0.0    0.003 0.0 
  68.157 0.0    0.003 0.0 
  68.186 0.0    0.003 0.0 
  68.216 0.0    0.003 0.0 
  68.247 0.0    0.003 0.0 
  68.278 0.0    0.003 0.0 
  68.308 0.0    0.002 0.0 
  68.338 0.0    0.002 0.0 
  68.368 0.0    0.002 0.0 
  68.398 0.0    0.002 0.0 
  68.429 0.0    0.002 0.0 
  68.462 0.0    0.002 0.0 
  68.490 0.0    0.002 0.0 
  68.520 0.0    0.001 0.0 
  68.550 0.0    0.001 0.0 
  68.580 0.0    0.001 0.0 
  68.611 0.0    0.001 0.0 
  68.641 0.0    0.001 0.0 
  68.676 0.0    0.000 0.0 
  68.701 0.0    0.000 0.0 
  68.732 0.0    0.000 0.0 
  68.766 0.0    0.000 0.0 
  68.792 0.0   -0.000 0.0 
  68.822 0.0   -0.000 0.0 
  68.852 0.0   -0.000 0.0 
  68.883 0.0   -0.001 0.0 
  68.913 0.0   -0.001 0.0 
  68.943 0.0   -0.001 0.0 
  68.974 0.0   -0.001 0.0 
  69.003 0.0   -0.001 0.0 
  69.034 0.0   -0.002 0.0 
  69.064 0.0   -0.002 0.0 
  69.095 0.0   -0.002 0.0 
  69.125 0.0   -0.002 0.0 
  69.155 0.0   -0.002 0.0 
  69.185 0.0   -0.002 0.0 
  69.215 0.0   -0.003 0.0 
  69.245 0.0   -0.003 0.0 
  69.276 0.0   -0.003 0.0 
  69.305 0.0   -0.003 0.0 
  69.336 0.0   -0.003 0.0 
  69.367 0.0   -0.003 0.0 
  69.397 0.0   -0.003 0.0 
  69.428 0.0   -0.003 0.0 
  69.457 0.0   -0.003 0.0 
  69.487 0.0   -0.003 0.0 
  69.518 0.0   -0.003 0.0 
  69.548 0.0   -0.003 0.0 
  69.578 0.0   -0.003 0.0 
  69.609 0.0   -0.003 0.0 
  69.639 0.0   -0.003 0.0 
  69.668 0.0   -0.003 0.0 
  69.699 0.0   -0.003 0.0 
  69.730 0.0   -0.003 0.0 
  69.759 0.0   -0.003 0.0 
  69.790 0.0   -0.003 0.0 
  69.820 0.0   -0.003 0.0 
  69.850 0.0   -0.003 0.0 
  69.880 0.0   -0.003 0.0 
  69.911 0.0   -0.003 0.0 
  69.941 0.0   -0.003 0.0 
  69.971 0.0   -0.003 0.0 
  70.002 0.0   -0.003 0.0 
  70.032 0.0   -0.003 0.0 
  70.062 0.0   -0.003 0.0 
  70.093 0.0   -0.003 0.0 
  70.123 0.0   -0.003 0.0 
  70.153 0.0   -0.003 0.0 
  70.183 0.0   -0.003 0.0 
  70.213 0.0   -0.003 0.0 
  70.244 0.0   -0.002 0.0 
  70.274 0.0   -0.002 0.0 
  70.304 0.0   -0.002 0.0 
  70.335 0.0   -0.001 0.0 
  70.365 0.0   -0.001 0.0 
  70.395 0.0   -0.001 0.0 
  70.425 0.0   -0.000 0.0 
  70.456 0.0   -0.000 0.0 
  70.486 0.0    0.000 0.0 
  70.516 0.0    0.000 0.0 
  70.546 0.0    0.000 0.0 
  70.578 0.0    0.000 0.0 
  70.607 0.0    0.000 0.0 
  70.637 0.0    0.000 0.0 
  70.669 0.0    0.000 0.0 
  70.698 0.0    0.000 0.0 
  70.728 0.0    0.000 0.0 
  70.758 0.0    0.000 0.0 
  70.788 0.0    0.001 0.0 
  70.820 0.0    0.001 0.0 
  70.849 0.0    0.001 0.0 
  70.879 0.0    0.001 0.0 
  70.909 0.0    0.001 0.0 
  70.941 0.0    0.002 0.0 
  70.969 0.0    0.002 0.0 
  71.000 0.0    0.002 0.0 
  71.030 0.0    0.002 0.0 
  71.061 0.0    0.002 0.0 
  71.090 0.0    0.003 0.0 
  71.121 0.0    0.003 0.0 
  71.151 0.0    0.003 0.0 
  71.181 0.0    0.003 0.0 
  71.211 0.0    0.003 0.0 
  71.242 0.0    0.003 0.0 
  71.272 0.0    0.004 0.0 
  71.302 0.0    0.004 0.0 
  71.332 0.0    0.004 0.0 
  71.363 0.0    0.004 0.0 
  71.393 0.0    0.004 0.0 
  71.423 0.0    0.004 0.0 
  71.454 0.0    0.004 0.0 
  71.487 0.0    0.004 0.0 
  71.514 0.0    0.004 0.0 
  71.545 0.0    0.004 0.0 
  71.575 0.0    0.004 0.0 
  71.609 0.0    0.004 0.0 
  71.635 0.0    0.004 0.0 
  71.665 0.0    0.004 0.0 
  71.696 0.0    0.004 0.0 
  71.726 0.0    0.004 0.0 
  71.756 0.0    0.004 0.0 
  71.787 0.0    0.003 0.0 
  71.817 0.0    0.003 0.0 
  71.847 0.0    0.003 0.0 
  71.878 0.0    0.003 0.0 
  71.908 0.0    0.003 0.0 
  71.938 0.0    0.003 0.0 
  71.969 0.0    0.002 0.0 
  71.999 0.0    0.002 0.0 
  72.030 0.0    0.002 0.0 
  72.059 0.0    0.002 0.0 
  72.095 0.0    0.002 0.0 
  72.120 0.0    0.002 0.0 
  72.150 0.0    0.001 0.0 
  72.180 0.0    0.001 0.0 
  72.210 0.0    0.001 0.0 
  72.241 0.0    0.001 0.0 
  72.270 0.0    0.001 0.0 
  72.301 0.0    0.000 0.0 
  72.331 0.0    0.000 0.0 
  72.362 0.0   -0.000 0.0 
  72.392 0.0   -0.000 0.0 
  72.421 0.0   -0.001 0.0 
  72.452 0.0   -0.001 0.0 
  72.482 0.0   -0.001 0.0 
  72.512 0.0   -0.001 0.0 
  72.542 0.0   -0.001 0.0 
  72.573 0.0   -0.002 0.0 
  72.603 0.0   -0.002 0.0 
  72.638 0.0   -0.002 0.0 
  72.664 0.0   -0.002 0.0 
  72.699 0.0   -0.003 0.0 
  72.725 0.0   -0.003 0.0 
  72.755 0.0   -0.003 0.0 
  72.785 0.0   -0.003 0.0 
  72.820 0.0   -0.003 0.0 
  72.845 0.0   -0.003 0.0 
  72.876 0.0   -0.003 0.0 
  72.907 0.0   -0.003 0.0 
  72.937 0.0   -0.003 0.0 
  72.966 0.0   -0.003 0.0 
  72.997 0.0   -0.003 0.0 
  73.027 0.0   -0.003 0.0 
  73.057 0.0   -0.003 0.0 
  73.087 0.0   -0.003 0.0 
  73.118 0.0   -0.003 0.0 
  73.148 0.0   -0.003 0.0 
  73.179 0.0   -0.003 0.0 
  73.208 0.0   -0.003 0.0 
  73.239 0.0   -0.003 0.0 
  73.268 0.0   -0.003 0.0 
  73.299 0.0   -0.003 0.0 
  73.330 0.0   -0.003 0.0 
  73.360 0.0   -0.003 0.0 
  73.390 0.0   -0.003 0.0 
  73.420 0.0   -0.003 0.0 
  73.451 0.0   -0.003 0.0 
  73.481 0.0   -0.003 0.0 
  73.511 0.0   -0.003 0.0 
  73.542 0.0   -0.003 0.0 
  73.572 0.0   -0.003 0.0 
  73.602 0.0   -0.003 0.0 
  73.632 0.0   -0.003 0.0 
  73.663 0.0   -0.003 0.0 
  73.693 0.0   -0.003 0.0 
  73.723 0.0   -0.003 0.0 
  73.753 0.0   -0.003 0.0 
  73.788 0.0   -0.002 0.0 
  73.818 0.0   -0.002 0.0 
  73.848 0.0   -0.002 0.0 
  73.874 0.0   -0.001 0.0 
  73.905 0.0   -0.001 0.0 
  73.936 0.0   -0.001 0.0 
  73.966 0.0   -0.001 0.0 
  73.999 0.0   -0.000 0.0 
  74.030 0.0   -0.000 0.0 
  74.055 0.0    0.000 0.0 
  74.085 0.0    0.000 0.0 
  74.116 0.0    0.000 0.0 
  74.146 0.0    0.000 0.0 
  74.177 0.0    0.000 0.0 
  74.207 0.0    0.000 0.0 
  74.237 0.0    0.000 0.0 
  74.267 0.0    0.000 0.0 
  74.297 0.0    0.000 0.0 
  74.328 0.0    0.000 0.0 
  74.359 0.0    0.000 0.0 
  74.389 0.0    0.001 0.0 
  74.419 0.0    0.001 0.0 
  74.449 0.0    0.001 0.0 
  74.479 0.0    0.001 0.0 
  74.509 0.0    0.001 0.0 
  74.540 0.0    0.001 0.0 
  74.570 0.0    0.002 0.0 
  74.600 0.0    0.002 0.0 
  74.630 0.0    0.002 0.0 
  74.660 0.0    0.002 0.0 
  74.691 0.0    0.002 0.0 
  74.721 0.0    0.002 0.0 
  74.753 0.0    0.002 0.0 
  74.782 0.0    0.002 0.0 
  74.811 0.0    0.002 0.0 
  74.841 0.0    0.002 0.0 
  74.872 0.0    0.002 0.0 
  74.902 0.0    0.002 0.0 
  74.934 0.0    0.002 0.0 
  74.963 0.0    0.002 0.0 
  74.993 0.0    0.002 0.0 
  75.023 0.0    0.002 0.0 
  75.058 0.0    0.002 0.0 
  75.084 0.0    0.002 0.0 
  75.115 0.0    0.002 0.0 
  75.145 0.0    0.002 0.0 
  75.175 0.0    0.002 0.0 
  75.205 0.0    0.002 0.0 
  75.235 0.0    0.002 0.0 
  75.266 0.0    0.002 0.0 
  75.296 0.0    0.002 0.0 
  75.326 0.0    0.002 0.0 
  75.357 0.0    0.002 0.0 
  75.387 0.0    0.002 0.0 
  75.416 0.0    0.002 0.0 
  75.447 0.0    0.001 0.0 
  75.479 0.0    0.001 0.0 
  75.508 0.0    0.001 0.0 
  75.538 0.0    0.001 0.0 
  75.568 0.0    0.001 0.0 
  75.599 0.0    0.001 0.0 
  75.628 0.0    0.000 0.0 
  75.659 0.0    0.000 0.0 
  75.690 0.0    0.000 0.0 
  75.720 0.0    0.000 0.0 
  75.750 0.0    0.000 0.0 
  75.780 0.0    0.000 0.0 
  75.810 0.0    0.000 0.0 
  75.840 0.0    0.000 0.0 
  75.871 0.0    0.000 0.0 
  75.901 0.0    0.000 0.0 
  75.931 0.0    0.000 0.0 
  75.961 0.0    0.000 0.0 
  75.992 0.0    0.000 0.0 
  76.022 0.0    0.000 0.0 
  76.053 0.0    0.000 0.0 
  76.082 0.0    0.000 0.0 
  76.112 0.0   -0.000 0.0 
  76.143 0.0   -0.000 0.0 
  76.173 0.0   -0.001 0.0 
  76.203 0.0   -0.001 0.0 
  76.234 0.0   -0.001 0.0 
  76.264 0.0   -0.001 0.0 
  76.294 0.0   -0.001 0.0 
  76.325 0.0   -0.001 0.0 
  76.355 0.0   -0.002 0.0 
  76.386 0.0   -0.002 0.0 
  76.416 0.0   -0.002 0.0 
  76.446 0.0   -0.002 0.0 
  76.476 0.0   -0.002 0.0 
  76.507 0.0   -0.002 0.0 
  76.536 0.0   -0.002 0.0 
  76.567 0.0   -0.002 0.0 
  76.597 0.0   -0.003 0.0 
  76.627 0.0   -0.003 0.0 
  76.657 0.0   -0.003 0.0 
  76.689 0.0   -0.003 0.0 
  76.718 0.0   -0.003 0.0 
  76.748 0.0   -0.003 0.0 
  76.778 0.0   -0.003 0.0 
  76.809 0.0   -0.003 0.0 
  76.839 0.0   -0.003 0.0 
  76.870 0.0   -0.003 0.0 
  76.900 0.0   -0.003 0.0 
  76.930 0.0   -0.003 0.0 
  76.960 0.0   -0.003 0.0 
  76.991 0.0   -0.003 0.0 
  77.021 0.0   -0.003 0.0 
  77.051 0.0   -0.003 0.0 
  77.082 0.0   -0.002 0.0 
  77.111 0.0   -0.002 0.0 
  77.142 0.0   -0.002 0.0 
  77.172 0.0   -0.002 0.0 
  77.202 0.0   -0.002 0.0 
  77.233 0.0   -0.002 0.0 
  77.263 0.0   -0.002 0.0 
  77.293 0.0   -0.001 0.0 
  77.323 0.0   -0.001 0.0 
  77.354 0.0   -0.001 0.0 
  77.384 0.0   -0.001 0.0 
  77.414 0.0   -0.001 0.0 
  77.445 0.0   -0.001 0.0 
  77.475 0.0   -0.001 0.0 
  77.505 0.0   -0.001 0.0 
  77.535 0.0   -0.001 0.0 
  77.565 0.0   -0.001 0.0 
  77.596 0.0   -0.001 0.0 
  77.626 0.0   -0.001 0.0 
  77.657 0.0   -0.001 0.0 
  77.686 0.0   -0.000 0.0 
  77.717 0.0   -0.000 0.0 
  77.747 0.0   -0.000 0.0 
  77.777 0.0   -0.000 0.0 
  77.808 0.0    0.000 0.0 
  77.838 0.0    0.000 0.0 
  77.868 0.0    0.000 0.0 
  77.899 0.0    0.000 0.0 
  77.931 0.0    0.000 0.0 
  77.959 0.0    0.000 0.0 
  77.989 0.0    0.000 0.0 
  78.020 0.0    0.000 0.0 
  78.050 0.0    0.000 0.0 
  78.080 0.0    0.000 0.0 
  78.111 0.0    0.000 0.0 
  78.141 0.0    0.001 0.0 
  78.171 0.0    0.001 0.0 
  78.201 0.0    0.001 0.0 
  78.232 0.0    0.001 0.0 
  78.262 0.0    0.001 0.0 
  78.292 0.0    0.002 0.0 
  78.323 0.0    0.002 0.0 
  78.353 0.0    0.002 0.0 
  78.383 0.0    0.002 0.0 
  78.413 0.0    0.002 0.0 
  78.443 0.0    0.002 0.0 
  78.473 0.0    0.002 0.0 
  78.504 0.0    0.002 0.0 
  78.534 0.0    0.002 0.0 
  78.564 0.0    0.002 0.0 
  78.594 0.0    0.002 0.0 
  78.625 0.0    0.002 0.0 
  78.655 0.0    0.002 0.0 
  78.685 0.0    0.002 0.0 
  78.716 0.0    0.002 0.0 
  78.746 0.0    0.002 0.0 
  78.781 0.0    0.002 0.0 
  78.806 0.0    0.002 0.0 
  78.837 0.0    0.002 0.0 
  78.867 0.0    0.002 0.0 
  78.898 0.0    0.002 0.0 
  78.928 0.0    0.002 0.0 
  78.958 0.0    0.002 0.0 
  78.988 0.0    0.002 0.0 
  79.018 0.0    0.002 0.0 
  79.049 0.0    0.002 0.0 
  79.079 0.0    0.002 0.0 
  79.109 0.0    0.002 0.0 
  79.140 0.0    0.001 0.0 
  79.170 0.0    0.001 0.0 
  79.200 0.0    0.001 0.0 
  79.230 0.0    0.001 0.0 
  79.260 0.0    0.001 0.0 
  79.291 0.0    0.001 0.0 
  79.321 0.0    0.000 0.0 
  79.352 0.0    0.000 0.0 
  79.382 0.0    0.000 0.0 
  79.414 0.0    0.000 0.0 
  79.442 0.0    0.000 0.0 
  79.472 0.0    0.000 0.0 
  79.503 0.0    0.000 0.0 
  79.534 0.0    0.000 0.0 
  79.563 0.0    0.000 0.0 
  79.593 0.0    0.000 0.0 
  79.624 0.0    0.000 0.0 
  79.654 0.0   -0.000 0.0 
  79.685 0.0   -0.000 0.0 
  79.715 0.0   -0.000 0.0 
  79.745 0.0   -0.000 0.0 
  79.775 0.0   -0.001 0.0 
  79.805 0.0   -0.001 0.0 
  79.836 0.0   -0.001 0.0 
  79.866 0.0   -0.001 0.0 
  79.896 0.0   -0.001 0.0 
  79.926 0.0   -0.001 0.0 
  79.958 0.0   -0.001 0.0 
  79.987 0.0   -0.001 0.0 
  80.017 0.0   -0.001 0.0 
  80.048 0.0   -0.001 0.0 
  80.078 0.0   -0.002 0.0 
  80.109 0.0   -0.002 0.0 
  80.139 0.0   -0.002 0.0 
  80.168 0.0   -0.002 0.0 
  80.199 0.0   -0.002 0.0 
  80.229 0.0   -0.002 0.0 
  80.259 0.0   -0.002 0.0 
  80.290 0.0   -0.002 0.0 
  80.320 0.0   -0.002 0.0 
  80.350 0.0   -0.002 0.0 
  80.382 0.0   -0.002 0.0 
  80.411 0.0   -0.003 0.0 
  80.446 0.0   -0.003 0.0 
  80.472 0.0   -0.003 0.0 
  80.502 0.0   -0.003 0.0 
  80.532 0.0   -0.003 0.0 
  80.562 0.0   -0.003 0.0 
  80.593 0.0   -0.003 0.0 
  80.623 0.0   -0.002 0.0 
  80.653 0.0   -0.002 0.0 
  80.683 0.0   -0.002 0.0 
  80.714 0.0   -0.002 0.0 
  80.748 0.0   -0.002 0.0 
  80.777 0.0   -0.002 0.0 
  80.809 0.0   -0.002 0.0 
  80.836 0.0   -0.002 0.0 
  80.869 0.0   -0.001 0.0 
  80.896 0.0   -0.001 0.0 
  80.926 0.0   -0.001 0.0 
  80.956 0.0   -0.001 0.0 
  80.986 0.0   -0.001 0.0 
  81.016 0.0   -0.001 0.0 
  81.047 0.0   -0.001 0.0 
  81.078 0.0   -0.001 0.0 
  81.107 0.0   -0.001 0.0 
  81.137 0.0   -0.001 0.0 
  81.170 0.0   -0.001 0.0 
  81.198 0.0   -0.001 0.0 
  81.228 0.0   -0.001 0.0 
  81.259 0.0   -0.000 0.0 
  81.288 0.0   -0.000 0.0 
  81.319 0.0   -0.000 0.0 
  81.349 0.0    0.000 0.0 
  81.380 0.0    0.000 0.0 
  81.410 0.0    0.000 0.0 
  81.440 0.0    0.000 0.0 
  81.472 0.0    0.000 0.0 
  81.501 0.0    0.000 0.0 
  81.531 0.0    0.000 0.0 
  81.561 0.0    0.000 0.0 
  81.591 0.0    0.000 0.0 
  81.622 0.0    0.000 0.0 
  81.652 0.0    0.000 0.0 
  81.683 0.0    0.001 0.0 
  81.713 0.0    0.001 0.0 
  81.743 0.0    0.001 0.0 
  81.774 0.0    0.001 0.0 
  81.803 0.0    0.001 0.0 
  81.834 0.0    0.002 0.0 
  81.864 0.0    0.002 0.0 
  81.894 0.0    0.002 0.0 
  81.924 0.0    0.002 0.0 
  81.955 0.0    0.002 0.0 
  81.985 0.0    0.002 0.0 
  82.015 0.0    0.002 0.0 
  82.046 0.0    0.002 0.0 
  82.076 0.0    0.002 0.0 
  82.106 0.0    0.002 0.0 
  82.141 0.0    0.002 0.0 
  82.167 0.0    0.002 0.0 
  82.197 0.0    0.002 0.0 
  82.228 0.0    0.002 0.0 
  82.259 0.0    0.002 0.0 
  82.287 0.0    0.002 0.0 
  82.317 0.0    0.002 0.0 
  82.348 0.0    0.002 0.0 
  82.378 0.0    0.002 0.0 
  82.409 0.0    0.002 0.0 
  82.439 0.0    0.001 0.0 
  82.469 0.0    0.001 0.0 
  82.500 0.0    0.001 0.0 
  82.529 0.0    0.001 0.0 
  82.560 0.0    0.001 0.0 
  82.590 0.0    0.001 0.0 
  82.621 0.0    0.000 0.0 
  82.651 0.0    0.000 0.0 
  82.681 0.0    0.000 0.0 
  82.712 0.0    0.000 0.0 
  82.742 0.0    0.000 0.0 
  82.771 0.0    0.000 0.0 
  82.802 0.0    0.000 0.0 
  82.833 0.0    0.000 0.0 
  82.863 0.0    0.000 0.0 
  82.893 0.0    0.000 0.0 
  82.923 0.0    0.000 0.0 
  82.953 0.0    0.000 0.0 
  82.984 0.0    0.000 0.0 
  83.014 0.0    0.000 0.0 
  83.044 0.0    0.000 0.0 
  83.075 0.0    0.000 0.0 
  83.105 0.0    0.000 0.0 
  83.135 0.0    0.000 0.0 
  83.165 0.0    0.000 0.0 
  83.195 0.0    0.000 0.0 
  83.225 0.0    0.000 0.0 
  83.256 0.0   -0.000 0.0 
  83.286 0.0   -0.000 0.0 
  83.316 0.0   -0.000 0.0 
  83.347 0.0   -0.000 0.0 
  83.376 0.0   -0.001 0.0 
  83.407 0.0   -0.001 0.0 
  83.437 0.0   -0.001 0.0 
  83.468 0.0   -0.001 0.0 
  83.498 0.0   -0.001 0.0 
  83.528 0.0   -0.001 0.0 
  83.558 0.0   -0.001 0.0 
  83.588 0.0   -0.001 0.0 
  83.618 0.0   -0.001 0.0 
  83.649 0.0   -0.001 0.0 
  83.680 0.0   -0.001 0.0 
  83.709 0.0   -0.001 0.0 
  83.739 0.0   -0.001 0.0 
  83.770 0.0   -0.001 0.0 
  83.800 0.0   -0.001 0.0 
  83.830 0.0   -0.001 0.0 
  83.861 0.0   -0.001 0.0 
  83.891 0.0   -0.001 0.0 
  83.922 0.0   -0.001 0.0 
  83.952 0.0   -0.001 0.0 
  83.982 0.0   -0.001 0.0 
  84.012 0.0   -0.001 0.0 
  84.043 0.0   -0.001 0.0 
  84.072 0.0   -0.001 0.0 
  84.103 0.0   -0.001 0.0 
  84.133 0.0   -0.001 0.0 
  84.163 0.0   -0.001 0.0 
  84.193 0.0   -0.001 0.0 
  84.224 0.0   -0.001 0.0 
  84.254 0.0   -0.001 0.0 
  84.286 0.0   -0.001 0.0 
  84.314 0.0   -0.001 0.0 
  84.344 0.0   -0.001 0.0 
  84.375 0.0   -0.001 0.0 
  84.406 0.0   -0.001 0.0 
  84.436 0.0   -0.000 0.0 
  84.467 0.0   -0.000 0.0 
  84.496 0.0   -0.000 0.0 
  84.526 0.0    0.000 0.0 
  84.556 0.0    0.000 0.0 
  84.587 0.0    0.000 0.0 
  84.618 0.0    0.000 0.0 
  84.648 0.0    0.000 0.0 
  84.678 0.0    0.000 0.0 
  84.708 0.0    0.000 0.0 
