   0.000 0.0 0.0    0.006 
   0.058 0.0 0.0    0.007 
   0.117 0.0 0.0    0.009 
   0.173 0.0 0.0    0.011 
   0.226 0.0 0.0    0.013 
   0.276 0.0 0.0    0.015 
   0.333 0.0 0.0    0.019 
   0.390 0.0 0.0    0.023 
   0.447 0.0 0.0    0.027 
   0.498 0.0 0.0    0.031 
   0.552 0.0 0.0    0.035 
   0.609 0.0 0.0    0.038 
   0.662 0.0 0.0    0.041 
   0.721 0.0 0.0    0.044 
   0.778 0.0 0.0    0.046 
   0.825 0.0 0.0    0.048 
   0.885 0.0 0.0    0.049 
   0.936 0.0 0.0    0.049 
   0.992 0.0 0.0    0.049 
   1.048 0.0 0.0    0.048 
   1.107 0.0 0.0    0.045 
   1.156 0.0 0.0    0.042 
   1.213 0.0 0.0    0.039 
   1.269 0.0 0.0    0.034 
   1.330 0.0 0.0    0.029 
   1.377 0.0 0.0    0.022 
   1.434 0.0 0.0    0.015 
   1.496 0.0 0.0    0.008 
   1.550 0.0 0.0   -0.000 
   1.605 0.0 0.0   -0.009 
   1.660 0.0 0.0   -0.017 
   1.716 0.0 0.0   -0.026 
   1.772 0.0 0.0   -0.035 
   1.819 0.0 0.0   -0.045 
   1.874 0.0 0.0   -0.053 
   1.935 0.0 0.0   -0.061 
   2.065 0.0 0.0   -0.069 
   2.100 0.0 0.0   -0.076 
   2.152 0.0 0.0   -0.082 
   2.206 0.0 0.0   -0.087 
   2.261 0.0 0.0   -0.092 
   2.316 0.0 0.0   -0.094 
   2.370 0.0 0.0   -0.095 
   2.430 0.0 0.0   -0.094 
   2.486 0.0 0.0   -0.093 
   2.541 0.0 0.0   -0.088 
   2.596 0.0 0.0   -0.083 
   2.652 0.0 0.0   -0.077 
   2.701 0.0 0.0   -0.068 
   2.754 0.0 0.0   -0.059 
   2.815 0.0 0.0   -0.049 
   2.869 0.0 0.0   -0.038 
   2.924 0.0 0.0   -0.026 
   2.983 0.0 0.0   -0.013 
   3.030 0.0 0.0    0.000 
   3.085 0.0 0.0    0.013 
   3.143 0.0 0.0    0.027 
   3.203 0.0 0.0    0.040 
   3.250 0.0 0.0    0.053 
   3.309 0.0 0.0    0.067 
   3.368 0.0 0.0    0.079 
   3.423 0.0 0.0    0.091 
   3.477 0.0 0.0    0.102 
   3.534 0.0 0.0    0.111 
   3.588 0.0 0.0    0.119 
   3.645 0.0 0.0    0.126 
   3.701 0.0 0.0    0.132 
   3.746 0.0 0.0    0.135 
   3.800 0.0 0.0    0.137 
   3.855 0.0 0.0    0.137 
   3.911 0.0 0.0    0.135 
   3.966 0.0 0.0    0.131 
   4.030 0.0 0.0    0.125 
   4.076 0.0 0.0    0.117 
   4.132 0.0 0.0    0.108 
   4.196 0.0 0.0    0.096 
   4.240 0.0 0.0    0.083 
   4.296 0.0 0.0    0.068 
   4.352 0.0 0.0    0.052 
   4.406 0.0 0.0    0.036 
   4.472 0.0 0.0    0.019 
   4.519 0.0 0.0    0.001 
   4.574 0.0 0.0   -0.016 
   4.634 0.0 0.0   -0.034 
   4.692 0.0 0.0   -0.053 
   4.746 0.0 0.0   -0.070 
   4.804 0.0 0.0   -0.087 
   4.858 0.0 0.0   -0.102 
   4.914 0.0 0.0   -0.117 
   4.970 0.0 0.0   -0.131 
   5.014 0.0 0.0   -0.143 
   5.070 0.0 0.0   -0.154 
   5.135 0.0 0.0   -0.163 
   5.274 0.0 0.0   -0.169 
   5.308 0.0 0.0   -0.173 
   5.356 0.0 0.0   -0.174 
   5.412 0.0 0.0   -0.173 
   5.475 0.0 0.0   -0.171 
   5.521 0.0 0.0   -0.163 
   5.577 0.0 0.0   -0.152 
   5.632 0.0 0.0   -0.140 
   5.685 0.0 0.0   -0.125 
   5.741 0.0 0.0   -0.108 
   5.806 0.0 0.0   -0.089 
   5.862 0.0 0.0   -0.070 
   5.904 0.0 0.0   -0.049 
   5.960 0.0 0.0   -0.027 
   6.022 0.0 0.0   -0.004 
   6.069 0.0 0.0    0.017 
   6.124 0.0 0.0    0.038 
   6.181 0.0 0.0    0.058 
   6.240 0.0 0.0    0.078 
   6.298 0.0 0.0    0.098 
   6.344 0.0 0.0    0.118 
   6.401 0.0 0.0    0.136 
   6.469 0.0 0.0    0.152 
   6.527 0.0 0.0    0.166 
   6.570 0.0 0.0    0.179 
   6.628 0.0 0.0    0.190 
   6.689 0.0 0.0    0.197 
   6.738 0.0 0.0    0.202 
   6.791 0.0 0.0    0.205 
   6.847 0.0 0.0    0.204 
   6.905 0.0 0.0    0.200 
   6.955 0.0 0.0    0.193 
   7.013 0.0 0.0    0.184 
   7.066 0.0 0.0    0.172 
   7.120 0.0 0.0    0.157 
   7.179 0.0 0.0    0.140 
   7.228 0.0 0.0    0.121 
   7.290 0.0 0.0    0.102 
   7.338 0.0 0.0    0.079 
   7.396 0.0 0.0    0.055 
   7.449 0.0 0.0    0.032 
   7.503 0.0 0.0    0.008 
   7.565 0.0 0.0   -0.017 
   7.614 0.0 0.0   -0.043 
   7.674 0.0 0.0   -0.068 
   7.736 0.0 0.0   -0.091 
   7.788 0.0 0.0   -0.115 
   7.845 0.0 0.0   -0.137 
   7.891 0.0 0.0   -0.157 
   7.947 0.0 0.0   -0.175 
   8.007 0.0 0.0   -0.192 
   8.057 0.0 0.0   -0.208 
   8.115 0.0 0.0   -0.219 
   8.168 0.0 0.0   -0.227 
   8.226 0.0 0.0   -0.232 
   8.280 0.0 0.0   -0.235 
   8.344 0.0 0.0   -0.235 
   8.398 0.0 0.0   -0.231 
   8.522 0.0 0.0   -0.225 
   8.552 0.0 0.0   -0.214 
   8.603 0.0 0.0   -0.201 
   8.658 0.0 0.0   -0.186 
   8.715 0.0 0.0   -0.168 
   8.778 0.0 0.0   -0.145 
   8.835 0.0 0.0   -0.120 
   8.890 0.0 0.0   -0.093 
   8.944 0.0 0.0   -0.064 
   8.999 0.0 0.0   -0.037 
   9.054 0.0 0.0   -0.009 
   9.109 0.0 0.0    0.018 
   9.165 0.0 0.0    0.047 
   9.220 0.0 0.0    0.077 
   9.275 0.0 0.0    0.105 
   9.330 0.0 0.0    0.129 
   9.373 0.0 0.0    0.150 
   9.432 0.0 0.0    0.172 
   9.493 0.0 0.0    0.191 
   9.549 0.0 0.0    0.209 
   9.606 0.0 0.0    0.225 
   9.662 0.0 0.0    0.239 
   9.720 0.0 0.0    0.247 
   9.772 0.0 0.0    0.252 
   9.826 0.0 0.0    0.253 
   9.881 0.0 0.0    0.251 
   9.937 0.0 0.0    0.246 
   9.990 0.0 0.0    0.236 
  10.037 0.0 0.0    0.224 
  10.094 0.0 0.0    0.209 
  10.147 0.0 0.0    0.190 
  10.202 0.0 0.0    0.168 
  10.264 0.0 0.0    0.145 
  10.312 0.0 0.0    0.119 
  10.367 0.0 0.0    0.092 
  10.429 0.0 0.0    0.065 
  10.484 0.0 0.0    0.036 
  10.539 0.0 0.0    0.009 
  10.598 0.0 0.0   -0.020 
  10.642 0.0 0.0   -0.051 
  10.697 0.0 0.0   -0.079 
  10.761 0.0 0.0   -0.107 
  10.817 0.0 0.0   -0.135 
  10.863 0.0 0.0   -0.160 
  10.919 0.0 0.0   -0.184 
  10.980 0.0 0.0   -0.207 
  11.029 0.0 0.0   -0.228 
  11.093 0.0 0.0   -0.246 
  11.143 0.0 0.0   -0.261 
  11.198 0.0 0.0   -0.270 
  11.251 0.0 0.0   -0.277 
  11.305 0.0 0.0   -0.280 
  11.367 0.0 0.0   -0.279 
  11.414 0.0 0.0   -0.273 
  11.469 0.0 0.0   -0.264 
  11.525 0.0 0.0   -0.252 
  11.591 0.0 0.0   -0.235 
  11.649 0.0 0.0   -0.216 
  11.764 0.0 0.0   -0.195 
  11.796 0.0 0.0   -0.173 
  11.843 0.0 0.0   -0.148 
  11.899 0.0 0.0   -0.124 
  11.961 0.0 0.0   -0.095 
  12.020 0.0 0.0   -0.065 
  12.075 0.0 0.0   -0.034 
  12.131 0.0 0.0   -0.001 
  12.185 0.0 0.0    0.031 
  12.240 0.0 0.0    0.064 
  12.286 0.0 0.0    0.096 
  12.428 0.0 0.0    0.127 
  12.460 0.0 0.0    0.158 
  12.508 0.0 0.0    0.190 
  12.565 0.0 0.0    0.217 
  12.618 0.0 0.0    0.239 
  12.679 0.0 0.0    0.258 
  12.744 0.0 0.0    0.271 
  12.801 0.0 0.0    0.280 
  12.855 0.0 0.0    0.285 
  12.898 0.0 0.0    0.284 
  12.954 0.0 0.0    0.280 
  13.014 0.0 0.0    0.272 
  13.065 0.0 0.0    0.256 
  13.119 0.0 0.0    0.238 
  13.173 0.0 0.0    0.216 
  13.231 0.0 0.0    0.191 
  13.289 0.0 0.0    0.164 
  13.344 0.0 0.0    0.136 
  13.399 0.0 0.0    0.107 
  13.454 0.0 0.0    0.078 
  13.499 0.0 0.0    0.049 
  13.557 0.0 0.0    0.017 
  13.611 0.0 0.0   -0.014 
  13.667 0.0 0.0   -0.044 
  13.731 0.0 0.0   -0.077 
  13.792 0.0 0.0   -0.109 
  13.849 0.0 0.0   -0.140 
  13.904 0.0 0.0   -0.170 
  13.959 0.0 0.0   -0.199 
  14.016 0.0 0.0   -0.226 
  14.072 0.0 0.0   -0.250 
  14.121 0.0 0.0   -0.269 
  14.173 0.0 0.0   -0.286 
  14.231 0.0 0.0   -0.299 
  14.277 0.0 0.0   -0.306 
  14.330 0.0 0.0   -0.308 
  14.386 0.0 0.0   -0.304 
  14.441 0.0 0.0   -0.298 
  14.495 0.0 0.0   -0.286 
  14.556 0.0 0.0   -0.271 
  14.609 0.0 0.0   -0.253 
  14.663 0.0 0.0   -0.230 
  14.720 0.0 0.0   -0.205 
  14.775 0.0 0.0   -0.179 
  14.829 0.0 0.0   -0.151 
  14.884 0.0 0.0   -0.122 
  14.939 0.0 0.0   -0.092 
  14.994 0.0 0.0   -0.060 
  15.042 0.0 0.0   -0.028 
  15.100 0.0 0.0    0.003 
  15.151 0.0 0.0    0.037 
  15.222 0.0 0.0    0.068 
  15.280 0.0 0.0    0.100 
  15.335 0.0 0.0    0.131 
  15.391 0.0 0.0    0.160 
  15.449 0.0 0.0    0.190 
  15.501 0.0 0.0    0.217 
  15.541 0.0 0.0    0.239 
  15.681 0.0 0.0    0.259 
  15.719 0.0 0.0    0.275 
  15.764 0.0 0.0    0.285 
  15.818 0.0 0.0    0.292 
  15.876 0.0 0.0    0.292 
  15.938 0.0 0.0    0.287 
  15.997 0.0 0.0    0.276 
  16.052 0.0 0.0    0.261 
  16.106 0.0 0.0    0.243 
  16.160 0.0 0.0    0.221 
  16.214 0.0 0.0    0.194 
  16.270 0.0 0.0    0.165 
  16.325 0.0 0.0    0.135 
  16.380 0.0 0.0    0.104 
  16.435 0.0 0.0    0.072 
  16.490 0.0 0.0    0.040 
  16.545 0.0 0.0    0.009 
  16.600 0.0 0.0   -0.023 
  16.662 0.0 0.0   -0.056 
  16.718 0.0 0.0   -0.087 
  16.773 0.0 0.0   -0.117 
  16.829 0.0 0.0   -0.146 
  16.885 0.0 0.0   -0.174 
  16.941 0.0 0.0   -0.200 
  16.998 0.0 0.0   -0.224 
  17.055 0.0 0.0   -0.243 
  17.103 0.0 0.0   -0.259 
  17.156 0.0 0.0   -0.269 
  17.209 0.0 0.0   -0.275 
  17.263 0.0 0.0   -0.278 
  17.318 0.0 0.0   -0.275 
  17.376 0.0 0.0   -0.269 
  17.431 0.0 0.0   -0.257 
  17.486 0.0 0.0   -0.242 
  17.540 0.0 0.0   -0.225 
  17.595 0.0 0.0   -0.205 
  17.649 0.0 0.0   -0.180 
  17.708 0.0 0.0   -0.155 
  17.764 0.0 0.0   -0.129 
  17.819 0.0 0.0   -0.102 
  17.873 0.0 0.0   -0.074 
  17.928 0.0 0.0   -0.044 
  17.984 0.0 0.0   -0.015 
  18.039 0.0 0.0    0.016 
  18.094 0.0 0.0    0.046 
  18.150 0.0 0.0    0.076 
  18.205 0.0 0.0    0.104 
  18.261 0.0 0.0    0.131 
  18.317 0.0 0.0    0.157 
  18.373 0.0 0.0    0.182 
  18.430 0.0 0.0    0.205 
  18.486 0.0 0.0    0.222 
  18.542 0.0 0.0    0.237 
  18.602 0.0 0.0    0.247 
  18.655 0.0 0.0    0.254 
  18.710 0.0 0.0    0.257 
  18.764 0.0 0.0    0.255 
  18.841 0.0 0.0    0.249 
  18.871 0.0 0.0    0.239 
  18.921 0.0 0.0    0.225 
  18.979 0.0 0.0    0.209 
  19.039 0.0 0.0    0.188 
  19.110 0.0 0.0    0.165 
  19.167 0.0 0.0    0.138 
  19.221 0.0 0.0    0.110 
  19.267 0.0 0.0    0.079 
  19.317 0.0 0.0    0.049 
  19.373 0.0 0.0    0.018 
  19.427 0.0 0.0   -0.011 
  19.488 0.0 0.0   -0.040 
  19.543 0.0 0.0   -0.068 
  19.599 0.0 0.0   -0.094 
  19.654 0.0 0.0   -0.120 
  19.710 0.0 0.0   -0.144 
  19.766 0.0 0.0   -0.166 
  19.822 0.0 0.0   -0.185 
  19.879 0.0 0.0   -0.201 
  19.937 0.0 0.0   -0.215 
  19.995 0.0 0.0   -0.227 
  20.048 0.0 0.0   -0.236 
  20.091 0.0 0.0   -0.242 
  20.145 0.0 0.0   -0.244 
  20.205 0.0 0.0   -0.241 
  20.259 0.0 0.0   -0.235 
  20.315 0.0 0.0   -0.224 
  20.372 0.0 0.0   -0.210 
  20.427 0.0 0.0   -0.193 
  20.482 0.0 0.0   -0.173 
  20.536 0.0 0.0   -0.152 
  20.591 0.0 0.0   -0.130 
  20.646 0.0 0.0   -0.104 
  20.706 0.0 0.0   -0.078 
  20.761 0.0 0.0   -0.052 
  20.816 0.0 0.0   -0.025 
  20.872 0.0 0.0    0.000 
  20.927 0.0 0.0    0.027 
  20.983 0.0 0.0    0.052 
  21.039 0.0 0.0    0.076 
  21.093 0.0 0.0    0.101 
  21.150 0.0 0.0    0.124 
  21.206 0.0 0.0    0.146 
  21.262 0.0 0.0    0.165 
  21.319 0.0 0.0    0.183 
  21.375 0.0 0.0    0.198 
  21.433 0.0 0.0    0.211 
  21.488 0.0 0.0    0.218 
  21.535 0.0 0.0    0.224 
  21.590 0.0 0.0    0.225 
  21.644 0.0 0.0    0.223 
  21.700 0.0 0.0    0.218 
  21.755 0.0 0.0    0.207 
  21.809 0.0 0.0    0.193 
  21.864 0.0 0.0    0.176 
  21.918 0.0 0.0    0.157 
  21.973 0.0 0.0    0.137 
  22.028 0.0 0.0    0.116 
  22.088 0.0 0.0    0.094 
  22.143 0.0 0.0    0.069 
  22.199 0.0 0.0    0.044 
  22.253 0.0 0.0    0.019 
  22.308 0.0 0.0   -0.008 
  22.364 0.0 0.0   -0.034 
  22.419 0.0 0.0   -0.059 
  22.476 0.0 0.0   -0.083 
  22.531 0.0 0.0   -0.107 
  22.588 0.0 0.0   -0.131 
  22.643 0.0 0.0   -0.153 
  22.701 0.0 0.0   -0.171 
  22.757 0.0 0.0   -0.186 
  22.814 0.0 0.0   -0.200 
  22.870 0.0 0.0   -0.208 
  22.917 0.0 0.0   -0.213 
  22.965 0.0 0.0   -0.216 
  23.021 0.0 0.0   -0.214 
  23.076 0.0 0.0   -0.210 
  23.136 0.0 0.0   -0.203 
  23.191 0.0 0.0   -0.192 
  23.245 0.0 0.0   -0.180 
  23.303 0.0 0.0   -0.165 
  23.358 0.0 0.0   -0.146 
  23.412 0.0 0.0   -0.127 
  23.467 0.0 0.0   -0.105 
  23.521 0.0 0.0   -0.082 
  23.577 0.0 0.0   -0.059 
  23.632 0.0 0.0   -0.036 
  23.687 0.0 0.0   -0.013 
  23.748 0.0 0.0    0.010 
  23.803 0.0 0.0    0.033 
  23.858 0.0 0.0    0.058 
  23.914 0.0 0.0    0.079 
  23.969 0.0 0.0    0.101 
  24.025 0.0 0.0    0.120 
  24.083 0.0 0.0    0.138 
  24.139 0.0 0.0    0.154 
  24.195 0.0 0.0    0.169 
  24.252 0.0 0.0    0.181 
  24.308 0.0 0.0    0.191 
  24.355 0.0 0.0    0.196 
  24.402 0.0 0.0    0.198 
  24.457 0.0 0.0    0.198 
  24.517 0.0 0.0    0.194 
  24.577 0.0 0.0    0.187 
  24.632 0.0 0.0    0.176 
  24.687 0.0 0.0    0.163 
  24.741 0.0 0.0    0.149 
  24.796 0.0 0.0    0.132 
  24.851 0.0 0.0    0.113 
  24.907 0.0 0.0    0.093 
  24.961 0.0 0.0    0.073 
  25.016 0.0 0.0    0.052 
  25.071 0.0 0.0    0.028 
  25.127 0.0 0.0    0.005 
  25.183 0.0 0.0   -0.017 
  25.237 0.0 0.0   -0.039 
  25.294 0.0 0.0   -0.061 
  25.350 0.0 0.0   -0.082 
  25.406 0.0 0.0   -0.102 
  25.461 0.0 0.0   -0.120 
  25.518 0.0 0.0   -0.138 
  25.574 0.0 0.0   -0.154 
  25.632 0.0 0.0   -0.165 
  25.687 0.0 0.0   -0.174 
  25.742 0.0 0.0   -0.180 
  25.797 0.0 0.0   -0.184 
  25.849 0.0 0.0   -0.185 
  25.904 0.0 0.0   -0.183 
  25.960 0.0 0.0   -0.178 
  26.015 0.0 0.0   -0.171 
  26.070 0.0 0.0   -0.161 
  26.125 0.0 0.0   -0.148 
  26.179 0.0 0.0   -0.135 
  26.233 0.0 0.0   -0.118 
  26.288 0.0 0.0   -0.101 
  26.344 0.0 0.0   -0.083 
  26.398 0.0 0.0   -0.064 
  26.453 0.0 0.0   -0.044 
  26.509 0.0 0.0   -0.023 
  26.563 0.0 0.0   -0.003 
  26.620 0.0 0.0    0.018 
  26.675 0.0 0.0    0.038 
  26.730 0.0 0.0    0.058 
  26.786 0.0 0.0    0.077 
  26.842 0.0 0.0    0.095 
  26.898 0.0 0.0    0.113 
  26.954 0.0 0.0    0.129 
  27.011 0.0 0.0    0.143 
  27.068 0.0 0.0    0.155 
  27.124 0.0 0.0    0.164 
  27.179 0.0 0.0    0.169 
  27.231 0.0 0.0    0.173 
  27.286 0.0 0.0    0.173 
  27.342 0.0 0.0    0.171 
  27.398 0.0 0.0    0.165 
  27.453 0.0 0.0    0.157 
  27.509 0.0 0.0    0.148 
  27.563 0.0 0.0    0.135 
  27.617 0.0 0.0    0.122 
  27.672 0.0 0.0    0.105 
  27.727 0.0 0.0    0.087 
  27.782 0.0 0.0    0.069 
  27.836 0.0 0.0    0.050 
  27.892 0.0 0.0    0.030 
  27.947 0.0 0.0    0.009 
  28.003 0.0 0.0   -0.012 
  28.059 0.0 0.0   -0.032 
  28.113 0.0 0.0   -0.052 
  28.169 0.0 0.0   -0.071 
  28.225 0.0 0.0   -0.087 
  28.281 0.0 0.0   -0.103 
  28.339 0.0 0.0   -0.118 
  28.395 0.0 0.0   -0.131 
  28.450 0.0 0.0   -0.142 
  28.506 0.0 0.0   -0.150 
  28.562 0.0 0.0   -0.156 
  28.616 0.0 0.0   -0.160 
  28.670 0.0 0.0   -0.161 
  28.725 0.0 0.0   -0.160 
  28.780 0.0 0.0   -0.157 
  28.835 0.0 0.0   -0.151 
  28.891 0.0 0.0   -0.143 
  28.946 0.0 0.0   -0.133 
  29.000 0.0 0.0   -0.121 
  29.055 0.0 0.0   -0.107 
  29.110 0.0 0.0   -0.092 
  29.165 0.0 0.0   -0.076 
  29.219 0.0 0.0   -0.059 
  29.274 0.0 0.0   -0.041 
  29.330 0.0 0.0   -0.021 
  29.386 0.0 0.0   -0.003 
  29.440 0.0 0.0    0.016 
  29.494 0.0 0.0    0.035 
  29.550 0.0 0.0    0.053 
  29.606 0.0 0.0    0.070 
  29.662 0.0 0.0    0.086 
  29.718 0.0 0.0    0.101 
  29.775 0.0 0.0    0.114 
  29.831 0.0 0.0    0.125 
  29.886 0.0 0.0    0.135 
  29.943 0.0 0.0    0.142 
  29.998 0.0 0.0    0.147 
  30.050 0.0 0.0    0.150 
  30.106 0.0 0.0    0.150 
  30.161 0.0 0.0    0.148 
  30.215 0.0 0.0    0.144 
  30.273 0.0 0.0    0.137 
  30.324 0.0 0.0    0.129 
  30.372 0.0 0.0    0.119 
  30.426 0.0 0.0    0.106 
  30.486 0.0 0.0    0.092 
  30.544 0.0 0.0    0.078 
  30.599 0.0 0.0    0.062 
  30.653 0.0 0.0    0.045 
  30.709 0.0 0.0    0.027 
  30.764 0.0 0.0    0.009 
  30.819 0.0 0.0   -0.007 
  30.874 0.0 0.0   -0.025 
  30.932 0.0 0.0   -0.043 
  30.987 0.0 0.0   -0.059 
  31.042 0.0 0.0   -0.074 
  31.098 0.0 0.0   -0.088 
  31.154 0.0 0.0   -0.101 
  31.211 0.0 0.0   -0.112 
  31.268 0.0 0.0   -0.121 
  31.323 0.0 0.0   -0.128 
  31.377 0.0 0.0   -0.134 
  31.432 0.0 0.0   -0.137 
  31.485 0.0 0.0   -0.138 
  31.541 0.0 0.0   -0.138 
  31.596 0.0 0.0   -0.135 
  31.652 0.0 0.0   -0.130 
  31.708 0.0 0.0   -0.122 
  31.763 0.0 0.0   -0.114 
  31.817 0.0 0.0   -0.104 
  31.873 0.0 0.0   -0.091 
  31.927 0.0 0.0   -0.079 
  31.982 0.0 0.0   -0.065 
  32.039 0.0 0.0   -0.050 
  32.092 0.0 0.0   -0.033 
  32.148 0.0 0.0   -0.017 
  32.203 0.0 0.0   -0.001 
  32.258 0.0 0.0    0.015 
  32.314 0.0 0.0    0.031 
  32.369 0.0 0.0    0.047 
  32.425 0.0 0.0    0.062 
  32.480 0.0 0.0    0.076 
  32.537 0.0 0.0    0.089 
  32.592 0.0 0.0    0.100 
  32.648 0.0 0.0    0.109 
  32.704 0.0 0.0    0.117 
  32.760 0.0 0.0    0.123 
  32.813 0.0 0.0    0.128 
  32.868 0.0 0.0    0.130 
  32.923 0.0 0.0    0.130 
  32.979 0.0 0.0    0.128 
  33.034 0.0 0.0    0.124 
  33.090 0.0 0.0    0.118 
  33.145 0.0 0.0    0.111 
  33.200 0.0 0.0    0.102 
  33.255 0.0 0.0    0.091 
  33.310 0.0 0.0    0.078 
  33.365 0.0 0.0    0.064 
  33.420 0.0 0.0    0.051 
  33.475 0.0 0.0    0.036 
  33.530 0.0 0.0    0.021 
  33.587 0.0 0.0    0.006 
  33.642 0.0 0.0   -0.010 
  33.697 0.0 0.0   -0.025 
  33.753 0.0 0.0   -0.040 
  33.808 0.0 0.0   -0.054 
  33.863 0.0 0.0   -0.065 
  33.919 0.0 0.0   -0.077 
  33.975 0.0 0.0   -0.089 
  34.032 0.0 0.0   -0.098 
  34.086 0.0 0.0   -0.106 
  34.142 0.0 0.0   -0.111 
  34.197 0.0 0.0   -0.115 
  34.250 0.0 0.0   -0.117 
  34.304 0.0 0.0   -0.117 
  34.360 0.0 0.0   -0.116 
  34.416 0.0 0.0   -0.114 
  34.471 0.0 0.0   -0.109 
  34.528 0.0 0.0   -0.103 
  34.583 0.0 0.0   -0.096 
  34.637 0.0 0.0   -0.086 
  34.693 0.0 0.0   -0.076 
  34.748 0.0 0.0   -0.064 
  34.802 0.0 0.0   -0.053 
  34.857 0.0 0.0   -0.041 
  34.913 0.0 0.0   -0.026 
  34.968 0.0 0.0   -0.012 
  35.023 0.0 0.0    0.001 
  35.077 0.0 0.0    0.016 
  35.133 0.0 0.0    0.030 
  35.189 0.0 0.0    0.043 
  35.244 0.0 0.0    0.056 
  35.302 0.0 0.0    0.067 
  35.356 0.0 0.0    0.079 
  35.415 0.0 0.0    0.089 
  35.468 0.0 0.0    0.096 
  35.524 0.0 0.0    0.103 
  35.578 0.0 0.0    0.108 
  35.633 0.0 0.0    0.111 
  35.687 0.0 0.0    0.113 
  35.742 0.0 0.0    0.112 
  35.798 0.0 0.0    0.110 
  35.854 0.0 0.0    0.106 
  35.910 0.0 0.0    0.100 
  35.965 0.0 0.0    0.093 
  36.020 0.0 0.0    0.084 
  36.075 0.0 0.0    0.075 
  36.131 0.0 0.0    0.064 
  36.186 0.0 0.0    0.052 
  36.242 0.0 0.0    0.039 
  36.296 0.0 0.0    0.026 
  36.352 0.0 0.0    0.013 
  36.408 0.0 0.0   -0.001 
  36.463 0.0 0.0   -0.013 
  36.518 0.0 0.0   -0.027 
  36.573 0.0 0.0   -0.039 
  36.629 0.0 0.0   -0.051 
  36.684 0.0 0.0   -0.062 
  36.741 0.0 0.0   -0.071 
  36.797 0.0 0.0   -0.080 
  36.852 0.0 0.0   -0.088 
  36.907 0.0 0.0   -0.093 
  36.963 0.0 0.0   -0.098 
  37.016 0.0 0.0   -0.102 
  37.071 0.0 0.0   -0.103 
  37.126 0.0 0.0   -0.103 
  37.179 0.0 0.0   -0.102 
  37.237 0.0 0.0   -0.098 
  37.356 0.0 0.0   -0.094 
  37.389 0.0 0.0   -0.087 
  37.438 0.0 0.0   -0.079 
  37.495 0.0 0.0   -0.071 
  37.558 0.0 0.0   -0.061 
  37.615 0.0 0.0   -0.050 
  37.669 0.0 0.0   -0.037 
  37.724 0.0 0.0   -0.024 
  37.781 0.0 0.0   -0.010 
  37.836 0.0 0.0    0.003 
  37.892 0.0 0.0    0.016 
  37.947 0.0 0.0    0.029 
  38.001 0.0 0.0    0.042 
  38.057 0.0 0.0    0.054 
  38.113 0.0 0.0    0.064 
  38.169 0.0 0.0    0.073 
  38.224 0.0 0.0    0.080 
  38.280 0.0 0.0    0.086 
  38.335 0.0 0.0    0.091 
  38.389 0.0 0.0    0.094 
  38.444 0.0 0.0    0.096 
  38.499 0.0 0.0    0.096 
  38.554 0.0 0.0    0.095 
  38.610 0.0 0.0    0.093 
  38.666 0.0 0.0    0.088 
  38.721 0.0 0.0    0.083 
  38.776 0.0 0.0    0.077 
  38.831 0.0 0.0    0.069 
  38.886 0.0 0.0    0.059 
  38.941 0.0 0.0    0.050 
  38.997 0.0 0.0    0.039 
  39.051 0.0 0.0    0.028 
  39.107 0.0 0.0    0.016 
  39.162 0.0 0.0    0.005 
  39.218 0.0 0.0   -0.006 
  39.273 0.0 0.0   -0.018 
  39.329 0.0 0.0   -0.029 
  39.384 0.0 0.0   -0.039 
  39.441 0.0 0.0   -0.048 
  39.496 0.0 0.0   -0.058 
  39.552 0.0 0.0   -0.066 
  39.608 0.0 0.0   -0.073 
  39.663 0.0 0.0   -0.079 
  39.718 0.0 0.0   -0.083 
  39.772 0.0 0.0   -0.086 
  39.826 0.0 0.0   -0.088 
  39.881 0.0 0.0   -0.089 
  39.938 0.0 0.0   -0.088 
  39.993 0.0 0.0   -0.086 
  40.047 0.0 0.0   -0.082 
  40.103 0.0 0.0   -0.078 
  40.159 0.0 0.0   -0.072 
  40.214 0.0 0.0   -0.065 
  40.269 0.0 0.0   -0.057 
  40.325 0.0 0.0   -0.049 
  40.379 0.0 0.0   -0.040 
  40.435 0.0 0.0   -0.029 
  40.490 0.0 0.0   -0.019 
  40.545 0.0 0.0   -0.008 
  40.601 0.0 0.0    0.003 
  40.656 0.0 0.0    0.014 
  40.712 0.0 0.0    0.024 
  40.767 0.0 0.0    0.035 
  40.823 0.0 0.0    0.044 
  40.878 0.0 0.0    0.053 
  40.933 0.0 0.0    0.061 
  40.989 0.0 0.0    0.068 
  41.044 0.0 0.0    0.073 
  41.100 0.0 0.0    0.077 
  41.153 0.0 0.0    0.080 
  41.208 0.0 0.0    0.083 
  41.263 0.0 0.0    0.084 
  41.318 0.0 0.0    0.083 
  41.374 0.0 0.0    0.081 
  41.430 0.0 0.0    0.077 
  41.485 0.0 0.0    0.073 
  41.542 0.0 0.0    0.067 
  41.596 0.0 0.0    0.061 
  41.651 0.0 0.0    0.053 
  41.707 0.0 0.0    0.045 
  41.762 0.0 0.0    0.036 
  41.818 0.0 0.0    0.026 
  41.873 0.0 0.0    0.016 
  41.928 0.0 0.0    0.006 
  41.984 0.0 0.0   -0.003 
  42.039 0.0 0.0   -0.013 
  42.095 0.0 0.0   -0.023 
  42.150 0.0 0.0   -0.032 
  42.205 0.0 0.0   -0.041 
  42.262 0.0 0.0   -0.048 
  42.318 0.0 0.0   -0.056 
  42.372 0.0 0.0   -0.062 
  42.427 0.0 0.0   -0.067 
  42.482 0.0 0.0   -0.071 
  42.537 0.0 0.0   -0.075 
  42.591 0.0 0.0   -0.076 
  42.646 0.0 0.0   -0.077 
  42.702 0.0 0.0   -0.077 
  42.757 0.0 0.0   -0.075 
  42.812 0.0 0.0   -0.072 
  42.868 0.0 0.0   -0.067 
  42.923 0.0 0.0   -0.062 
  42.979 0.0 0.0   -0.057 
  43.034 0.0 0.0   -0.049 
  43.089 0.0 0.0   -0.042 
  43.144 0.0 0.0   -0.034 
  43.199 0.0 0.0   -0.026 
  43.255 0.0 0.0   -0.016 
  43.310 0.0 0.0   -0.006 
  43.364 0.0 0.0    0.003 
  43.420 0.0 0.0    0.012 
  43.476 0.0 0.0    0.021 
  43.532 0.0 0.0    0.030 
  43.587 0.0 0.0    0.038 
  43.642 0.0 0.0    0.046 
  43.699 0.0 0.0    0.054 
  43.754 0.0 0.0    0.060 
  43.808 0.0 0.0    0.065 
  43.864 0.0 0.0    0.068 
  43.918 0.0 0.0    0.071 
  43.972 0.0 0.0    0.073 
  44.027 0.0 0.0    0.074 
  44.083 0.0 0.0    0.073 
  44.139 0.0 0.0    0.071 
  44.194 0.0 0.0    0.067 
  44.250 0.0 0.0    0.063 
  44.305 0.0 0.0    0.058 
  44.360 0.0 0.0    0.052 
  44.417 0.0 0.0    0.045 
  44.471 0.0 0.0    0.038 
  44.526 0.0 0.0    0.030 
  44.582 0.0 0.0    0.022 
  44.637 0.0 0.0    0.014 
  44.692 0.0 0.0    0.005 
  44.748 0.0 0.0   -0.004 
  44.803 0.0 0.0   -0.013 
  44.859 0.0 0.0   -0.020 
  44.914 0.0 0.0   -0.029 
  44.970 0.0 0.0   -0.036 
  45.025 0.0 0.0   -0.042 
  45.079 0.0 0.0   -0.049 
  45.136 0.0 0.0   -0.055 
  45.191 0.0 0.0   -0.059 
  45.246 0.0 0.0   -0.063 
  45.300 0.0 0.0   -0.065 
  45.355 0.0 0.0   -0.067 
  45.410 0.0 0.0   -0.068 
  45.466 0.0 0.0   -0.067 
  45.520 0.0 0.0   -0.065 
  45.576 0.0 0.0   -0.062 
  45.632 0.0 0.0   -0.058 
  45.688 0.0 0.0   -0.054 
  45.743 0.0 0.0   -0.048 
  45.799 0.0 0.0   -0.042 
  45.853 0.0 0.0   -0.035 
  45.909 0.0 0.0   -0.027 
  45.964 0.0 0.0   -0.019 
  46.020 0.0 0.0   -0.011 
  46.075 0.0 0.0   -0.002 
  46.130 0.0 0.0    0.006 
  46.185 0.0 0.0    0.014 
  46.240 0.0 0.0    0.022 
  46.359 0.0 0.0    0.029 
  46.394 0.0 0.0    0.036 
  46.441 0.0 0.0    0.043 
  46.499 0.0 0.0    0.048 
  46.562 0.0 0.0    0.053 
  46.622 0.0 0.0    0.058 
  46.677 0.0 0.0    0.060 
  46.732 0.0 0.0    0.061 
  46.786 0.0 0.0    0.062 
  46.842 0.0 0.0    0.062 
  46.897 0.0 0.0    0.061 
  46.952 0.0 0.0    0.058 
  47.009 0.0 0.0    0.054 
  47.064 0.0 0.0    0.050 
  47.119 0.0 0.0    0.045 
  47.175 0.0 0.0    0.039 
  47.230 0.0 0.0    0.032 
  47.286 0.0 0.0    0.026 
  47.342 0.0 0.0    0.019 
  47.396 0.0 0.0    0.011 
  47.451 0.0 0.0    0.003 
  47.507 0.0 0.0   -0.004 
  47.563 0.0 0.0   -0.012 
  47.618 0.0 0.0   -0.019 
  47.673 0.0 0.0   -0.027 
  47.729 0.0 0.0   -0.033 
  47.784 0.0 0.0   -0.039 
  47.840 0.0 0.0   -0.044 
  47.895 0.0 0.0   -0.049 
  47.950 0.0 0.0   -0.052 
  48.004 0.0 0.0   -0.055 
  48.059 0.0 0.0   -0.057 
  48.114 0.0 0.0   -0.058 
  48.169 0.0 0.0   -0.058 
  48.225 0.0 0.0   -0.057 
  48.279 0.0 0.0   -0.055 
  48.335 0.0 0.0   -0.053 
  48.391 0.0 0.0   -0.049 
  48.446 0.0 0.0   -0.044 
  48.503 0.0 0.0   -0.040 
  48.558 0.0 0.0   -0.034 
  48.612 0.0 0.0   -0.027 
  48.667 0.0 0.0   -0.020 
  48.723 0.0 0.0   -0.013 
  48.779 0.0 0.0   -0.006 
  48.833 0.0 0.0    0.001 
  48.890 0.0 0.0    0.009 
  48.945 0.0 0.0    0.015 
  49.000 0.0 0.0    0.022 
  49.056 0.0 0.0    0.028 
  49.110 0.0 0.0    0.034 
  49.166 0.0 0.0    0.039 
  49.221 0.0 0.0    0.044 
  49.276 0.0 0.0    0.048 
  49.331 0.0 0.0    0.051 
  49.386 0.0 0.0    0.053 
  49.440 0.0 0.0    0.054 
  49.495 0.0 0.0    0.055 
  49.551 0.0 0.0    0.055 
  49.607 0.0 0.0    0.054 
  49.661 0.0 0.0    0.052 
  49.717 0.0 0.0    0.049 
  49.773 0.0 0.0    0.046 
  49.830 0.0 0.0    0.041 
  49.885 0.0 0.0    0.035 
  49.939 0.0 0.0    0.030 
  49.995 0.0 0.0    0.024 
  50.050 0.0 0.0    0.019 
  50.106 0.0 0.0    0.012 
  50.161 0.0 0.0    0.005 
  50.216 0.0 0.0   -0.002 
  50.272 0.0 0.0   -0.008 
  50.327 0.0 0.0   -0.015 
  50.382 0.0 0.0   -0.021 
  50.438 0.0 0.0   -0.027 
  50.493 0.0 0.0   -0.032 
  50.548 0.0 0.0   -0.038 
  50.603 0.0 0.0   -0.042 
  50.658 0.0 0.0   -0.046 
  50.712 0.0 0.0   -0.049 
  50.767 0.0 0.0   -0.051 
  50.821 0.0 0.0   -0.052 
  50.877 0.0 0.0   -0.052 
  50.933 0.0 0.0   -0.052 
  50.989 0.0 0.0   -0.050 
  51.044 0.0 0.0   -0.048 
  51.100 0.0 0.0   -0.045 
  51.155 0.0 0.0   -0.041 
  51.210 0.0 0.0   -0.037 
  51.267 0.0 0.0   -0.032 
  51.321 0.0 0.0   -0.026 
  51.376 0.0 0.0   -0.020 
  51.432 0.0 0.0   -0.014 
  51.488 0.0 0.0   -0.008 
  51.542 0.0 0.0   -0.002 
  51.599 0.0 0.0    0.005 
  51.654 0.0 0.0    0.012 
  51.708 0.0 0.0    0.018 
  51.764 0.0 0.0    0.023 
  51.820 0.0 0.0    0.029 
  51.875 0.0 0.0    0.034 
  51.930 0.0 0.0    0.038 
  51.984 0.0 0.0    0.041 
  52.038 0.0 0.0    0.044 
  52.097 0.0 0.0    0.047 
  52.148 0.0 0.0    0.048 
  52.203 0.0 0.0    0.049 
  52.259 0.0 0.0    0.049 
  52.376 0.0 0.0    0.049 
  52.410 0.0 0.0    0.048 
  52.459 0.0 0.0    0.046 
  52.517 0.0 0.0    0.042 
  52.579 0.0 0.0    0.039 
  52.639 0.0 0.0    0.035 
  52.693 0.0 0.0    0.029 
  52.748 0.0 0.0    0.024 
  52.801 0.0 0.0    0.018 
  52.859 0.0 0.0    0.011 
  52.914 0.0 0.0    0.004 
  52.970 0.0 0.0   -0.003 
  53.025 0.0 0.0   -0.009 
  53.080 0.0 0.0   -0.015 
  53.135 0.0 0.0   -0.022 
  53.190 0.0 0.0   -0.027 
  53.246 0.0 0.0   -0.032 
  53.301 0.0 0.0   -0.037 
  53.356 0.0 0.0   -0.040 
  53.411 0.0 0.0   -0.043 
  53.465 0.0 0.0   -0.045 
  53.520 0.0 0.0   -0.046 
  53.575 0.0 0.0   -0.047 
  53.631 0.0 0.0   -0.047 
  53.687 0.0 0.0   -0.046 
  53.741 0.0 0.0   -0.044 
  53.797 0.0 0.0   -0.042 
  53.853 0.0 0.0   -0.038 
  53.908 0.0 0.0   -0.034 
  53.963 0.0 0.0   -0.029 
  54.019 0.0 0.0   -0.025 
  54.074 0.0 0.0   -0.019 
  54.130 0.0 0.0   -0.013 
  54.185 0.0 0.0   -0.007 
  54.241 0.0 0.0   -0.001 
  54.297 0.0 0.0    0.005 
  54.352 0.0 0.0    0.011 
  54.406 0.0 0.0    0.016 
  54.461 0.0 0.0    0.021 
  54.517 0.0 0.0    0.026 
  54.572 0.0 0.0    0.031 
  54.628 0.0 0.0    0.034 
  54.682 0.0 0.0    0.037 
  54.737 0.0 0.0    0.040 
  54.792 0.0 0.0    0.042 
  54.846 0.0 0.0    0.044 
  54.902 0.0 0.0    0.044 
  54.957 0.0 0.0    0.045 
  55.013 0.0 0.0    0.044 
  55.069 0.0 0.0    0.043 
  55.123 0.0 0.0    0.042 
  55.179 0.0 0.0    0.040 
  55.235 0.0 0.0    0.036 
  55.290 0.0 0.0    0.032 
  55.346 0.0 0.0    0.027 
  55.401 0.0 0.0    0.023 
  55.456 0.0 0.0    0.018 
  55.512 0.0 0.0    0.014 
  55.568 0.0 0.0    0.008 
  55.622 0.0 0.0    0.002 
  55.678 0.0 0.0   -0.004 
  55.734 0.0 0.0   -0.009 
  55.788 0.0 0.0   -0.015 
  55.843 0.0 0.0   -0.019 
  55.899 0.0 0.0   -0.023 
  55.954 0.0 0.0   -0.028 
  56.009 0.0 0.0   -0.032 
  56.064 0.0 0.0   -0.036 
  56.119 0.0 0.0   -0.038 
  56.175 0.0 0.0   -0.040 
  56.230 0.0 0.0   -0.041 
  56.285 0.0 0.0   -0.041 
  56.339 0.0 0.0   -0.041 
  56.395 0.0 0.0   -0.040 
  56.450 0.0 0.0   -0.039 
  56.506 0.0 0.0   -0.037 
  56.561 0.0 0.0   -0.033 
  56.616 0.0 0.0   -0.030 
  56.672 0.0 0.0   -0.026 
  56.727 0.0 0.0   -0.022 
  56.783 0.0 0.0   -0.018 
  56.838 0.0 0.0   -0.012 
  56.895 0.0 0.0   -0.007 
  56.949 0.0 0.0   -0.002 
  57.005 0.0 0.0    0.004 
  57.059 0.0 0.0    0.008 
  57.115 0.0 0.0    0.013 
  57.170 0.0 0.0    0.018 
  57.226 0.0 0.0    0.022 
  57.281 0.0 0.0    0.026 
  57.336 0.0 0.0    0.030 
  57.391 0.0 0.0    0.033 
  57.447 0.0 0.0    0.035 
  57.501 0.0 0.0    0.037 
  57.556 0.0 0.0    0.039 
  57.611 0.0 0.0    0.040 
  57.667 0.0 0.0    0.040 
  57.723 0.0 0.0    0.040 
  57.777 0.0 0.0    0.039 
  57.833 0.0 0.0    0.037 
  57.887 0.0 0.0    0.035 
  57.943 0.0 0.0    0.032 
  57.998 0.0 0.0    0.029 
  58.055 0.0 0.0    0.025 
  58.110 0.0 0.0    0.021 
  58.166 0.0 0.0    0.016 
  58.221 0.0 0.0    0.013 
  58.277 0.0 0.0    0.007 
  58.332 0.0 0.0    0.002 
  58.388 0.0 0.0   -0.003 
  58.443 0.0 0.0   -0.008 
  58.499 0.0 0.0   -0.013 
  58.554 0.0 0.0   -0.017 
  58.610 0.0 0.0   -0.021 
  58.664 0.0 0.0   -0.025 
  58.720 0.0 0.0   -0.029 
  58.775 0.0 0.0   -0.033 
  58.830 0.0 0.0   -0.035 
  58.885 0.0 0.0   -0.037 
  58.940 0.0 0.0   -0.037 
  58.996 0.0 0.0   -0.037 
  59.051 0.0 0.0   -0.037 
  59.107 0.0 0.0   -0.036 
  59.162 0.0 0.0   -0.035 
  59.217 0.0 0.0   -0.033 
  59.272 0.0 0.0   -0.030 
  59.328 0.0 0.0   -0.027 
  59.383 0.0 0.0   -0.024 
  59.438 0.0 0.0   -0.020 
  59.494 0.0 0.0   -0.015 
  59.550 0.0 0.0   -0.010 
  59.606 0.0 0.0   -0.005 
  59.661 0.0 0.0   -0.000 
  59.716 0.0 0.0    0.004 
  59.771 0.0 0.0    0.009 
  59.826 0.0 0.0    0.014 
  59.882 0.0 0.0    0.018 
  59.937 0.0 0.0    0.022 
  59.992 0.0 0.0    0.026 
  60.047 0.0 0.0    0.029 
  60.101 0.0 0.0    0.032 
  60.157 0.0 0.0    0.034 
  60.212 0.0 0.0    0.036 
  60.267 0.0 0.0    0.037 
  60.322 0.0 0.0    0.038 
  60.378 0.0 0.0    0.038 
  60.434 0.0 0.0    0.038 
  60.491 0.0 0.0    0.036 
  60.542 0.0 0.0    0.035 
  60.599 0.0 0.0    0.033 
  60.654 0.0 0.0    0.030 
  60.709 0.0 0.0    0.027 
  60.765 0.0 0.0    0.023 
  60.821 0.0 0.0    0.019 
  60.877 0.0 0.0    0.015 
  60.931 0.0 0.0    0.012 
  60.987 0.0 0.0    0.007 
  61.042 0.0 0.0    0.002 
  61.097 0.0 0.0   -0.003 
  61.153 0.0 0.0   -0.008 
  61.209 0.0 0.0   -0.013 
  61.263 0.0 0.0   -0.017 
  61.318 0.0 0.0   -0.020 
  61.373 0.0 0.0   -0.024 
  61.429 0.0 0.0   -0.027 
  61.484 0.0 0.0   -0.030 
  61.538 0.0 0.0   -0.032 
  61.593 0.0 0.0   -0.033 
  61.648 0.0 0.0   -0.034 
  61.704 0.0 0.0   -0.034 
  61.760 0.0 0.0   -0.033 
  61.815 0.0 0.0   -0.033 
  61.870 0.0 0.0   -0.031 
  61.925 0.0 0.0   -0.029 
  61.980 0.0 0.0   -0.026 
  62.034 0.0 0.0   -0.023 
  62.092 0.0 0.0   -0.020 
  62.148 0.0 0.0   -0.016 
  62.203 0.0 0.0   -0.012 
  62.258 0.0 0.0   -0.007 
  62.383 0.0 0.0   -0.002 
  62.419 0.0 0.0    0.003 
  62.465 0.0 0.0    0.007 
  62.523 0.0 0.0    0.011 
  62.583 0.0 0.0    0.014 
  62.642 0.0 0.0    0.019 
  62.697 0.0 0.0    0.023 
  62.753 0.0 0.0    0.026 
  62.808 0.0 0.0    0.029 
  62.863 0.0 0.0    0.032 
  62.918 0.0 0.0    0.033 
  62.973 0.0 0.0    0.034 
  63.029 0.0 0.0    0.035 
  63.084 0.0 0.0    0.035 
  63.140 0.0 0.0    0.035 
  63.195 0.0 0.0    0.033 
  63.250 0.0 0.0    0.032 
  63.304 0.0 0.0    0.030 
  63.361 0.0 0.0    0.026 
  63.416 0.0 0.0    0.023 
  63.471 0.0 0.0    0.019 
  63.528 0.0 0.0    0.015 
  63.583 0.0 0.0    0.012 
  63.639 0.0 0.0    0.008 
  63.695 0.0 0.0    0.005 
  63.749 0.0 0.0    0.000 
  63.805 0.0 0.0   -0.004 
  63.860 0.0 0.0   -0.009 
  63.916 0.0 0.0   -0.012 
  63.970 0.0 0.0   -0.016 
  64.025 0.0 0.0   -0.019 
  64.082 0.0 0.0   -0.022 
  64.135 0.0 0.0   -0.024 
  64.190 0.0 0.0   -0.027 
  64.245 0.0 0.0   -0.029 
  64.300 0.0 0.0   -0.030 
  64.356 0.0 0.0   -0.031 
  64.412 0.0 0.0   -0.031 
  64.467 0.0 0.0   -0.030 
  64.522 0.0 0.0   -0.029 
  64.577 0.0 0.0   -0.028 
  64.632 0.0 0.0   -0.026 
  64.687 0.0 0.0   -0.023 
  64.743 0.0 0.0   -0.021 
  64.799 0.0 0.0   -0.018 
  64.854 0.0 0.0   -0.014 
  64.910 0.0 0.0   -0.010 
  64.965 0.0 0.0   -0.005 
  65.020 0.0 0.0   -0.001 
  65.076 0.0 0.0    0.004 
  65.131 0.0 0.0    0.008 
  65.186 0.0 0.0    0.011 
  65.241 0.0 0.0    0.015 
  65.297 0.0 0.0    0.018 
  65.351 0.0 0.0    0.022 
  65.407 0.0 0.0    0.025 
  65.461 0.0 0.0    0.027 
  65.517 0.0 0.0    0.028 
  65.571 0.0 0.0    0.029 
  65.627 0.0 0.0    0.030 
  65.681 0.0 0.0    0.031 
  65.738 0.0 0.0    0.031 
  65.793 0.0 0.0    0.031 
  65.849 0.0 0.0    0.030 
  65.904 0.0 0.0    0.029 
  65.959 0.0 0.0    0.027 
  66.014 0.0 0.0    0.025 
  66.070 0.0 0.0    0.022 
  66.126 0.0 0.0    0.019 
  66.182 0.0 0.0    0.016 
  66.237 0.0 0.0    0.013 
  66.296 0.0 0.0    0.010 
  66.349 0.0 0.0    0.007 
  66.402 0.0 0.0    0.002 
  66.458 0.0 0.0   -0.001 
  66.513 0.0 0.0   -0.005 
  66.569 0.0 0.0   -0.010 
  66.624 0.0 0.0   -0.013 
  66.679 0.0 0.0   -0.016 
  66.735 0.0 0.0   -0.019 
  66.789 0.0 0.0   -0.022 
  66.845 0.0 0.0   -0.025 
  66.900 0.0 0.0   -0.027 
  66.954 0.0 0.0   -0.028 
  67.010 0.0 0.0   -0.029 
  67.066 0.0 0.0   -0.029 
  67.121 0.0 0.0   -0.029 
  67.176 0.0 0.0   -0.028 
  67.231 0.0 0.0   -0.026 
  67.287 0.0 0.0   -0.024 
  67.342 0.0 0.0   -0.022 
  67.397 0.0 0.0   -0.020 
  67.453 0.0 0.0   -0.017 
  67.508 0.0 0.0   -0.014 
  67.564 0.0 0.0   -0.010 
  67.619 0.0 0.0   -0.006 
  67.675 0.0 0.0   -0.002 
  67.730 0.0 0.0    0.003 
  67.785 0.0 0.0    0.006 
  67.841 0.0 0.0    0.009 
  67.897 0.0 0.0    0.012 
  67.951 0.0 0.0    0.016 
  68.007 0.0 0.0    0.019 
  68.062 0.0 0.0    0.022 
  68.116 0.0 0.0    0.024 
  68.171 0.0 0.0    0.026 
  68.226 0.0 0.0    0.027 
  68.281 0.0 0.0    0.028 
  68.336 0.0 0.0    0.029 
  68.392 0.0 0.0    0.029 
  68.448 0.0 0.0    0.029 
  68.504 0.0 0.0    0.029 
  68.559 0.0 0.0    0.028 
  68.614 0.0 0.0    0.027 
  68.668 0.0 0.0    0.025 
  68.724 0.0 0.0    0.022 
  68.779 0.0 0.0    0.019 
  68.836 0.0 0.0    0.016 
  68.891 0.0 0.0    0.013 
  68.946 0.0 0.0    0.010 
  69.001 0.0 0.0    0.008 
  69.057 0.0 0.0    0.005 
  69.112 0.0 0.0    0.001 
  69.167 0.0 0.0   -0.003 
  69.223 0.0 0.0   -0.007 
  69.278 0.0 0.0   -0.010 
  69.334 0.0 0.0   -0.013 
  69.388 0.0 0.0   -0.016 
  69.443 0.0 0.0   -0.019 
  69.498 0.0 0.0   -0.021 
  69.553 0.0 0.0   -0.024 
  69.609 0.0 0.0   -0.027 
  69.664 0.0 0.0   -0.028 
  69.719 0.0 0.0   -0.028 
  69.775 0.0 0.0   -0.028 
  69.830 0.0 0.0   -0.027 
  69.885 0.0 0.0   -0.027 
  69.941 0.0 0.0   -0.025 
  69.995 0.0 0.0   -0.023 
  70.050 0.0 0.0   -0.021 
  70.106 0.0 0.0   -0.018 
  70.162 0.0 0.0   -0.015 
  70.219 0.0 0.0   -0.012 
  70.273 0.0 0.0   -0.008 
  70.330 0.0 0.0   -0.003 
  70.384 0.0 0.0    0.001 
  70.440 0.0 0.0    0.005 
  70.495 0.0 0.0    0.008 
  70.549 0.0 0.0    0.011 
  70.604 0.0 0.0    0.014 
  70.659 0.0 0.0    0.017 
  70.715 0.0 0.0    0.020 
  70.769 0.0 0.0    0.022 
  70.825 0.0 0.0    0.023 
  70.880 0.0 0.0    0.024 
  70.935 0.0 0.0    0.025 
  70.991 0.0 0.0    0.026 
  71.047 0.0 0.0    0.027 
  71.101 0.0 0.0    0.027 
  71.157 0.0 0.0    0.027 
  71.213 0.0 0.0    0.027 
  71.267 0.0 0.0    0.026 
  71.323 0.0 0.0    0.025 
  71.376 0.0 0.0    0.024 
  71.433 0.0 0.0    0.021 
  71.488 0.0 0.0    0.019 
  71.544 0.0 0.0    0.016 
  71.600 0.0 0.0    0.013 
  71.655 0.0 0.0    0.010 
  71.711 0.0 0.0    0.007 
  71.766 0.0 0.0    0.004 
  71.821 0.0 0.0    0.001 
  71.877 0.0 0.0   -0.003 
  71.931 0.0 0.0   -0.007 
  71.987 0.0 0.0   -0.010 
  72.043 0.0 0.0   -0.013 
  72.097 0.0 0.0   -0.016 
  72.152 0.0 0.0   -0.018 
  72.207 0.0 0.0   -0.021 
  72.262 0.0 0.0   -0.023 
  72.317 0.0 0.0   -0.025 
  72.372 0.0 0.0   -0.027 
  72.428 0.0 0.0   -0.027 
  72.484 0.0 0.0   -0.027 
  72.539 0.0 0.0   -0.026 
  72.594 0.0 0.0   -0.024 
  72.649 0.0 0.0   -0.022 
  72.704 0.0 0.0   -0.020 
  72.760 0.0 0.0   -0.017 
  72.815 0.0 0.0   -0.014 
  72.871 0.0 0.0   -0.011 
  72.926 0.0 0.0   -0.008 
  72.982 0.0 0.0   -0.005 
  73.037 0.0 0.0   -0.001 
  73.093 0.0 0.0    0.003 
  73.148 0.0 0.0    0.005 
  73.203 0.0 0.0    0.008 
  73.258 0.0 0.0    0.011 
  73.314 0.0 0.0    0.013 
  73.368 0.0 0.0    0.016 
  73.424 0.0 0.0    0.018 
  73.478 0.0 0.0    0.021 
  73.534 0.0 0.0    0.022 
  73.589 0.0 0.0    0.023 
  73.644 0.0 0.0    0.024 
  73.699 0.0 0.0    0.025 
  73.755 0.0 0.0    0.025 
  73.811 0.0 0.0    0.025 
  73.866 0.0 0.0    0.025 
  73.922 0.0 0.0    0.024 
  73.976 0.0 0.0    0.022 
  74.031 0.0 0.0    0.020 
  74.087 0.0 0.0    0.018 
  74.142 0.0 0.0    0.016 
  74.198 0.0 0.0    0.013 
  74.253 0.0 0.0    0.011 
  74.309 0.0 0.0    0.008 
  74.364 0.0 0.0    0.005 
  74.419 0.0 0.0    0.003 
  74.474 0.0 0.0    0.000 
  74.530 0.0 0.0   -0.002 
  74.586 0.0 0.0   -0.005 
  74.640 0.0 0.0   -0.009 
  74.696 0.0 0.0   -0.011 
  74.751 0.0 0.0   -0.014 
  74.805 0.0 0.0   -0.017 
  74.861 0.0 0.0   -0.019 
  74.916 0.0 0.0   -0.021 
  74.972 0.0 0.0   -0.023 
  75.037 0.0 0.0   -0.025 
  75.096 0.0 0.0   -0.025 
  75.138 0.0 0.0   -0.025 
  75.195 0.0 0.0   -0.024 
  75.248 0.0 0.0   -0.022 
  75.303 0.0 0.0   -0.020 
  75.358 0.0 0.0   -0.018 
  75.414 0.0 0.0   -0.016 
  75.470 0.0 0.0   -0.014 
  75.525 0.0 0.0   -0.011 
  75.581 0.0 0.0   -0.008 
  75.636 0.0 0.0   -0.004 
  75.692 0.0 0.0   -0.001 
  75.747 0.0 0.0    0.002 
  75.802 0.0 0.0    0.005 
  75.857 0.0 0.0    0.008 
  75.912 0.0 0.0    0.011 
  75.967 0.0 0.0    0.013 
  76.023 0.0 0.0    0.016 
  76.078 0.0 0.0    0.018 
  76.133 0.0 0.0    0.020 
  76.188 0.0 0.0    0.021 
  76.243 0.0 0.0    0.022 
  76.298 0.0 0.0    0.023 
  76.353 0.0 0.0    0.023 
  76.409 0.0 0.0    0.023 
  76.465 0.0 0.0    0.023 
  76.521 0.0 0.0    0.023 
  76.576 0.0 0.0    0.023 
  76.630 0.0 0.0    0.021 
  76.686 0.0 0.0    0.020 
  76.740 0.0 0.0    0.018 
  76.795 0.0 0.0    0.015 
  76.851 0.0 0.0    0.013 
  76.907 0.0 0.0    0.011 
  76.962 0.0 0.0    0.008 
  77.017 0.0 0.0    0.006 
  77.073 0.0 0.0    0.004 
  77.127 0.0 0.0    0.001 
  77.185 0.0 0.0   -0.000 
  77.238 0.0 0.0   -0.004 
  77.293 0.0 0.0   -0.006 
  77.352 0.0 0.0   -0.009 
  77.404 0.0 0.0   -0.011 
  77.461 0.0 0.0   -0.014 
  77.517 0.0 0.0   -0.016 
  77.569 0.0 0.0   -0.018 
  77.627 0.0 0.0   -0.021 
  77.680 0.0 0.0   -0.022 
  77.736 0.0 0.0   -0.024 
  77.792 0.0 0.0   -0.024 
  77.850 0.0 0.0   -0.023 
  77.906 0.0 0.0   -0.022 
  77.961 0.0 0.0   -0.021 
  78.013 0.0 0.0   -0.019 
  78.071 0.0 0.0   -0.017 
  78.126 0.0 0.0   -0.014 
  78.182 0.0 0.0   -0.012 
  78.235 0.0 0.0   -0.009 
  78.294 0.0 0.0   -0.006 
  78.346 0.0 0.0   -0.002 
  78.402 0.0 0.0    0.001 
  78.459 0.0 0.0    0.004 
  78.512 0.0 0.0    0.007 
  78.568 0.0 0.0    0.009 
  78.622 0.0 0.0    0.012 
  78.678 0.0 0.0    0.015 
  78.733 0.0 0.0    0.017 
  78.788 0.0 0.0    0.019 
  78.843 0.0 0.0    0.021 
  78.898 0.0 0.0    0.021 
  78.954 0.0 0.0    0.022 
  79.011 0.0 0.0    0.022 
  79.065 0.0 0.0    0.022 
  79.120 0.0 0.0    0.022 
  79.176 0.0 0.0    0.022 
  79.231 0.0 0.0    0.022 
  79.286 0.0 0.0    0.021 
  79.341 0.0 0.0    0.020 
  79.397 0.0 0.0    0.019 
  79.451 0.0 0.0    0.017 
  79.507 0.0 0.0    0.015 
  79.562 0.0 0.0    0.012 
  79.618 0.0 0.0    0.010 
  79.673 0.0 0.0    0.008 
  79.729 0.0 0.0    0.005 
  79.784 0.0 0.0    0.003 
  79.840 0.0 0.0    0.000 
  79.895 0.0 0.0   -0.003 
  79.950 0.0 0.0   -0.005 
  80.005 0.0 0.0   -0.008 
  80.061 0.0 0.0   -0.010 
  80.114 0.0 0.0   -0.012 
  80.170 0.0 0.0   -0.015 
  80.226 0.0 0.0   -0.017 
  80.280 0.0 0.0   -0.019 
  80.336 0.0 0.0   -0.021 
  80.392 0.0 0.0   -0.022 
  80.448 0.0 0.0   -0.023 
  80.503 0.0 0.0   -0.023 
  80.559 0.0 0.0   -0.021 
  80.614 0.0 0.0   -0.019 
  80.668 0.0 0.0   -0.017 
  80.723 0.0 0.0   -0.016 
  80.779 0.0 0.0   -0.013 
  80.835 0.0 0.0   -0.011 
  80.889 0.0 0.0   -0.008 
  80.945 0.0 0.0   -0.005 
  81.000 0.0 0.0   -0.002 
  81.056 0.0 0.0    0.002 
  81.111 0.0 0.0    0.004 
  81.166 0.0 0.0    0.006 
  81.221 0.0 0.0    0.009 
  81.276 0.0 0.0    0.012 
  81.331 0.0 0.0    0.014 
  81.386 0.0 0.0    0.016 
  81.442 0.0 0.0    0.018 
  81.495 0.0 0.0    0.019 
  81.552 0.0 0.0    0.020 
  81.608 0.0 0.0    0.021 
  81.663 0.0 0.0    0.021 
  81.718 0.0 0.0    0.021 
  81.773 0.0 0.0    0.021 
  81.829 0.0 0.0    0.021 
  81.884 0.0 0.0    0.021 
  81.940 0.0 0.0    0.019 
  81.994 0.0 0.0    0.018 
  82.049 0.0 0.0    0.017 
  82.105 0.0 0.0    0.015 
  82.160 0.0 0.0    0.013 
  82.216 0.0 0.0    0.010 
  82.271 0.0 0.0    0.008 
  82.328 0.0 0.0    0.006 
  82.382 0.0 0.0    0.004 
  82.437 0.0 0.0    0.001 
  82.492 0.0 0.0    0.000 
  82.547 0.0 0.0   -0.002 
  82.603 0.0 0.0   -0.004 
  82.658 0.0 0.0   -0.006 
  82.713 0.0 0.0   -0.009 
  82.769 0.0 0.0   -0.011 
  82.824 0.0 0.0   -0.013 
  82.879 0.0 0.0   -0.015 
  82.934 0.0 0.0   -0.017 
  82.993 0.0 0.0   -0.019 
  83.046 0.0 0.0   -0.020 
  83.100 0.0 0.0   -0.020 
  83.157 0.0 0.0   -0.020 
  83.212 0.0 0.0   -0.018 
  83.267 0.0 0.0   -0.017 
  83.322 0.0 0.0   -0.015 
  83.379 0.0 0.0   -0.014 
  83.432 0.0 0.0   -0.012 
  83.487 0.0 0.0   -0.010 
  83.542 0.0 0.0   -0.007 
  83.597 0.0 0.0   -0.005 
  83.653 0.0 0.0   -0.003 
  83.708 0.0 0.0   -0.001 
  83.764 0.0 0.0    0.002 
  83.819 0.0 0.0    0.004 
  83.874 0.0 0.0    0.007 
  83.929 0.0 0.0    0.009 
  83.984 0.0 0.0    0.012 
  84.040 0.0 0.0    0.014 
  84.095 0.0 0.0    0.016 
  84.150 0.0 0.0    0.017 
  84.205 0.0 0.0    0.019 
  84.260 0.0 0.0    0.020 
  84.316 0.0 0.0    0.020 
  84.371 0.0 0.0    0.020 
  84.427 0.0 0.0    0.020 
  84.483 0.0 0.0    0.020 
  84.538 0.0 0.0    0.020 
  84.594 0.0 0.0    0.019 
  84.648 0.0 0.0    0.018 
  84.703 0.0 0.0    0.017 
  84.758 0.0 0.0    0.015 
  84.813 0.0 0.0    0.013 
  84.869 0.0 0.0    0.011 
  84.925 0.0 0.0    0.009 
  84.980 0.0 0.0    0.007 
  85.035 0.0 0.0    0.005 
  85.090 0.0 0.0    0.002 
  85.146 0.0 0.0    0.001 
  85.201 0.0 0.0   -0.001 
  85.256 0.0 0.0   -0.003 
  85.311 0.0 0.0   -0.006 
  85.367 0.0 0.0   -0.008 
  85.421 0.0 0.0   -0.010 
  85.477 0.0 0.0   -0.012 
  85.531 0.0 0.0   -0.014 
  85.589 0.0 0.0   -0.015 
  85.643 0.0 0.0   -0.017 
  85.698 0.0 0.0   -0.019 
  85.753 0.0 0.0   -0.019 
  85.809 0.0 0.0   -0.019 
  85.865 0.0 0.0   -0.017 
  85.920 0.0 0.0   -0.015 
  85.975 0.0 0.0   -0.014 
  86.029 0.0 0.0   -0.012 
  86.085 0.0 0.0   -0.010 
  86.140 0.0 0.0   -0.008 
  86.196 0.0 0.0   -0.006 
  86.251 0.0 0.0   -0.004 
  86.306 0.0 0.0   -0.001 
  86.362 0.0 0.0    0.001 
  86.417 0.0 0.0    0.004 
  86.472 0.0 0.0    0.006 
  86.528 0.0 0.0    0.008 
  86.582 0.0 0.0    0.011 
  86.637 0.0 0.0    0.013 
  86.693 0.0 0.0    0.015 
  86.748 0.0 0.0    0.017 
  86.803 0.0 0.0    0.019 
  86.858 0.0 0.0    0.019 
  86.913 0.0 0.0    0.019 
  86.972 0.0 0.0    0.020 
  87.025 0.0 0.0    0.020 
  87.080 0.0 0.0    0.020 
  87.136 0.0 0.0    0.020 
  87.191 0.0 0.0    0.020 
  87.246 0.0 0.0    0.019 
  87.302 0.0 0.0    0.019 
  87.355 0.0 0.0    0.017 
  87.411 0.0 0.0    0.016 
  87.466 0.0 0.0    0.014 
  87.523 0.0 0.0    0.012 
  87.579 0.0 0.0    0.010 
  87.634 0.0 0.0    0.008 
  87.689 0.0 0.0    0.006 
  87.744 0.0 0.0    0.003 
  87.798 0.0 0.0    0.001 
  87.854 0.0 0.0   -0.001 
  87.909 0.0 0.0   -0.002 
  87.964 0.0 0.0   -0.004 
  88.020 0.0 0.0   -0.006 
  88.078 0.0 0.0   -0.008 
  88.131 0.0 0.0   -0.009 
  88.186 0.0 0.0   -0.011 
  88.241 0.0 0.0   -0.013 
  88.297 0.0 0.0   -0.014 
  88.351 0.0 0.0   -0.016 
  88.407 0.0 0.0   -0.016 
  88.461 0.0 0.0   -0.016 
  88.518 0.0 0.0   -0.015 
  88.573 0.0 0.0   -0.014 
  88.629 0.0 0.0   -0.013 
  88.684 0.0 0.0   -0.011 
  88.738 0.0 0.0   -0.010 
  88.793 0.0 0.0   -0.008 
  88.849 0.0 0.0   -0.006 
  88.904 0.0 0.0   -0.004 
  88.960 0.0 0.0   -0.002 
  89.015 0.0 0.0   -0.000 
  89.070 0.0 0.0    0.002 
  89.125 0.0 0.0    0.004 
  89.183 0.0 0.0    0.007 
  89.236 0.0 0.0    0.009 
  89.291 0.0 0.0    0.011 
  89.346 0.0 0.0    0.013 
  89.401 0.0 0.0    0.015 
  89.457 0.0 0.0    0.017 
  89.512 0.0 0.0    0.019 
  89.567 0.0 0.0    0.020 
  89.622 0.0 0.0    0.020 
  89.678 0.0 0.0    0.020 
  89.733 0.0 0.0    0.020 
  89.790 0.0 0.0    0.020 
  89.845 0.0 0.0    0.020 
  89.900 0.0 0.0    0.020 
  89.955 0.0 0.0    0.018 
  90.010 0.0 0.0    0.017 
  90.065 0.0 0.0    0.015 
  90.120 0.0 0.0    0.013 
  90.175 0.0 0.0    0.011 
  90.231 0.0 0.0    0.009 
  90.287 0.0 0.0    0.007 
  90.345 0.0 0.0    0.005 
  90.397 0.0 0.0    0.003 
  90.452 0.0 0.0    0.001 
  90.507 0.0 0.0   -0.001 
  90.563 0.0 0.0   -0.002 
  90.618 0.0 0.0   -0.003 
  90.673 0.0 0.0   -0.004 
  90.729 0.0 0.0   -0.006 
  90.784 0.0 0.0   -0.007 
  90.839 0.0 0.0   -0.009 
  90.894 0.0 0.0   -0.010 
  90.953 0.0 0.0   -0.011 
  91.006 0.0 0.0   -0.012 
  91.061 0.0 0.0   -0.012 
  91.116 0.0 0.0   -0.012 
  91.172 0.0 0.0   -0.012 
  91.227 0.0 0.0   -0.011 
  91.283 0.0 0.0   -0.011 
  91.337 0.0 0.0   -0.010 
  91.392 0.0 0.0   -0.008 
  91.448 0.0 0.0   -0.007 
  91.502 0.0 0.0   -0.006 
  91.558 0.0 0.0   -0.004 
  91.613 0.0 0.0   -0.003 
  91.667 0.0 0.0   -0.001 
  91.724 0.0 0.0    0.001 
  91.779 0.0 0.0    0.004 
  91.833 0.0 0.0    0.006 
  91.889 0.0 0.0    0.009 
  91.943 0.0 0.0    0.011 
  92.000 0.0 0.0    0.013 
  92.055 0.0 0.0    0.015 
  92.110 0.0 0.0    0.017 
  92.165 0.0 0.0    0.018 
  92.221 0.0 0.0    0.019 
  92.277 0.0 0.0    0.019 
  92.332 0.0 0.0    0.019 
