   0.000 0.0   -0.000 0.0 
   0.030 0.0   -0.000 0.0 
   0.059 0.0   -0.000 0.0 
   0.090 0.0   -0.001 0.0 
   0.119 0.0   -0.001 0.0 
   0.149 0.0   -0.001 0.0 
   0.179 0.0   -0.001 0.0 
   0.212 0.0   -0.001 0.0 
   0.240 0.0   -0.001 0.0 
   0.270 0.0   -0.002 0.0 
   0.300 0.0   -0.002 0.0 
   0.330 0.0   -0.002 0.0 
   0.360 0.0   -0.002 0.0 
   0.390 0.0   -0.003 0.0 
   0.420 0.0   -0.003 0.0 
   0.450 0.0   -0.003 0.0 
   0.483 0.0   -0.003 0.0 
   0.512 0.0   -0.004 0.0 
   0.543 0.0   -0.004 0.0 
   0.572 0.0   -0.004 0.0 
   0.600 0.0   -0.005 0.0 
   0.632 0.0   -0.005 0.0 
   0.663 0.0   -0.005 0.0 
   0.690 0.0   -0.006 0.0 
   0.720 0.0   -0.006 0.0 
   0.751 0.0   -0.007 0.0 
   0.780 0.0   -0.007 0.0 
   0.811 0.0   -0.007 0.0 
   0.847 0.0   -0.008 0.0 
   0.877 0.0   -0.008 0.0 
   0.903 0.0   -0.009 0.0 
   0.937 0.0   -0.009 0.0 
   0.963 0.0   -0.009 0.0 
   0.993 0.0   -0.010 0.0 
   1.024 0.0   -0.010 0.0 
   1.054 0.0   -0.010 0.0 
   1.085 0.0   -0.011 0.0 
   1.114 0.0   -0.011 0.0 
   1.145 0.0   -0.011 0.0 
   1.175 0.0   -0.011 0.0 
   1.204 0.0   -0.011 0.0 
   1.234 0.0   -0.011 0.0 
   1.264 0.0   -0.011 0.0 
   1.294 0.0   -0.012 0.0 
   1.324 0.0   -0.012 0.0 
   1.355 0.0   -0.012 0.0 
   1.385 0.0   -0.012 0.0 
   1.414 0.0   -0.012 0.0 
   1.445 0.0   -0.012 0.0 
   1.474 0.0   -0.012 0.0 
   1.505 0.0   -0.012 0.0 
   1.535 0.0   -0.012 0.0 
   1.565 0.0   -0.012 0.0 
   1.595 0.0   -0.012 0.0 
   1.627 0.0   -0.012 0.0 
   1.654 0.0   -0.012 0.0 
   1.683 0.0   -0.012 0.0 
   1.713 0.0   -0.012 0.0 
   1.743 0.0   -0.012 0.0 
   1.774 0.0   -0.012 0.0 
   1.806 0.0   -0.012 0.0 
   1.833 0.0   -0.012 0.0 
   1.867 0.0   -0.012 0.0 
   1.896 0.0   -0.012 0.0 
   1.927 0.0   -0.012 0.0 
   1.959 0.0   -0.011 0.0 
   1.986 0.0   -0.011 0.0 
   2.017 0.0   -0.011 0.0 
   2.050 0.0   -0.011 0.0 
   2.077 0.0   -0.011 0.0 
   2.110 0.0   -0.010 0.0 
   2.137 0.0   -0.010 0.0 
   2.167 0.0   -0.009 0.0 
   2.196 0.0   -0.009 0.0 
   2.227 0.0   -0.009 0.0 
   2.258 0.0   -0.008 0.0 
   2.287 0.0   -0.007 0.0 
   2.317 0.0   -0.007 0.0 
   2.345 0.0   -0.006 0.0 
   2.375 0.0   -0.005 0.0 
   2.408 0.0   -0.004 0.0 
   2.440 0.0   -0.003 0.0 
   2.471 0.0   -0.003 0.0 
   2.501 0.0   -0.002 0.0 
   2.528 0.0   -0.001 0.0 
   2.558 0.0   -0.000 0.0 
   2.587 0.0    0.000 0.0 
   2.616 0.0    0.001 0.0 
   2.646 0.0    0.002 0.0 
   2.677 0.0    0.002 0.0 
   2.707 0.0    0.003 0.0 
   2.736 0.0    0.003 0.0 
   2.768 0.0    0.004 0.0 
   2.799 0.0    0.004 0.0 
   2.830 0.0    0.005 0.0 
   2.859 0.0    0.006 0.0 
   2.889 0.0    0.006 0.0 
   2.920 0.0    0.007 0.0 
   2.949 0.0    0.007 0.0 
   2.979 0.0    0.008 0.0 
   3.009 0.0    0.009 0.0 
   3.039 0.0    0.009 0.0 
   3.069 0.0    0.010 0.0 
   3.100 0.0    0.010 0.0 
   3.130 0.0    0.010 0.0 
   3.160 0.0    0.010 0.0 
   3.190 0.0    0.011 0.0 
   3.220 0.0    0.011 0.0 
   3.251 0.0    0.011 0.0 
   3.280 0.0    0.011 0.0 
   3.310 0.0    0.011 0.0 
   3.341 0.0    0.011 0.0 
   3.370 0.0    0.011 0.0 
   3.401 0.0    0.011 0.0 
   3.431 0.0    0.011 0.0 
   3.461 0.0    0.011 0.0 
   3.492 0.0    0.011 0.0 
   3.523 0.0    0.011 0.0 
   3.616 0.0    0.011 0.0 
   3.645 0.0    0.011 0.0 
   3.665 0.0    0.011 0.0 
   3.691 0.0    0.011 0.0 
   3.780 0.0    0.011 0.0 
   3.805 0.0    0.011 0.0 
   3.827 0.0    0.011 0.0 
   3.855 0.0    0.011 0.0 
   3.888 0.0    0.011 0.0 
   3.916 0.0    0.010 0.0 
   3.949 0.0    0.010 0.0 
   3.979 0.0    0.010 0.0 
   4.006 0.0    0.010 0.0 
   4.036 0.0    0.009 0.0 
   4.066 0.0    0.009 0.0 
   4.096 0.0    0.008 0.0 
   4.127 0.0    0.008 0.0 
   4.157 0.0    0.007 0.0 
   4.189 0.0    0.007 0.0 
   4.219 0.0    0.006 0.0 
   4.250 0.0    0.005 0.0 
   4.277 0.0    0.005 0.0 
   4.307 0.0    0.004 0.0 
   4.337 0.0    0.003 0.0 
   4.368 0.0    0.003 0.0 
   4.399 0.0    0.002 0.0 
   4.429 0.0    0.001 0.0 
   4.460 0.0    0.000 0.0 
   4.490 0.0   -0.001 0.0 
   4.519 0.0   -0.001 0.0 
   4.550 0.0   -0.002 0.0 
   4.580 0.0   -0.003 0.0 
   4.611 0.0   -0.003 0.0 
   4.640 0.0   -0.004 0.0 
   4.671 0.0   -0.004 0.0 
   4.700 0.0   -0.005 0.0 
   4.731 0.0   -0.005 0.0 
   4.761 0.0   -0.006 0.0 
   4.794 0.0   -0.006 0.0 
   4.822 0.0   -0.007 0.0 
   4.851 0.0   -0.007 0.0 
   4.881 0.0   -0.008 0.0 
   4.911 0.0   -0.008 0.0 
   4.942 0.0   -0.008 0.0 
   4.970 0.0   -0.009 0.0 
   4.999 0.0   -0.009 0.0 
   5.029 0.0   -0.009 0.0 
   5.058 0.0   -0.010 0.0 
   5.092 0.0   -0.010 0.0 
   5.120 0.0   -0.010 0.0 
   5.151 0.0   -0.010 0.0 
   5.180 0.0   -0.010 0.0 
   5.213 0.0   -0.011 0.0 
   5.242 0.0   -0.011 0.0 
   5.273 0.0   -0.011 0.0 
   5.304 0.0   -0.011 0.0 
   5.335 0.0   -0.011 0.0 
   5.362 0.0   -0.011 0.0 
   5.390 0.0   -0.011 0.0 
   5.420 0.0   -0.011 0.0 
   5.452 0.0   -0.011 0.0 
   5.482 0.0   -0.011 0.0 
   5.512 0.0   -0.011 0.0 
   5.542 0.0   -0.011 0.0 
   5.571 0.0   -0.011 0.0 
   5.601 0.0   -0.011 0.0 
   5.632 0.0   -0.011 0.0 
   5.664 0.0   -0.011 0.0 
   5.691 0.0   -0.011 0.0 
   5.724 0.0   -0.011 0.0 
   5.754 0.0   -0.010 0.0 
   5.782 0.0   -0.010 0.0 
   5.814 0.0   -0.010 0.0 
   5.841 0.0   -0.009 0.0 
   5.871 0.0   -0.009 0.0 
   5.903 0.0   -0.008 0.0 
   5.935 0.0   -0.008 0.0 
   6.036 0.0   -0.008 0.0 
   6.067 0.0   -0.007 0.0 
   6.088 0.0   -0.006 0.0 
   6.113 0.0   -0.006 0.0 
   6.143 0.0   -0.005 0.0 
   6.173 0.0   -0.005 0.0 
   6.204 0.0   -0.004 0.0 
   6.233 0.0   -0.003 0.0 
   6.266 0.0   -0.003 0.0 
   6.293 0.0   -0.002 0.0 
   6.325 0.0   -0.001 0.0 
   6.354 0.0   -0.000 0.0 
   6.384 0.0    0.000 0.0 
   6.416 0.0    0.001 0.0 
   6.446 0.0    0.002 0.0 
   6.479 0.0    0.002 0.0 
   6.504 0.0    0.003 0.0 
   6.534 0.0    0.003 0.0 
   6.567 0.0    0.004 0.0 
   6.594 0.0    0.005 0.0 
   6.624 0.0    0.005 0.0 
   6.655 0.0    0.006 0.0 
   6.688 0.0    0.006 0.0 
   6.718 0.0    0.007 0.0 
   6.745 0.0    0.007 0.0 
   6.774 0.0    0.008 0.0 
   6.804 0.0    0.008 0.0 
   6.835 0.0    0.009 0.0 
   6.868 0.0    0.009 0.0 
   6.897 0.0    0.010 0.0 
   6.927 0.0    0.010 0.0 
   6.957 0.0    0.011 0.0 
   6.988 0.0    0.011 0.0 
   7.018 0.0    0.012 0.0 
   7.048 0.0    0.012 0.0 
   7.078 0.0    0.012 0.0 
   7.108 0.0    0.013 0.0 
   7.139 0.0    0.013 0.0 
   7.169 0.0    0.013 0.0 
   7.197 0.0    0.013 0.0 
   7.226 0.0    0.013 0.0 
   7.257 0.0    0.013 0.0 
   7.288 0.0    0.013 0.0 
   7.320 0.0    0.013 0.0 
   7.348 0.0    0.013 0.0 
   7.378 0.0    0.013 0.0 
   7.407 0.0    0.013 0.0 
   7.439 0.0    0.013 0.0 
   7.469 0.0    0.013 0.0 
   7.498 0.0    0.013 0.0 
   7.528 0.0    0.013 0.0 
   7.558 0.0    0.012 0.0 
   7.592 0.0    0.012 0.0 
   7.618 0.0    0.012 0.0 
   7.648 0.0    0.012 0.0 
   7.679 0.0    0.011 0.0 
   7.709 0.0    0.011 0.0 
   7.739 0.0    0.011 0.0 
   7.769 0.0    0.010 0.0 
   7.799 0.0    0.010 0.0 
   7.829 0.0    0.010 0.0 
   7.859 0.0    0.009 0.0 
   7.889 0.0    0.008 0.0 
   7.918 0.0    0.008 0.0 
   7.949 0.0    0.007 0.0 
   7.979 0.0    0.007 0.0 
   8.079 0.0    0.006 0.0 
   8.117 0.0    0.005 0.0 
   8.136 0.0    0.004 0.0 
   8.163 0.0    0.004 0.0 
   8.193 0.0    0.003 0.0 
   8.224 0.0    0.003 0.0 
   8.254 0.0    0.001 0.0 
   8.283 0.0    0.000 0.0 
   8.313 0.0   -0.001 0.0 
   8.343 0.0   -0.002 0.0 
   8.375 0.0   -0.003 0.0 
   8.405 0.0   -0.004 0.0 
   8.434 0.0   -0.005 0.0 
   8.464 0.0   -0.006 0.0 
   8.494 0.0   -0.007 0.0 
   8.524 0.0   -0.008 0.0 
   8.555 0.0   -0.008 0.0 
   8.585 0.0   -0.009 0.0 
   8.614 0.0   -0.009 0.0 
   8.646 0.0   -0.009 0.0 
   8.676 0.0   -0.010 0.0 
   8.706 0.0   -0.010 0.0 
   8.737 0.0   -0.010 0.0 
   8.766 0.0   -0.011 0.0 
   8.796 0.0   -0.011 0.0 
   8.827 0.0   -0.011 0.0 
   8.856 0.0   -0.012 0.0 
   8.888 0.0   -0.012 0.0 
   8.921 0.0   -0.012 0.0 
   8.948 0.0   -0.013 0.0 
   8.977 0.0   -0.013 0.0 
   9.007 0.0   -0.013 0.0 
   9.037 0.0   -0.014 0.0 
   9.071 0.0   -0.014 0.0 
   9.100 0.0   -0.014 0.0 
   9.129 0.0   -0.014 0.0 
   9.159 0.0   -0.014 0.0 
   9.188 0.0   -0.014 0.0 
   9.218 0.0   -0.014 0.0 
   9.248 0.0   -0.014 0.0 
   9.279 0.0   -0.014 0.0 
   9.309 0.0   -0.014 0.0 
   9.339 0.0   -0.014 0.0 
   9.368 0.0   -0.014 0.0 
   9.399 0.0   -0.014 0.0 
   9.429 0.0   -0.014 0.0 
   9.460 0.0   -0.014 0.0 
   9.491 0.0   -0.013 0.0 
   9.520 0.0   -0.013 0.0 
   9.551 0.0   -0.013 0.0 
   9.580 0.0   -0.012 0.0 
   9.611 0.0   -0.011 0.0 
   9.641 0.0   -0.011 0.0 
   9.673 0.0   -0.010 0.0 
   9.701 0.0   -0.009 0.0 
   9.730 0.0   -0.008 0.0 
   9.826 0.0   -0.008 0.0 
   9.860 0.0   -0.007 0.0 
   9.881 0.0   -0.006 0.0 
   9.906 0.0   -0.006 0.0 
   9.936 0.0   -0.005 0.0 
   9.965 0.0   -0.005 0.0 
   9.996 0.0   -0.004 0.0 
  10.027 0.0   -0.004 0.0 
  10.057 0.0   -0.003 0.0 
  10.090 0.0   -0.003 0.0 
  10.118 0.0   -0.002 0.0 
  10.147 0.0   -0.002 0.0 
  10.178 0.0   -0.001 0.0 
  10.208 0.0   -0.000 0.0 
  10.237 0.0    0.000 0.0 
  10.267 0.0    0.001 0.0 
  10.298 0.0    0.002 0.0 
  10.328 0.0    0.002 0.0 
  10.358 0.0    0.003 0.0 
  10.388 0.0    0.004 0.0 
  10.492 0.0    0.005 0.0 
  10.521 0.0    0.006 0.0 
  10.541 0.0    0.007 0.0 
  10.568 0.0    0.008 0.0 
  10.598 0.0    0.009 0.0 
  10.628 0.0    0.009 0.0 
  10.657 0.0    0.010 0.0 
  10.688 0.0    0.011 0.0 
  10.717 0.0    0.012 0.0 
  10.748 0.0    0.012 0.0 
  10.779 0.0    0.013 0.0 
  10.810 0.0    0.013 0.0 
  10.840 0.0    0.013 0.0 
  10.869 0.0    0.014 0.0 
  10.898 0.0    0.015 0.0 
  10.929 0.0    0.015 0.0 
  10.961 0.0    0.015 0.0 
  10.991 0.0    0.016 0.0 
  11.023 0.0    0.016 0.0 
  11.053 0.0    0.016 0.0 
  11.081 0.0    0.016 0.0 
  11.111 0.0    0.017 0.0 
  11.141 0.0    0.016 0.0 
  11.172 0.0    0.016 0.0 
  11.204 0.0    0.016 0.0 
  11.232 0.0    0.016 0.0 
  11.259 0.0    0.016 0.0 
  11.289 0.0    0.015 0.0 
  11.319 0.0    0.015 0.0 
  11.349 0.0    0.015 0.0 
  11.383 0.0    0.014 0.0 
  11.411 0.0    0.014 0.0 
  11.441 0.0    0.013 0.0 
  11.472 0.0    0.013 0.0 
  11.502 0.0    0.012 0.0 
  11.531 0.0    0.012 0.0 
  11.560 0.0    0.012 0.0 
  11.591 0.0    0.011 0.0 
  11.620 0.0    0.011 0.0 
  11.651 0.0    0.010 0.0 
  11.681 0.0    0.010 0.0 
  11.712 0.0    0.009 0.0 
  11.742 0.0    0.009 0.0 
  11.773 0.0    0.008 0.0 
  11.803 0.0    0.007 0.0 
  11.833 0.0    0.006 0.0 
  11.863 0.0    0.005 0.0 
  11.893 0.0    0.004 0.0 
  11.924 0.0    0.003 0.0 
  11.951 0.0    0.003 0.0 
  11.982 0.0    0.002 0.0 
  12.012 0.0    0.001 0.0 
  12.041 0.0    0.000 0.0 
  12.072 0.0   -0.001 0.0 
  12.103 0.0   -0.001 0.0 
  12.134 0.0   -0.002 0.0 
  12.164 0.0   -0.002 0.0 
  12.193 0.0   -0.003 0.0 
  12.223 0.0   -0.004 0.0 
  12.254 0.0   -0.004 0.0 
  12.284 0.0   -0.005 0.0 
  12.314 0.0   -0.006 0.0 
  12.342 0.0   -0.007 0.0 
  12.372 0.0   -0.008 0.0 
  12.473 0.0   -0.009 0.0 
  12.503 0.0   -0.009 0.0 
  12.523 0.0   -0.010 0.0 
  12.550 0.0   -0.011 0.0 
  12.580 0.0   -0.012 0.0 
  12.609 0.0   -0.012 0.0 
  12.642 0.0   -0.013 0.0 
  12.669 0.0   -0.013 0.0 
  12.699 0.0   -0.013 0.0 
  12.729 0.0   -0.014 0.0 
  12.760 0.0   -0.014 0.0 
  12.790 0.0   -0.015 0.0 
  12.821 0.0   -0.015 0.0 
  12.851 0.0   -0.015 0.0 
  12.879 0.0   -0.015 0.0 
  12.911 0.0   -0.016 0.0 
  13.012 0.0   -0.016 0.0 
  13.043 0.0   -0.016 0.0 
  13.061 0.0   -0.016 0.0 
  13.088 0.0   -0.016 0.0 
  13.118 0.0   -0.016 0.0 
  13.150 0.0   -0.016 0.0 
  13.179 0.0   -0.016 0.0 
  13.210 0.0   -0.016 0.0 
  13.240 0.0   -0.015 0.0 
  13.270 0.0   -0.015 0.0 
  13.300 0.0   -0.015 0.0 
  13.330 0.0   -0.014 0.0 
  13.360 0.0   -0.014 0.0 
  13.390 0.0   -0.013 0.0 
  13.421 0.0   -0.013 0.0 
  13.452 0.0   -0.012 0.0 
  13.480 0.0   -0.012 0.0 
  13.511 0.0   -0.011 0.0 
  13.540 0.0   -0.011 0.0 
  13.571 0.0   -0.011 0.0 
  13.601 0.0   -0.010 0.0 
  13.631 0.0   -0.010 0.0 
  13.660 0.0   -0.009 0.0 
  13.691 0.0   -0.009 0.0 
  13.721 0.0   -0.008 0.0 
  13.751 0.0   -0.007 0.0 
  13.781 0.0   -0.007 0.0 
  13.811 0.0   -0.006 0.0 
  13.843 0.0   -0.006 0.0 
  13.873 0.0   -0.005 0.0 
  13.904 0.0   -0.004 0.0 
  13.933 0.0   -0.004 0.0 
  13.963 0.0   -0.003 0.0 
  13.993 0.0   -0.002 0.0 
  14.023 0.0   -0.001 0.0 
  14.054 0.0   -0.001 0.0 
  14.084 0.0    0.000 0.0 
  14.113 0.0    0.001 0.0 
  14.147 0.0    0.002 0.0 
  14.174 0.0    0.003 0.0 
  14.207 0.0    0.003 0.0 
  14.234 0.0    0.005 0.0 
  14.264 0.0    0.006 0.0 
  14.294 0.0    0.007 0.0 
  14.324 0.0    0.008 0.0 
  14.354 0.0    0.009 0.0 
  14.451 0.0    0.010 0.0 
  14.478 0.0    0.010 0.0 
  14.499 0.0    0.011 0.0 
  14.526 0.0    0.012 0.0 
  14.556 0.0    0.013 0.0 
  14.586 0.0    0.013 0.0 
  14.616 0.0    0.013 0.0 
  14.646 0.0    0.014 0.0 
  14.677 0.0    0.014 0.0 
  14.706 0.0    0.014 0.0 
  14.738 0.0    0.015 0.0 
  14.766 0.0    0.015 0.0 
  14.797 0.0    0.015 0.0 
  14.826 0.0    0.015 0.0 
  14.861 0.0    0.016 0.0 
  14.891 0.0    0.016 0.0 
  14.920 0.0    0.016 0.0 
  14.951 0.0    0.016 0.0 
  14.978 0.0    0.017 0.0 
  15.009 0.0    0.017 0.0 
  15.039 0.0    0.017 0.0 
  15.068 0.0    0.017 0.0 
  15.101 0.0    0.017 0.0 
  15.132 0.0    0.017 0.0 
  15.162 0.0    0.017 0.0 
  15.190 0.0    0.017 0.0 
  15.219 0.0    0.016 0.0 
  15.250 0.0    0.016 0.0 
  15.352 0.0    0.015 0.0 
  15.387 0.0    0.015 0.0 
  15.404 0.0    0.014 0.0 
  15.433 0.0    0.013 0.0 
  15.530 0.0    0.012 0.0 
  15.558 0.0    0.010 0.0 
  15.582 0.0    0.009 0.0 
  15.605 0.0    0.009 0.0 
  15.636 0.0    0.007 0.0 
  15.666 0.0    0.007 0.0 
  15.696 0.0    0.006 0.0 
  15.726 0.0    0.005 0.0 
  15.756 0.0    0.005 0.0 
  15.787 0.0    0.004 0.0 
  15.819 0.0    0.004 0.0 
  15.850 0.0    0.003 0.0 
  15.880 0.0    0.003 0.0 
  15.909 0.0    0.002 0.0 
  15.939 0.0    0.002 0.0 
  15.969 0.0    0.001 0.0 
  16.000 0.0    0.001 0.0 
  16.027 0.0   -0.000 0.0 
  16.057 0.0   -0.001 0.0 
  16.087 0.0   -0.001 0.0 
  16.117 0.0   -0.002 0.0 
  16.148 0.0   -0.002 0.0 
  16.178 0.0   -0.003 0.0 
  16.211 0.0   -0.003 0.0 
  16.241 0.0   -0.004 0.0 
  16.270 0.0   -0.005 0.0 
  16.371 0.0   -0.005 0.0 
  16.399 0.0   -0.006 0.0 
  16.424 0.0   -0.007 0.0 
  16.454 0.0   -0.008 0.0 
  16.483 0.0   -0.009 0.0 
  16.517 0.0   -0.009 0.0 
  16.543 0.0   -0.010 0.0 
  16.572 0.0   -0.011 0.0 
  16.604 0.0   -0.012 0.0 
  16.634 0.0   -0.012 0.0 
  16.663 0.0   -0.013 0.0 
  16.693 0.0   -0.013 0.0 
  16.723 0.0   -0.013 0.0 
  16.753 0.0   -0.014 0.0 
  16.787 0.0   -0.014 0.0 
  16.818 0.0   -0.015 0.0 
  16.844 0.0   -0.015 0.0 
  16.874 0.0   -0.015 0.0 
  16.904 0.0   -0.015 0.0 
  16.934 0.0   -0.016 0.0 
  16.966 0.0   -0.016 0.0 
  16.995 0.0   -0.016 0.0 
  17.024 0.0   -0.017 0.0 
  17.058 0.0   -0.017 0.0 
  17.088 0.0   -0.017 0.0 
  17.118 0.0   -0.017 0.0 
  17.148 0.0   -0.017 0.0 
  17.179 0.0   -0.017 0.0 
  17.209 0.0   -0.017 0.0 
  17.238 0.0   -0.017 0.0 
  17.269 0.0   -0.017 0.0 
  17.299 0.0   -0.017 0.0 
  17.328 0.0   -0.017 0.0 
  17.358 0.0   -0.016 0.0 
  17.388 0.0   -0.016 0.0 
  17.418 0.0   -0.015 0.0 
  17.447 0.0   -0.015 0.0 
  17.478 0.0   -0.015 0.0 
  17.508 0.0   -0.014 0.0 
  17.538 0.0   -0.014 0.0 
  17.568 0.0   -0.013 0.0 
  17.601 0.0   -0.013 0.0 
  17.631 0.0   -0.013 0.0 
  17.661 0.0   -0.012 0.0 
  17.687 0.0   -0.011 0.0 
  17.717 0.0   -0.011 0.0 
  17.747 0.0   -0.010 0.0 
  17.778 0.0   -0.010 0.0 
  17.807 0.0   -0.009 0.0 
  17.837 0.0   -0.008 0.0 
  17.867 0.0   -0.007 0.0 
  17.897 0.0   -0.007 0.0 
  17.928 0.0   -0.006 0.0 
  17.957 0.0   -0.004 0.0 
  17.988 0.0   -0.003 0.0 
  18.019 0.0   -0.002 0.0 
  18.049 0.0   -0.000 0.0 
  18.084 0.0    0.001 0.0 
  18.109 0.0    0.002 0.0 
  18.144 0.0    0.003 0.0 
  18.212 0.0    0.005 0.0 
  18.235 0.0    0.006 0.0 
  18.259 0.0    0.008 0.0 
  18.288 0.0    0.008 0.0 
  18.318 0.0    0.009 0.0 
  18.347 0.0    0.010 0.0 
  18.377 0.0    0.011 0.0 
  18.407 0.0    0.012 0.0 
  18.439 0.0    0.013 0.0 
  18.469 0.0    0.013 0.0 
  18.499 0.0    0.014 0.0 
  18.527 0.0    0.014 0.0 
  18.559 0.0    0.015 0.0 
  18.591 0.0    0.015 0.0 
  18.620 0.0    0.016 0.0 
  18.648 0.0    0.016 0.0 
  18.679 0.0    0.017 0.0 
  18.708 0.0    0.017 0.0 
  18.740 0.0    0.017 0.0 
  18.772 0.0    0.018 0.0 
  18.872 0.0    0.018 0.0 
  18.904 0.0    0.018 0.0 
  18.923 0.0    0.018 0.0 
  18.951 0.0    0.018 0.0 
  18.980 0.0    0.018 0.0 
  19.009 0.0    0.019 0.0 
  19.039 0.0    0.019 0.0 
  19.069 0.0    0.019 0.0 
  19.100 0.0    0.019 0.0 
  19.130 0.0    0.019 0.0 
  19.161 0.0    0.018 0.0 
  19.193 0.0    0.018 0.0 
  19.223 0.0    0.018 0.0 
  19.252 0.0    0.017 0.0 
  19.281 0.0    0.017 0.0 
  19.310 0.0    0.016 0.0 
  19.341 0.0    0.016 0.0 
  19.373 0.0    0.015 0.0 
  19.403 0.0    0.015 0.0 
  19.433 0.0    0.014 0.0 
  19.464 0.0    0.013 0.0 
  19.498 0.0    0.013 0.0 
  19.524 0.0    0.013 0.0 
  19.553 0.0    0.012 0.0 
  19.584 0.0    0.011 0.0 
  19.613 0.0    0.011 0.0 
  19.647 0.0    0.010 0.0 
  19.678 0.0    0.009 0.0 
  19.708 0.0    0.007 0.0 
  19.737 0.0    0.006 0.0 
  19.766 0.0    0.005 0.0 
  19.792 0.0    0.004 0.0 
  19.823 0.0    0.003 0.0 
  19.856 0.0    0.002 0.0 
  19.886 0.0    0.001 0.0 
  19.916 0.0   -0.000 0.0 
  19.946 0.0   -0.001 0.0 
  19.976 0.0   -0.001 0.0 
  20.006 0.0   -0.002 0.0 
  20.035 0.0   -0.002 0.0 
  20.065 0.0   -0.003 0.0 
  20.096 0.0   -0.004 0.0 
  20.126 0.0   -0.004 0.0 
  20.155 0.0   -0.005 0.0 
  20.185 0.0   -0.006 0.0 
  20.221 0.0   -0.006 0.0 
  20.246 0.0   -0.007 0.0 
  20.276 0.0   -0.008 0.0 
  20.306 0.0   -0.010 0.0 
  20.336 0.0   -0.011 0.0 
  20.370 0.0   -0.012 0.0 
  20.396 0.0   -0.012 0.0 
  20.426 0.0   -0.013 0.0 
  20.456 0.0   -0.014 0.0 
  20.487 0.0   -0.015 0.0 
  20.523 0.0   -0.015 0.0 
  20.548 0.0   -0.016 0.0 
  20.579 0.0   -0.016 0.0 
  20.609 0.0   -0.016 0.0 
  20.639 0.0   -0.016 0.0 
  20.669 0.0   -0.016 0.0 
  20.699 0.0   -0.016 0.0 
  20.731 0.0   -0.016 0.0 
  20.760 0.0   -0.016 0.0 
  20.791 0.0   -0.016 0.0 
  20.820 0.0   -0.016 0.0 
  20.851 0.0   -0.016 0.0 
  20.881 0.0   -0.016 0.0 
  20.911 0.0   -0.016 0.0 
  20.941 0.0   -0.016 0.0 
  20.972 0.0   -0.015 0.0 
  21.003 0.0   -0.015 0.0 
  21.034 0.0   -0.014 0.0 
  21.063 0.0   -0.014 0.0 
  21.094 0.0   -0.013 0.0 
  21.123 0.0   -0.013 0.0 
  21.154 0.0   -0.012 0.0 
  21.184 0.0   -0.011 0.0 
  21.214 0.0   -0.011 0.0 
  21.245 0.0   -0.010 0.0 
  21.280 0.0   -0.009 0.0 
  21.304 0.0   -0.008 0.0 
  21.335 0.0   -0.006 0.0 
  21.365 0.0   -0.005 0.0 
  21.395 0.0   -0.004 0.0 
  21.427 0.0   -0.003 0.0 
  21.457 0.0   -0.002 0.0 
  21.487 0.0   -0.001 0.0 
  21.517 0.0    0.001 0.0 
  21.546 0.0    0.002 0.0 
  21.582 0.0    0.003 0.0 
  21.611 0.0    0.004 0.0 
  21.640 0.0    0.005 0.0 
  21.670 0.0    0.006 0.0 
  21.701 0.0    0.007 0.0 
  21.730 0.0    0.008 0.0 
  21.760 0.0    0.009 0.0 
  21.791 0.0    0.010 0.0 
  21.821 0.0    0.011 0.0 
  21.851 0.0    0.012 0.0 
  21.882 0.0    0.013 0.0 
  21.911 0.0    0.014 0.0 
  21.942 0.0    0.014 0.0 
  21.973 0.0    0.015 0.0 
  22.004 0.0    0.016 0.0 
  22.032 0.0    0.017 0.0 
  22.063 0.0    0.018 0.0 
  22.094 0.0    0.018 0.0 
  22.124 0.0    0.019 0.0 
  22.154 0.0    0.020 0.0 
  22.184 0.0    0.020 0.0 
  22.214 0.0    0.021 0.0 
  22.245 0.0    0.021 0.0 
  22.275 0.0    0.022 0.0 
  22.305 0.0    0.023 0.0 
  22.336 0.0    0.023 0.0 
  22.366 0.0    0.024 0.0 
  22.397 0.0    0.024 0.0 
  22.426 0.0    0.024 0.0 
  22.456 0.0    0.025 0.0 
  22.488 0.0    0.025 0.0 
  22.518 0.0    0.025 0.0 
  22.547 0.0    0.025 0.0 
  22.578 0.0    0.025 0.0 
  22.608 0.0    0.025 0.0 
  22.638 0.0    0.025 0.0 
  22.668 0.0    0.025 0.0 
  22.699 0.0    0.025 0.0 
  22.728 0.0    0.025 0.0 
  22.759 0.0    0.025 0.0 
  22.789 0.0    0.025 0.0 
  22.819 0.0    0.024 0.0 
  22.851 0.0    0.024 0.0 
  22.880 0.0    0.023 0.0 
  22.910 0.0    0.023 0.0 
  22.940 0.0    0.022 0.0 
  22.971 0.0    0.021 0.0 
  23.001 0.0    0.021 0.0 
  23.031 0.0    0.020 0.0 
  23.061 0.0    0.019 0.0 
  23.092 0.0    0.018 0.0 
  23.122 0.0    0.017 0.0 
  23.152 0.0    0.016 0.0 
  23.182 0.0    0.015 0.0 
  23.212 0.0    0.014 0.0 
  23.243 0.0    0.014 0.0 
  23.273 0.0    0.012 0.0 
  23.304 0.0    0.011 0.0 
  23.333 0.0    0.011 0.0 
  23.364 0.0    0.009 0.0 
  23.394 0.0    0.008 0.0 
  23.425 0.0    0.007 0.0 
  23.455 0.0    0.006 0.0 
  23.485 0.0    0.005 0.0 
  23.515 0.0    0.004 0.0 
  23.546 0.0    0.003 0.0 
  23.576 0.0    0.002 0.0 
  23.606 0.0    0.001 0.0 
  23.636 0.0   -0.001 0.0 
  23.666 0.0   -0.002 0.0 
  23.696 0.0   -0.003 0.0 
  23.727 0.0   -0.004 0.0 
  23.757 0.0   -0.005 0.0 
  23.787 0.0   -0.006 0.0 
  23.817 0.0   -0.007 0.0 
  23.848 0.0   -0.008 0.0 
  23.878 0.0   -0.009 0.0 
  23.908 0.0   -0.010 0.0 
  23.939 0.0   -0.011 0.0 
  23.969 0.0   -0.011 0.0 
  23.999 0.0   -0.012 0.0 
  24.029 0.0   -0.013 0.0 
  24.059 0.0   -0.014 0.0 
  24.089 0.0   -0.015 0.0 
  24.120 0.0   -0.016 0.0 
  24.150 0.0   -0.017 0.0 
  24.180 0.0   -0.018 0.0 
  24.211 0.0   -0.019 0.0 
  24.241 0.0   -0.020 0.0 
  24.271 0.0   -0.020 0.0 
  24.301 0.0   -0.021 0.0 
  24.331 0.0   -0.022 0.0 
  24.362 0.0   -0.022 0.0 
  24.392 0.0   -0.023 0.0 
  24.422 0.0   -0.023 0.0 
  24.453 0.0   -0.023 0.0 
  24.483 0.0   -0.024 0.0 
  24.513 0.0   -0.024 0.0 
  24.543 0.0   -0.024 0.0 
  24.574 0.0   -0.024 0.0 
  24.660 0.0   -0.023 0.0 
  24.693 0.0   -0.023 0.0 
  24.713 0.0   -0.023 0.0 
  24.739 0.0   -0.022 0.0 
  24.769 0.0   -0.022 0.0 
  24.799 0.0   -0.021 0.0 
  24.829 0.0   -0.020 0.0 
  24.861 0.0   -0.020 0.0 
  24.893 0.0   -0.019 0.0 
  24.925 0.0   -0.018 0.0 
  24.955 0.0   -0.018 0.0 
  24.985 0.0   -0.017 0.0 
  25.017 0.0   -0.017 0.0 
  25.047 0.0   -0.016 0.0 
  25.077 0.0   -0.016 0.0 
  25.107 0.0   -0.014 0.0 
  25.137 0.0   -0.013 0.0 
  25.167 0.0   -0.011 0.0 
  25.197 0.0   -0.009 0.0 
  25.228 0.0   -0.008 0.0 
  25.258 0.0   -0.006 0.0 
  25.289 0.0   -0.004 0.0 
  25.319 0.0   -0.002 0.0 
  25.349 0.0   -0.001 0.0 
  25.379 0.0    0.001 0.0 
  25.410 0.0    0.002 0.0 
  25.440 0.0    0.002 0.0 
  25.470 0.0    0.003 0.0 
  25.502 0.0    0.004 0.0 
  25.531 0.0    0.004 0.0 
  25.561 0.0    0.005 0.0 
  25.592 0.0    0.005 0.0 
  25.622 0.0    0.006 0.0 
  25.652 0.0    0.007 0.0 
  25.682 0.0    0.007 0.0 
  25.712 0.0    0.008 0.0 
  25.743 0.0    0.009 0.0 
  25.773 0.0    0.009 0.0 
  25.802 0.0    0.010 0.0 
  25.833 0.0    0.011 0.0 
  25.863 0.0    0.011 0.0 
  25.894 0.0    0.012 0.0 
  25.924 0.0    0.013 0.0 
  25.955 0.0    0.013 0.0 
  25.985 0.0    0.014 0.0 
  26.015 0.0    0.014 0.0 
  26.045 0.0    0.015 0.0 
  26.075 0.0    0.015 0.0 
  26.106 0.0    0.016 0.0 
  26.136 0.0    0.016 0.0 
  26.166 0.0    0.017 0.0 
  26.196 0.0    0.017 0.0 
  26.227 0.0    0.018 0.0 
  26.257 0.0    0.019 0.0 
  26.287 0.0    0.019 0.0 
  26.318 0.0    0.019 0.0 
  26.347 0.0    0.020 0.0 
  26.378 0.0    0.020 0.0 
  26.408 0.0    0.021 0.0 
  26.438 0.0    0.021 0.0 
  26.469 0.0    0.021 0.0 
  26.499 0.0    0.021 0.0 
  26.529 0.0    0.022 0.0 
  26.560 0.0    0.022 0.0 
  26.591 0.0    0.021 0.0 
  26.620 0.0    0.021 0.0 
  26.650 0.0    0.021 0.0 
  26.680 0.0    0.021 0.0 
  26.711 0.0    0.021 0.0 
  26.741 0.0    0.020 0.0 
  26.772 0.0    0.020 0.0 
  26.802 0.0    0.020 0.0 
  26.832 0.0    0.019 0.0 
  26.863 0.0    0.019 0.0 
  26.892 0.0    0.018 0.0 
  26.923 0.0    0.017 0.0 
  26.954 0.0    0.017 0.0 
  26.988 0.0    0.016 0.0 
  27.014 0.0    0.016 0.0 
  27.045 0.0    0.015 0.0 
  27.075 0.0    0.014 0.0 
  27.110 0.0    0.014 0.0 
  27.135 0.0    0.013 0.0 
  27.165 0.0    0.012 0.0 
  27.196 0.0    0.011 0.0 
  27.226 0.0    0.011 0.0 
  27.256 0.0    0.010 0.0 
  27.286 0.0    0.009 0.0 
  27.317 0.0    0.008 0.0 
  27.347 0.0    0.007 0.0 
  27.377 0.0    0.006 0.0 
  27.408 0.0    0.005 0.0 
  27.437 0.0    0.004 0.0 
  27.468 0.0    0.003 0.0 
  27.499 0.0    0.002 0.0 
  27.529 0.0    0.001 0.0 
  27.559 0.0   -0.000 0.0 
  27.589 0.0   -0.001 0.0 
  27.619 0.0   -0.002 0.0 
  27.649 0.0   -0.003 0.0 
  27.681 0.0   -0.004 0.0 
  27.710 0.0   -0.005 0.0 
  27.746 0.0   -0.006 0.0 
  27.771 0.0   -0.007 0.0 
  27.801 0.0   -0.008 0.0 
  27.831 0.0   -0.009 0.0 
  27.862 0.0   -0.010 0.0 
  27.892 0.0   -0.011 0.0 
  27.922 0.0   -0.012 0.0 
  27.952 0.0   -0.013 0.0 
  27.982 0.0   -0.014 0.0 
  28.014 0.0   -0.014 0.0 
  28.043 0.0   -0.015 0.0 
  28.074 0.0   -0.016 0.0 
  28.104 0.0   -0.016 0.0 
  28.134 0.0   -0.017 0.0 
  28.165 0.0   -0.017 0.0 
  28.195 0.0   -0.018 0.0 
  28.226 0.0   -0.018 0.0 
  28.255 0.0   -0.019 0.0 
  28.285 0.0   -0.019 0.0 
  28.315 0.0   -0.019 0.0 
  28.346 0.0   -0.020 0.0 
  28.376 0.0   -0.020 0.0 
  28.407 0.0   -0.020 0.0 
  28.442 0.0   -0.020 0.0 
  28.467 0.0   -0.020 0.0 
  28.497 0.0   -0.020 0.0 
  28.528 0.0   -0.019 0.0 
  28.557 0.0   -0.019 0.0 
  28.589 0.0   -0.018 0.0 
  28.624 0.0   -0.018 0.0 
  28.649 0.0   -0.017 0.0 
  28.679 0.0   -0.017 0.0 
  28.709 0.0   -0.016 0.0 
  28.740 0.0   -0.015 0.0 
  28.769 0.0   -0.015 0.0 
  28.800 0.0   -0.014 0.0 
  28.830 0.0   -0.013 0.0 
  28.860 0.0   -0.013 0.0 
  28.890 0.0   -0.013 0.0 
  28.921 0.0   -0.012 0.0 
  28.951 0.0   -0.012 0.0 
  28.981 0.0   -0.011 0.0 
  29.011 0.0   -0.010 0.0 
  29.041 0.0   -0.010 0.0 
  29.072 0.0   -0.009 0.0 
  29.102 0.0   -0.009 0.0 
  29.134 0.0   -0.008 0.0 
  29.162 0.0   -0.008 0.0 
  29.193 0.0   -0.007 0.0 
  29.223 0.0   -0.007 0.0 
  29.253 0.0   -0.006 0.0 
  29.285 0.0   -0.005 0.0 
  29.314 0.0   -0.005 0.0 
  29.344 0.0   -0.004 0.0 
  29.374 0.0   -0.003 0.0 
  29.405 0.0   -0.002 0.0 
  29.436 0.0   -0.001 0.0 
  29.466 0.0   -0.000 0.0 
  29.495 0.0    0.001 0.0 
  29.525 0.0    0.001 0.0 
  29.555 0.0    0.002 0.0 
  29.586 0.0    0.003 0.0 
  29.616 0.0    0.005 0.0 
  29.647 0.0    0.006 0.0 
  29.677 0.0    0.007 0.0 
  29.707 0.0    0.008 0.0 
  29.737 0.0    0.009 0.0 
  29.767 0.0    0.010 0.0 
  29.799 0.0    0.011 0.0 
  29.828 0.0    0.013 0.0 
  29.858 0.0    0.014 0.0 
  29.889 0.0    0.015 0.0 
  29.919 0.0    0.015 0.0 
  29.949 0.0    0.016 0.0 
  29.981 0.0    0.016 0.0 
  30.011 0.0    0.016 0.0 
  30.041 0.0    0.017 0.0 
  30.071 0.0    0.017 0.0 
  30.102 0.0    0.017 0.0 
  30.131 0.0    0.017 0.0 
  30.162 0.0    0.017 0.0 
  30.195 0.0    0.018 0.0 
  30.223 0.0    0.018 0.0 
  30.253 0.0    0.018 0.0 
  30.283 0.0    0.018 0.0 
  30.317 0.0    0.018 0.0 
  30.343 0.0    0.018 0.0 
  30.377 0.0    0.018 0.0 
  30.404 0.0    0.018 0.0 
  30.434 0.0    0.018 0.0 
  30.464 0.0    0.017 0.0 
  30.494 0.0    0.017 0.0 
  30.524 0.0    0.017 0.0 
  30.555 0.0    0.017 0.0 
  30.585 0.0    0.016 0.0 
  30.615 0.0    0.016 0.0 
  30.646 0.0    0.016 0.0 
  30.676 0.0    0.016 0.0 
  30.705 0.0    0.015 0.0 
  30.736 0.0    0.015 0.0 
  30.766 0.0    0.015 0.0 
  30.796 0.0    0.014 0.0 
  30.827 0.0    0.013 0.0 
  30.857 0.0    0.013 0.0 
  30.887 0.0    0.012 0.0 
  30.918 0.0    0.012 0.0 
  30.948 0.0    0.011 0.0 
  30.978 0.0    0.011 0.0 
  31.008 0.0    0.010 0.0 
  31.038 0.0    0.009 0.0 
  31.069 0.0    0.008 0.0 
  31.099 0.0    0.007 0.0 
  31.129 0.0    0.007 0.0 
  31.159 0.0    0.006 0.0 
  31.190 0.0    0.005 0.0 
  31.220 0.0    0.004 0.0 
  31.251 0.0    0.004 0.0 
  31.281 0.0    0.003 0.0 
  31.311 0.0    0.002 0.0 
  31.342 0.0    0.001 0.0 
  31.371 0.0   -0.000 0.0 
  31.402 0.0   -0.001 0.0 
  31.432 0.0   -0.002 0.0 
  31.462 0.0   -0.003 0.0 
  31.492 0.0   -0.004 0.0 
  31.523 0.0   -0.005 0.0 
  31.552 0.0   -0.006 0.0 
  31.583 0.0   -0.007 0.0 
  31.613 0.0   -0.007 0.0 
  31.643 0.0   -0.008 0.0 
  31.674 0.0   -0.009 0.0 
  31.703 0.0   -0.009 0.0 
  31.735 0.0   -0.010 0.0 
  31.764 0.0   -0.010 0.0 
  31.794 0.0   -0.011 0.0 
  31.825 0.0   -0.011 0.0 
  31.855 0.0   -0.012 0.0 
  31.886 0.0   -0.012 0.0 
  31.916 0.0   -0.012 0.0 
  31.946 0.0   -0.013 0.0 
  31.976 0.0   -0.013 0.0 
  32.007 0.0   -0.014 0.0 
  32.037 0.0   -0.014 0.0 
  32.067 0.0   -0.014 0.0 
  32.098 0.0   -0.014 0.0 
  32.128 0.0   -0.015 0.0 
  32.158 0.0   -0.015 0.0 
  32.188 0.0   -0.015 0.0 
  32.218 0.0   -0.015 0.0 
  32.248 0.0   -0.015 0.0 
  32.278 0.0   -0.015 0.0 
  32.309 0.0   -0.015 0.0 
  32.339 0.0   -0.015 0.0 
  32.369 0.0   -0.015 0.0 
  32.400 0.0   -0.015 0.0 
  32.430 0.0   -0.015 0.0 
  32.461 0.0   -0.014 0.0 
  32.490 0.0   -0.014 0.0 
  32.520 0.0   -0.014 0.0 
  32.551 0.0   -0.014 0.0 
  32.581 0.0   -0.014 0.0 
  32.611 0.0   -0.013 0.0 
  32.641 0.0   -0.013 0.0 
  32.672 0.0   -0.013 0.0 
  32.703 0.0   -0.012 0.0 
  32.732 0.0   -0.012 0.0 
  32.762 0.0   -0.011 0.0 
  32.793 0.0   -0.010 0.0 
  32.823 0.0   -0.010 0.0 
  32.854 0.0   -0.009 0.0 
  32.884 0.0   -0.009 0.0 
  32.914 0.0   -0.008 0.0 
  32.944 0.0   -0.008 0.0 
  32.974 0.0   -0.007 0.0 
  33.005 0.0   -0.006 0.0 
  33.035 0.0   -0.006 0.0 
  33.065 0.0   -0.005 0.0 
  33.096 0.0   -0.004 0.0 
  33.126 0.0   -0.003 0.0 
  33.156 0.0   -0.003 0.0 
  33.191 0.0   -0.002 0.0 
  33.221 0.0   -0.001 0.0 
  33.247 0.0    0.000 0.0 
  33.277 0.0    0.001 0.0 
  33.311 0.0    0.002 0.0 
  33.337 0.0    0.002 0.0 
  33.368 0.0    0.003 0.0 
  33.397 0.0    0.004 0.0 
  33.429 0.0    0.004 0.0 
  33.458 0.0    0.005 0.0 
  33.488 0.0    0.005 0.0 
  33.519 0.0    0.006 0.0 
  33.550 0.0    0.007 0.0 
  33.581 0.0    0.007 0.0 
  33.610 0.0    0.008 0.0 
  33.639 0.0    0.009 0.0 
  33.670 0.0    0.009 0.0 
  33.701 0.0    0.010 0.0 
  33.730 0.0    0.010 0.0 
  33.761 0.0    0.011 0.0 
  33.790 0.0    0.012 0.0 
  33.821 0.0    0.012 0.0 
  33.852 0.0    0.012 0.0 
  33.883 0.0    0.012 0.0 
  33.914 0.0    0.012 0.0 
  33.942 0.0    0.013 0.0 
  33.973 0.0    0.013 0.0 
  34.003 0.0    0.013 0.0 
  34.038 0.0    0.013 0.0 
  34.068 0.0    0.013 0.0 
  34.094 0.0    0.014 0.0 
  34.124 0.0    0.014 0.0 
  34.154 0.0    0.014 0.0 
  34.184 0.0    0.014 0.0 
  34.216 0.0    0.014 0.0 
  34.245 0.0    0.014 0.0 
  34.275 0.0    0.014 0.0 
  34.305 0.0    0.014 0.0 
  34.336 0.0    0.014 0.0 
  34.366 0.0    0.014 0.0 
  34.396 0.0    0.014 0.0 
  34.427 0.0    0.014 0.0 
  34.457 0.0    0.013 0.0 
  34.488 0.0    0.013 0.0 
  34.517 0.0    0.013 0.0 
  34.548 0.0    0.012 0.0 
  34.578 0.0    0.012 0.0 
  34.608 0.0    0.011 0.0 
  34.638 0.0    0.011 0.0 
  34.668 0.0    0.010 0.0 
  34.700 0.0    0.010 0.0 
  34.730 0.0    0.009 0.0 
  34.760 0.0    0.009 0.0 
  34.790 0.0    0.009 0.0 
  34.821 0.0    0.008 0.0 
  34.850 0.0    0.008 0.0 
  34.881 0.0    0.007 0.0 
  34.911 0.0    0.006 0.0 
  34.941 0.0    0.005 0.0 
  34.971 0.0    0.004 0.0 
  35.001 0.0    0.004 0.0 
  35.033 0.0    0.003 0.0 
  35.062 0.0    0.002 0.0 
  35.092 0.0    0.001 0.0 
  35.123 0.0    0.000 0.0 
  35.153 0.0   -0.000 0.0 
  35.183 0.0   -0.001 0.0 
  35.213 0.0   -0.001 0.0 
  35.244 0.0   -0.002 0.0 
  35.274 0.0   -0.002 0.0 
  35.304 0.0   -0.003 0.0 
  35.335 0.0   -0.003 0.0 
  35.365 0.0   -0.004 0.0 
  35.395 0.0   -0.005 0.0 
  35.425 0.0   -0.005 0.0 
  35.455 0.0   -0.006 0.0 
  35.486 0.0   -0.006 0.0 
  35.516 0.0   -0.007 0.0 
  35.547 0.0   -0.008 0.0 
  35.576 0.0   -0.008 0.0 
  35.607 0.0   -0.009 0.0 
  35.637 0.0   -0.009 0.0 
  35.667 0.0   -0.009 0.0 
  35.698 0.0   -0.010 0.0 
  35.728 0.0   -0.010 0.0 
  35.758 0.0   -0.010 0.0 
  35.788 0.0   -0.011 0.0 
  35.818 0.0   -0.011 0.0 
  35.848 0.0   -0.012 0.0 
  35.879 0.0   -0.012 0.0 
  35.909 0.0   -0.012 0.0 
  35.940 0.0   -0.013 0.0 
  35.969 0.0   -0.013 0.0 
  36.000 0.0   -0.013 0.0 
  36.030 0.0   -0.014 0.0 
  36.060 0.0   -0.014 0.0 
  36.092 0.0   -0.014 0.0 
  36.121 0.0   -0.014 0.0 
  36.151 0.0   -0.014 0.0 
  36.182 0.0   -0.014 0.0 
  36.212 0.0   -0.014 0.0 
  36.242 0.0   -0.013 0.0 
  36.272 0.0   -0.013 0.0 
  36.304 0.0   -0.013 0.0 
  36.333 0.0   -0.013 0.0 
  36.364 0.0   -0.012 0.0 
  36.394 0.0   -0.012 0.0 
  36.423 0.0   -0.012 0.0 
  36.454 0.0   -0.012 0.0 
  36.484 0.0   -0.011 0.0 
  36.514 0.0   -0.011 0.0 
  36.544 0.0   -0.010 0.0 
  36.574 0.0   -0.010 0.0 
  36.605 0.0   -0.009 0.0 
  36.635 0.0   -0.009 0.0 
  36.665 0.0   -0.008 0.0 
  36.695 0.0   -0.008 0.0 
  36.726 0.0   -0.007 0.0 
  36.756 0.0   -0.007 0.0 
  36.787 0.0   -0.006 0.0 
  36.818 0.0   -0.006 0.0 
  36.848 0.0   -0.005 0.0 
  36.878 0.0   -0.004 0.0 
  36.908 0.0   -0.004 0.0 
  36.937 0.0   -0.003 0.0 
  36.968 0.0   -0.003 0.0 
  36.998 0.0   -0.002 0.0 
  37.028 0.0   -0.001 0.0 
  37.059 0.0   -0.000 0.0 
  37.089 0.0    0.000 0.0 
  37.121 0.0    0.001 0.0 
  37.151 0.0    0.002 0.0 
  37.180 0.0    0.002 0.0 
  37.210 0.0    0.003 0.0 
  37.241 0.0    0.003 0.0 
  37.271 0.0    0.004 0.0 
  37.301 0.0    0.005 0.0 
  37.332 0.0    0.005 0.0 
  37.361 0.0    0.005 0.0 
  37.392 0.0    0.006 0.0 
  37.422 0.0    0.007 0.0 
  37.452 0.0    0.007 0.0 
  37.482 0.0    0.008 0.0 
  37.514 0.0    0.008 0.0 
  37.544 0.0    0.009 0.0 
  37.573 0.0    0.009 0.0 
  37.603 0.0    0.010 0.0 
  37.634 0.0    0.010 0.0 
  37.664 0.0    0.010 0.0 
  37.695 0.0    0.010 0.0 
  37.726 0.0    0.011 0.0 
  37.754 0.0    0.011 0.0 
  37.785 0.0    0.011 0.0 
  37.815 0.0    0.011 0.0 
  37.845 0.0    0.011 0.0 
  37.876 0.0    0.011 0.0 
  37.906 0.0    0.012 0.0 
  37.936 0.0    0.012 0.0 
  37.967 0.0    0.012 0.0 
  37.997 0.0    0.012 0.0 
  38.027 0.0    0.012 0.0 
  38.058 0.0    0.012 0.0 
  38.087 0.0    0.012 0.0 
  38.118 0.0    0.011 0.0 
  38.148 0.0    0.011 0.0 
  38.179 0.0    0.011 0.0 
  38.209 0.0    0.011 0.0 
  38.239 0.0    0.011 0.0 
  38.270 0.0    0.010 0.0 
  38.299 0.0    0.010 0.0 
  38.329 0.0    0.010 0.0 
  38.360 0.0    0.009 0.0 
  38.390 0.0    0.009 0.0 
  38.421 0.0    0.009 0.0 
  38.457 0.0    0.008 0.0 
  38.481 0.0    0.008 0.0 
  38.511 0.0    0.008 0.0 
  38.541 0.0    0.007 0.0 
  38.571 0.0    0.007 0.0 
  38.603 0.0    0.006 0.0 
  38.633 0.0    0.006 0.0 
  38.663 0.0    0.005 0.0 
  38.693 0.0    0.005 0.0 
  38.723 0.0    0.004 0.0 
  38.753 0.0    0.003 0.0 
  38.783 0.0    0.003 0.0 
  38.813 0.0    0.002 0.0 
  38.845 0.0    0.001 0.0 
  38.874 0.0    0.001 0.0 
  38.904 0.0    0.000 0.0 
  38.934 0.0    0.000 0.0 
  38.965 0.0   -0.000 0.0 
  38.995 0.0   -0.001 0.0 
  39.025 0.0   -0.001 0.0 
  39.057 0.0   -0.002 0.0 
  39.086 0.0   -0.003 0.0 
  39.117 0.0   -0.003 0.0 
  39.147 0.0   -0.004 0.0 
  39.177 0.0   -0.005 0.0 
  39.207 0.0   -0.005 0.0 
  39.237 0.0   -0.006 0.0 
  39.267 0.0   -0.007 0.0 
  39.298 0.0   -0.007 0.0 
  39.328 0.0   -0.008 0.0 
  39.358 0.0   -0.008 0.0 
  39.388 0.0   -0.008 0.0 
  39.419 0.0   -0.008 0.0 
  39.450 0.0   -0.009 0.0 
  39.479 0.0   -0.009 0.0 
  39.510 0.0   -0.009 0.0 
  39.540 0.0   -0.010 0.0 
  39.570 0.0   -0.010 0.0 
  39.600 0.0   -0.010 0.0 
  39.630 0.0   -0.010 0.0 
  39.661 0.0   -0.010 0.0 
  39.691 0.0   -0.010 0.0 
  39.721 0.0   -0.011 0.0 
  39.752 0.0   -0.011 0.0 
  39.782 0.0   -0.011 0.0 
  39.812 0.0   -0.011 0.0 
  39.843 0.0   -0.011 0.0 
  39.873 0.0   -0.011 0.0 
  39.903 0.0   -0.011 0.0 
  39.934 0.0   -0.011 0.0 
  39.963 0.0   -0.011 0.0 
  39.993 0.0   -0.010 0.0 
  40.023 0.0   -0.010 0.0 
  40.054 0.0   -0.010 0.0 
  40.084 0.0   -0.010 0.0 
  40.114 0.0   -0.010 0.0 
  40.145 0.0   -0.009 0.0 
  40.176 0.0   -0.009 0.0 
  40.206 0.0   -0.009 0.0 
  40.236 0.0   -0.008 0.0 
  40.266 0.0   -0.008 0.0 
  40.296 0.0   -0.008 0.0 
  40.327 0.0   -0.007 0.0 
  40.358 0.0   -0.007 0.0 
  40.388 0.0   -0.007 0.0 
  40.417 0.0   -0.006 0.0 
  40.447 0.0   -0.006 0.0 
  40.478 0.0   -0.006 0.0 
  40.508 0.0   -0.005 0.0 
  40.539 0.0   -0.005 0.0 
  40.569 0.0   -0.005 0.0 
  40.599 0.0   -0.004 0.0 
  40.630 0.0   -0.004 0.0 
  40.661 0.0   -0.003 0.0 
  40.690 0.0   -0.003 0.0 
  40.720 0.0   -0.002 0.0 
  40.750 0.0   -0.002 0.0 
  40.780 0.0   -0.002 0.0 
  40.810 0.0   -0.001 0.0 
  40.841 0.0   -0.001 0.0 
  40.871 0.0   -0.000 0.0 
  40.902 0.0    0.000 0.0 
  40.932 0.0    0.001 0.0 
  40.962 0.0    0.001 0.0 
  40.992 0.0    0.002 0.0 
  41.023 0.0    0.002 0.0 
  41.053 0.0    0.003 0.0 
  41.083 0.0    0.003 0.0 
  41.113 0.0    0.004 0.0 
  41.145 0.0    0.004 0.0 
  41.174 0.0    0.005 0.0 
  41.204 0.0    0.005 0.0 
  41.235 0.0    0.005 0.0 
  41.265 0.0    0.006 0.0 
  41.295 0.0    0.006 0.0 
  41.325 0.0    0.006 0.0 
  41.355 0.0    0.007 0.0 
  41.385 0.0    0.007 0.0 
  41.416 0.0    0.007 0.0 
  41.447 0.0    0.007 0.0 
  41.476 0.0    0.008 0.0 
  41.507 0.0    0.008 0.0 
  41.537 0.0    0.008 0.0 
  41.567 0.0    0.009 0.0 
  41.598 0.0    0.009 0.0 
  41.628 0.0    0.009 0.0 
  41.658 0.0    0.009 0.0 
  41.688 0.0    0.010 0.0 
  41.718 0.0    0.010 0.0 
  41.749 0.0    0.010 0.0 
  41.779 0.0    0.010 0.0 
  41.809 0.0    0.009 0.0 
  41.839 0.0    0.009 0.0 
  41.870 0.0    0.009 0.0 
  41.900 0.0    0.009 0.0 
  41.930 0.0    0.009 0.0 
  41.960 0.0    0.008 0.0 
  41.990 0.0    0.008 0.0 
  42.021 0.0    0.008 0.0 
  42.051 0.0    0.008 0.0 
  42.088 0.0    0.008 0.0 
  42.112 0.0    0.007 0.0 
  42.142 0.0    0.007 0.0 
  42.172 0.0    0.007 0.0 
  42.203 0.0    0.007 0.0 
  42.232 0.0    0.007 0.0 
  42.263 0.0    0.006 0.0 
  42.293 0.0    0.006 0.0 
  42.323 0.0    0.006 0.0 
  42.353 0.0    0.005 0.0 
  42.384 0.0    0.005 0.0 
  42.414 0.0    0.005 0.0 
  42.445 0.0    0.004 0.0 
  42.474 0.0    0.004 0.0 
  42.505 0.0    0.003 0.0 
  42.535 0.0    0.003 0.0 
  42.565 0.0    0.002 0.0 
  42.595 0.0    0.002 0.0 
  42.625 0.0    0.001 0.0 
  42.656 0.0    0.001 0.0 
  42.686 0.0    0.000 0.0 
  42.716 0.0   -0.000 0.0 
  42.747 0.0   -0.001 0.0 
  42.776 0.0   -0.001 0.0 
  42.807 0.0   -0.001 0.0 
  42.837 0.0   -0.002 0.0 
  42.867 0.0   -0.002 0.0 
  42.897 0.0   -0.002 0.0 
  42.928 0.0   -0.003 0.0 
  42.958 0.0   -0.003 0.0 
  42.988 0.0   -0.003 0.0 
  43.019 0.0   -0.004 0.0 
  43.049 0.0   -0.004 0.0 
  43.079 0.0   -0.005 0.0 
  43.109 0.0   -0.005 0.0 
  43.139 0.0   -0.005 0.0 
  43.170 0.0   -0.006 0.0 
  43.200 0.0   -0.006 0.0 
  43.230 0.0   -0.006 0.0 
  43.261 0.0   -0.007 0.0 
  43.291 0.0   -0.007 0.0 
  43.321 0.0   -0.007 0.0 
  43.351 0.0   -0.008 0.0 
  43.382 0.0   -0.008 0.0 
  43.412 0.0   -0.008 0.0 
  43.443 0.0   -0.008 0.0 
  43.472 0.0   -0.008 0.0 
  43.503 0.0   -0.009 0.0 
  43.533 0.0   -0.009 0.0 
  43.563 0.0   -0.009 0.0 
  43.594 0.0   -0.009 0.0 
  43.624 0.0   -0.009 0.0 
  43.654 0.0   -0.009 0.0 
  43.684 0.0   -0.009 0.0 
  43.715 0.0   -0.009 0.0 
  43.744 0.0   -0.009 0.0 
  43.775 0.0   -0.009 0.0 
  43.805 0.0   -0.008 0.0 
  43.836 0.0   -0.008 0.0 
  43.866 0.0   -0.008 0.0 
  43.896 0.0   -0.008 0.0 
  43.926 0.0   -0.008 0.0 
  43.957 0.0   -0.007 0.0 
  43.987 0.0   -0.007 0.0 
  44.017 0.0   -0.007 0.0 
  44.047 0.0   -0.007 0.0 
  44.077 0.0   -0.007 0.0 
  44.107 0.0   -0.007 0.0 
  44.138 0.0   -0.006 0.0 
  44.168 0.0   -0.006 0.0 
  44.199 0.0   -0.006 0.0 
  44.229 0.0   -0.006 0.0 
  44.259 0.0   -0.005 0.0 
  44.290 0.0   -0.005 0.0 
  44.320 0.0   -0.005 0.0 
  44.350 0.0   -0.004 0.0 
  44.380 0.0   -0.004 0.0 
  44.411 0.0   -0.004 0.0 
  44.442 0.0   -0.003 0.0 
  44.472 0.0   -0.003 0.0 
  44.501 0.0   -0.002 0.0 
  44.531 0.0   -0.002 0.0 
  44.562 0.0   -0.001 0.0 
  44.592 0.0   -0.001 0.0 
  44.622 0.0   -0.000 0.0 
  44.653 0.0    0.000 0.0 
  44.683 0.0    0.001 0.0 
  44.714 0.0    0.001 0.0 
  44.744 0.0    0.002 0.0 
  44.774 0.0    0.002 0.0 
  44.804 0.0    0.003 0.0 
  44.834 0.0    0.003 0.0 
  44.864 0.0    0.004 0.0 
  44.895 0.0    0.004 0.0 
  44.925 0.0    0.005 0.0 
  44.955 0.0    0.005 0.0 
  44.986 0.0    0.006 0.0 
  45.015 0.0    0.006 0.0 
  45.045 0.0    0.006 0.0 
  45.076 0.0    0.006 0.0 
  45.106 0.0    0.007 0.0 
  45.136 0.0    0.007 0.0 
  45.166 0.0    0.007 0.0 
  45.197 0.0    0.007 0.0 
  45.227 0.0    0.007 0.0 
  45.257 0.0    0.007 0.0 
  45.289 0.0    0.007 0.0 
  45.319 0.0    0.007 0.0 
  45.349 0.0    0.007 0.0 
  45.383 0.0    0.007 0.0 
  45.409 0.0    0.007 0.0 
  45.439 0.0    0.007 0.0 
  45.470 0.0    0.007 0.0 
  45.500 0.0    0.007 0.0 
  45.530 0.0    0.007 0.0 
  45.560 0.0    0.007 0.0 
  45.591 0.0    0.007 0.0 
  45.621 0.0    0.007 0.0 
  45.651 0.0    0.007 0.0 
  45.681 0.0    0.007 0.0 
  45.712 0.0    0.007 0.0 
  45.742 0.0    0.007 0.0 
  45.772 0.0    0.007 0.0 
  45.803 0.0    0.007 0.0 
  45.834 0.0    0.007 0.0 
  45.863 0.0    0.007 0.0 
  45.893 0.0    0.007 0.0 
  45.923 0.0    0.006 0.0 
  45.955 0.0    0.006 0.0 
  45.985 0.0    0.006 0.0 
  46.019 0.0    0.005 0.0 
  46.045 0.0    0.005 0.0 
  46.079 0.0    0.005 0.0 
  46.105 0.0    0.004 0.0 
  46.136 0.0    0.004 0.0 
  46.166 0.0    0.004 0.0 
  46.196 0.0    0.003 0.0 
  46.226 0.0    0.003 0.0 
  46.256 0.0    0.003 0.0 
  46.287 0.0    0.002 0.0 
  46.318 0.0    0.002 0.0 
  46.348 0.0    0.002 0.0 
  46.378 0.0    0.001 0.0 
  46.408 0.0    0.001 0.0 
  46.437 0.0    0.000 0.0 
  46.468 0.0   -0.000 0.0 
  46.498 0.0   -0.000 0.0 
  46.529 0.0   -0.001 0.0 
  46.559 0.0   -0.001 0.0 
  46.589 0.0   -0.002 0.0 
  46.620 0.0   -0.002 0.0 
  46.650 0.0   -0.003 0.0 
  46.679 0.0   -0.003 0.0 
  46.710 0.0   -0.003 0.0 
  46.740 0.0   -0.004 0.0 
  46.771 0.0   -0.004 0.0 
  46.800 0.0   -0.005 0.0 
  46.831 0.0   -0.005 0.0 
  46.861 0.0   -0.005 0.0 
  46.891 0.0   -0.005 0.0 
  46.922 0.0   -0.006 0.0 
  46.953 0.0   -0.006 0.0 
  46.983 0.0   -0.006 0.0 
  47.012 0.0   -0.006 0.0 
  47.043 0.0   -0.006 0.0 
  47.074 0.0   -0.006 0.0 
  47.103 0.0   -0.007 0.0 
  47.135 0.0   -0.007 0.0 
  47.166 0.0   -0.007 0.0 
  47.195 0.0   -0.007 0.0 
  47.225 0.0   -0.007 0.0 
  47.255 0.0   -0.007 0.0 
  47.285 0.0   -0.007 0.0 
  47.315 0.0   -0.007 0.0 
  47.345 0.0   -0.007 0.0 
  47.375 0.0   -0.007 0.0 
  47.461 0.0   -0.007 0.0 
  47.495 0.0   -0.007 0.0 
  47.520 0.0   -0.007 0.0 
  47.541 0.0   -0.007 0.0 
  47.570 0.0   -0.007 0.0 
  47.600 0.0   -0.007 0.0 
  47.631 0.0   -0.007 0.0 
  47.663 0.0   -0.007 0.0 
  47.696 0.0   -0.007 0.0 
  47.727 0.0   -0.007 0.0 
  47.757 0.0   -0.006 0.0 
  47.788 0.0   -0.006 0.0 
  47.818 0.0   -0.006 0.0 
  47.848 0.0   -0.006 0.0 
  47.879 0.0   -0.005 0.0 
  47.910 0.0   -0.005 0.0 
  47.939 0.0   -0.005 0.0 
  47.969 0.0   -0.004 0.0 
  48.000 0.0   -0.004 0.0 
  48.030 0.0   -0.004 0.0 
  48.060 0.0   -0.003 0.0 
  48.090 0.0   -0.003 0.0 
  48.121 0.0   -0.002 0.0 
  48.151 0.0   -0.002 0.0 
  48.182 0.0   -0.002 0.0 
  48.212 0.0   -0.001 0.0 
  48.242 0.0   -0.001 0.0 
  48.272 0.0   -0.001 0.0 
  48.302 0.0   -0.000 0.0 
  48.333 0.0   -0.000 0.0 
  48.363 0.0    0.000 0.0 
  48.394 0.0    0.001 0.0 
  48.423 0.0    0.001 0.0 
  48.453 0.0    0.001 0.0 
  48.484 0.0    0.002 0.0 
  48.514 0.0    0.002 0.0 
  48.544 0.0    0.002 0.0 
  48.576 0.0    0.003 0.0 
  48.605 0.0    0.003 0.0 
  48.637 0.0    0.003 0.0 
  48.665 0.0    0.003 0.0 
  48.696 0.0    0.004 0.0 
  48.727 0.0    0.004 0.0 
  48.756 0.0    0.004 0.0 
  48.786 0.0    0.004 0.0 
  48.816 0.0    0.004 0.0 
  48.847 0.0    0.005 0.0 
  48.878 0.0    0.005 0.0 
  48.908 0.0    0.005 0.0 
  48.938 0.0    0.005 0.0 
  48.968 0.0    0.006 0.0 
  48.998 0.0    0.006 0.0 
  49.028 0.0    0.006 0.0 
  49.058 0.0    0.006 0.0 
  49.090 0.0    0.006 0.0 
  49.119 0.0    0.006 0.0 
  49.149 0.0    0.006 0.0 
  49.179 0.0    0.006 0.0 
  49.210 0.0    0.006 0.0 
  49.240 0.0    0.006 0.0 
  49.270 0.0    0.006 0.0 
  49.301 0.0    0.006 0.0 
  49.331 0.0    0.006 0.0 
  49.362 0.0    0.006 0.0 
  49.391 0.0    0.006 0.0 
  49.422 0.0    0.006 0.0 
  49.452 0.0    0.006 0.0 
  49.482 0.0    0.006 0.0 
  49.512 0.0    0.006 0.0 
  49.542 0.0    0.006 0.0 
  49.573 0.0    0.005 0.0 
  49.603 0.0    0.005 0.0 
  49.633 0.0    0.005 0.0 
  49.664 0.0    0.005 0.0 
  49.694 0.0    0.004 0.0 
  49.724 0.0    0.004 0.0 
  49.754 0.0    0.004 0.0 
  49.784 0.0    0.004 0.0 
  49.815 0.0    0.004 0.0 
  49.845 0.0    0.004 0.0 
  49.875 0.0    0.003 0.0 
  49.906 0.0    0.003 0.0 
  49.935 0.0    0.003 0.0 
  49.966 0.0    0.002 0.0 
  49.998 0.0    0.002 0.0 
  50.027 0.0    0.001 0.0 
  50.057 0.0    0.001 0.0 
  50.087 0.0    0.001 0.0 
  50.117 0.0    0.000 0.0 
  50.148 0.0   -0.000 0.0 
  50.177 0.0   -0.000 0.0 
  50.208 0.0   -0.001 0.0 
  50.239 0.0   -0.001 0.0 
  50.269 0.0   -0.001 0.0 
  50.300 0.0   -0.002 0.0 
  50.329 0.0   -0.002 0.0 
  50.359 0.0   -0.002 0.0 
  50.389 0.0   -0.003 0.0 
  50.420 0.0   -0.003 0.0 
  50.451 0.0   -0.003 0.0 
  50.481 0.0   -0.003 0.0 
  50.511 0.0   -0.003 0.0 
  50.541 0.0   -0.004 0.0 
  50.572 0.0   -0.004 0.0 
  50.603 0.0   -0.004 0.0 
  50.632 0.0   -0.004 0.0 
  50.663 0.0   -0.004 0.0 
  50.695 0.0   -0.005 0.0 
  50.722 0.0   -0.005 0.0 
  50.754 0.0   -0.005 0.0 
  50.784 0.0   -0.005 0.0 
  50.814 0.0   -0.005 0.0 
  50.843 0.0   -0.006 0.0 
  50.874 0.0   -0.006 0.0 
  50.906 0.0   -0.006 0.0 
  50.935 0.0   -0.006 0.0 
  50.965 0.0   -0.006 0.0 
  50.995 0.0   -0.006 0.0 
  51.026 0.0   -0.006 0.0 
  51.056 0.0   -0.006 0.0 
  51.086 0.0   -0.006 0.0 
  51.116 0.0   -0.007 0.0 
  51.147 0.0   -0.007 0.0 
  51.177 0.0   -0.007 0.0 
  51.207 0.0   -0.007 0.0 
  51.237 0.0   -0.006 0.0 
  51.267 0.0   -0.006 0.0 
  51.298 0.0   -0.006 0.0 
  51.328 0.0   -0.006 0.0 
  51.358 0.0   -0.006 0.0 
  51.389 0.0   -0.006 0.0 
  51.419 0.0   -0.006 0.0 
  51.449 0.0   -0.005 0.0 
  51.479 0.0   -0.005 0.0 
  51.510 0.0   -0.005 0.0 
  51.540 0.0   -0.004 0.0 
  51.570 0.0   -0.004 0.0 
  51.601 0.0   -0.004 0.0 
  51.688 0.0   -0.004 0.0 
  51.722 0.0   -0.004 0.0 
  51.741 0.0   -0.004 0.0 
  51.767 0.0   -0.003 0.0 
  51.801 0.0   -0.003 0.0 
  51.828 0.0   -0.003 0.0 
  51.859 0.0   -0.003 0.0 
  51.890 0.0   -0.002 0.0 
  51.923 0.0   -0.002 0.0 
  51.952 0.0   -0.002 0.0 
  51.982 0.0   -0.002 0.0 
  52.012 0.0   -0.001 0.0 
  52.042 0.0   -0.001 0.0 
  52.074 0.0   -0.001 0.0 
  52.103 0.0   -0.000 0.0 
  52.134 0.0   -0.000 0.0 
  52.164 0.0    0.000 0.0 
  52.194 0.0    0.001 0.0 
  52.225 0.0    0.001 0.0 
  52.255 0.0    0.001 0.0 
  52.286 0.0    0.002 0.0 
  52.315 0.0    0.002 0.0 
  52.346 0.0    0.002 0.0 
  52.375 0.0    0.002 0.0 
  52.405 0.0    0.003 0.0 
  52.437 0.0    0.003 0.0 
  52.466 0.0    0.003 0.0 
  52.496 0.0    0.003 0.0 
  52.527 0.0    0.003 0.0 
  52.557 0.0    0.003 0.0 
  52.587 0.0    0.004 0.0 
  52.618 0.0    0.004 0.0 
  52.648 0.0    0.004 0.0 
  52.678 0.0    0.004 0.0 
  52.709 0.0    0.004 0.0 
  52.739 0.0    0.004 0.0 
  52.769 0.0    0.005 0.0 
  52.800 0.0    0.005 0.0 
  52.830 0.0    0.005 0.0 
  52.860 0.0    0.005 0.0 
  52.890 0.0    0.005 0.0 
  52.921 0.0    0.006 0.0 
  52.950 0.0    0.006 0.0 
  52.982 0.0    0.006 0.0 
  53.013 0.0    0.006 0.0 
  53.042 0.0    0.006 0.0 
  53.072 0.0    0.006 0.0 
  53.102 0.0    0.006 0.0 
  53.133 0.0    0.006 0.0 
  53.162 0.0    0.006 0.0 
  53.193 0.0    0.006 0.0 
  53.223 0.0    0.006 0.0 
  53.253 0.0    0.005 0.0 
  53.283 0.0    0.005 0.0 
  53.314 0.0    0.005 0.0 
  53.346 0.0    0.005 0.0 
  53.375 0.0    0.004 0.0 
  53.404 0.0    0.004 0.0 
  53.435 0.0    0.004 0.0 
  53.465 0.0    0.004 0.0 
  53.496 0.0    0.004 0.0 
  53.526 0.0    0.004 0.0 
  53.556 0.0    0.003 0.0 
  53.586 0.0    0.003 0.0 
  53.616 0.0    0.003 0.0 
  53.646 0.0    0.003 0.0 
  53.679 0.0    0.003 0.0 
  53.708 0.0    0.002 0.0 
  53.738 0.0    0.002 0.0 
  53.770 0.0    0.002 0.0 
  53.798 0.0    0.001 0.0 
  53.829 0.0    0.001 0.0 
  53.859 0.0    0.001 0.0 
  53.889 0.0    0.001 0.0 
  53.919 0.0    0.001 0.0 
  53.949 0.0    0.000 0.0 
  53.979 0.0   -0.000 0.0 
  54.010 0.0   -0.000 0.0 
  54.040 0.0   -0.001 0.0 
  54.073 0.0   -0.001 0.0 
  54.101 0.0   -0.002 0.0 
  54.131 0.0   -0.002 0.0 
  54.162 0.0   -0.002 0.0 
  54.191 0.0   -0.003 0.0 
  54.222 0.0   -0.003 0.0 
  54.253 0.0   -0.003 0.0 
  54.282 0.0   -0.004 0.0 
  54.313 0.0   -0.004 0.0 
  54.343 0.0   -0.004 0.0 
  54.373 0.0   -0.004 0.0 
  54.404 0.0   -0.004 0.0 
  54.434 0.0   -0.005 0.0 
  54.464 0.0   -0.005 0.0 
  54.495 0.0   -0.005 0.0 
  54.525 0.0   -0.005 0.0 
  54.557 0.0   -0.005 0.0 
  54.585 0.0   -0.005 0.0 
  54.616 0.0   -0.005 0.0 
  54.646 0.0   -0.005 0.0 
  54.676 0.0   -0.005 0.0 
  54.706 0.0   -0.005 0.0 
  54.737 0.0   -0.005 0.0 
  54.767 0.0   -0.005 0.0 
  54.797 0.0   -0.005 0.0 
  54.827 0.0   -0.005 0.0 
  54.858 0.0   -0.005 0.0 
  54.888 0.0   -0.005 0.0 
  54.918 0.0   -0.005 0.0 
  54.948 0.0   -0.005 0.0 
  54.978 0.0   -0.005 0.0 
  55.010 0.0   -0.005 0.0 
  55.040 0.0   -0.005 0.0 
  55.070 0.0   -0.005 0.0 
  55.101 0.0   -0.005 0.0 
  55.131 0.0   -0.005 0.0 
  55.161 0.0   -0.004 0.0 
  55.191 0.0   -0.004 0.0 
  55.221 0.0   -0.004 0.0 
  55.252 0.0   -0.004 0.0 
  55.282 0.0   -0.004 0.0 
  55.312 0.0   -0.003 0.0 
  55.343 0.0   -0.003 0.0 
  55.374 0.0   -0.003 0.0 
  55.403 0.0   -0.003 0.0 
  55.433 0.0   -0.003 0.0 
  55.464 0.0   -0.002 0.0 
  55.494 0.0   -0.002 0.0 
  55.524 0.0   -0.002 0.0 
  55.554 0.0   -0.001 0.0 
  55.585 0.0   -0.001 0.0 
  55.615 0.0   -0.001 0.0 
  55.646 0.0   -0.001 0.0 
  55.675 0.0   -0.000 0.0 
  55.705 0.0    0.000 0.0 
  55.736 0.0    0.000 0.0 
  55.766 0.0    0.001 0.0 
  55.797 0.0    0.001 0.0 
  55.827 0.0    0.001 0.0 
  55.857 0.0    0.002 0.0 
  55.888 0.0    0.002 0.0 
  55.917 0.0    0.002 0.0 
  55.948 0.0    0.002 0.0 
  55.979 0.0    0.002 0.0 
  56.009 0.0    0.003 0.0 
  56.039 0.0    0.003 0.0 
  56.070 0.0    0.003 0.0 
  56.099 0.0    0.003 0.0 
  56.130 0.0    0.003 0.0 
  56.160 0.0    0.003 0.0 
  56.190 0.0    0.004 0.0 
  56.220 0.0    0.004 0.0 
  56.251 0.0    0.004 0.0 
  56.281 0.0    0.004 0.0 
  56.311 0.0    0.004 0.0 
  56.341 0.0    0.004 0.0 
  56.372 0.0    0.004 0.0 
  56.403 0.0    0.004 0.0 
  56.433 0.0    0.004 0.0 
  56.463 0.0    0.004 0.0 
  56.493 0.0    0.004 0.0 
  56.523 0.0    0.004 0.0 
  56.553 0.0    0.004 0.0 
  56.583 0.0    0.004 0.0 
  56.614 0.0    0.004 0.0 
  56.644 0.0    0.004 0.0 
  56.674 0.0    0.004 0.0 
  56.704 0.0    0.004 0.0 
  56.735 0.0    0.004 0.0 
  56.765 0.0    0.004 0.0 
  56.795 0.0    0.004 0.0 
  56.826 0.0    0.004 0.0 
  56.856 0.0    0.004 0.0 
  56.886 0.0    0.004 0.0 
  56.917 0.0    0.004 0.0 
  56.948 0.0    0.004 0.0 
  56.977 0.0    0.004 0.0 
  57.007 0.0    0.004 0.0 
  57.037 0.0    0.003 0.0 
  57.068 0.0    0.003 0.0 
  57.099 0.0    0.003 0.0 
  57.128 0.0    0.003 0.0 
  57.159 0.0    0.003 0.0 
  57.190 0.0    0.003 0.0 
  57.220 0.0    0.003 0.0 
  57.251 0.0    0.002 0.0 
  57.280 0.0    0.002 0.0 
  57.310 0.0    0.002 0.0 
  57.341 0.0    0.001 0.0 
  57.371 0.0    0.001 0.0 
  57.401 0.0    0.001 0.0 
  57.432 0.0    0.001 0.0 
  57.462 0.0    0.001 0.0 
  57.492 0.0    0.000 0.0 
  57.522 0.0    0.000 0.0 
  57.552 0.0   -0.000 0.0 
  57.583 0.0   -0.000 0.0 
  57.613 0.0   -0.000 0.0 
  57.645 0.0   -0.000 0.0 
  57.673 0.0   -0.001 0.0 
  57.704 0.0   -0.001 0.0 
  57.734 0.0   -0.001 0.0 
  57.764 0.0   -0.001 0.0 
  57.794 0.0   -0.002 0.0 
  57.825 0.0   -0.002 0.0 
  57.855 0.0   -0.002 0.0 
  57.885 0.0   -0.002 0.0 
  57.916 0.0   -0.003 0.0 
  57.946 0.0   -0.003 0.0 
  57.976 0.0   -0.003 0.0 
  58.007 0.0   -0.003 0.0 
  58.038 0.0   -0.003 0.0 
  58.067 0.0   -0.003 0.0 
  58.098 0.0   -0.003 0.0 
  58.127 0.0   -0.004 0.0 
  58.158 0.0   -0.004 0.0 
  58.188 0.0   -0.004 0.0 
  58.218 0.0   -0.004 0.0 
  58.248 0.0   -0.004 0.0 
  58.279 0.0   -0.004 0.0 
  58.310 0.0   -0.004 0.0 
  58.339 0.0   -0.004 0.0 
  58.370 0.0   -0.004 0.0 
  58.400 0.0   -0.004 0.0 
  58.430 0.0   -0.004 0.0 
  58.461 0.0   -0.004 0.0 
  58.491 0.0   -0.004 0.0 
  58.526 0.0   -0.004 0.0 
  58.556 0.0   -0.004 0.0 
  58.582 0.0   -0.004 0.0 
  58.612 0.0   -0.004 0.0 
  58.642 0.0   -0.004 0.0 
  58.676 0.0   -0.004 0.0 
  58.703 0.0   -0.003 0.0 
  58.736 0.0   -0.003 0.0 
  58.763 0.0   -0.003 0.0 
  58.794 0.0   -0.003 0.0 
  58.824 0.0   -0.003 0.0 
  58.854 0.0   -0.003 0.0 
  58.884 0.0   -0.003 0.0 
  58.915 0.0   -0.003 0.0 
  58.945 0.0   -0.002 0.0 
  58.975 0.0   -0.002 0.0 
  59.005 0.0   -0.002 0.0 
  59.036 0.0   -0.002 0.0 
  59.067 0.0   -0.002 0.0 
  59.096 0.0   -0.002 0.0 
  59.126 0.0   -0.001 0.0 
  59.160 0.0   -0.001 0.0 
  59.187 0.0   -0.001 0.0 
  59.217 0.0   -0.001 0.0 
  59.251 0.0   -0.001 0.0 
  59.282 0.0   -0.001 0.0 
  59.312 0.0   -0.001 0.0 
  59.339 0.0   -0.000 0.0 
  59.369 0.0   -0.000 0.0 
  59.399 0.0   -0.000 0.0 
  59.429 0.0   -0.000 0.0 
  59.459 0.0    0.000 0.0 
  59.489 0.0    0.000 0.0 
  59.520 0.0    0.000 0.0 
  59.550 0.0    0.000 0.0 
  59.581 0.0    0.001 0.0 
  59.611 0.0    0.001 0.0 
  59.641 0.0    0.001 0.0 
  59.671 0.0    0.001 0.0 
  59.701 0.0    0.001 0.0 
  59.731 0.0    0.002 0.0 
  59.762 0.0    0.002 0.0 
  59.793 0.0    0.002 0.0 
  59.823 0.0    0.003 0.0 
  59.852 0.0    0.003 0.0 
  59.882 0.0    0.003 0.0 
  59.913 0.0    0.003 0.0 
  59.944 0.0    0.003 0.0 
  59.973 0.0    0.003 0.0 
  60.004 0.0    0.004 0.0 
  60.034 0.0    0.004 0.0 
  60.064 0.0    0.004 0.0 
  60.095 0.0    0.004 0.0 
  60.125 0.0    0.004 0.0 
  60.155 0.0    0.004 0.0 
  60.185 0.0    0.004 0.0 
  60.218 0.0    0.004 0.0 
  60.246 0.0    0.004 0.0 
  60.281 0.0    0.004 0.0 
  60.307 0.0    0.004 0.0 
  60.337 0.0    0.004 0.0 
  60.368 0.0    0.004 0.0 
  60.398 0.0    0.004 0.0 
  60.428 0.0    0.004 0.0 
  60.457 0.0    0.004 0.0 
  60.488 0.0    0.004 0.0 
  60.518 0.0    0.004 0.0 
  60.549 0.0    0.004 0.0 
  60.579 0.0    0.004 0.0 
  60.609 0.0    0.004 0.0 
  60.640 0.0    0.004 0.0 
  60.671 0.0    0.004 0.0 
  60.700 0.0    0.003 0.0 
  60.730 0.0    0.003 0.0 
  60.760 0.0    0.003 0.0 
  60.791 0.0    0.003 0.0 
  60.821 0.0    0.003 0.0 
  60.851 0.0    0.003 0.0 
  60.882 0.0    0.002 0.0 
  60.912 0.0    0.002 0.0 
  60.943 0.0    0.002 0.0 
  60.973 0.0    0.002 0.0 
  61.003 0.0    0.001 0.0 
  61.033 0.0    0.001 0.0 
  61.063 0.0    0.001 0.0 
  61.093 0.0    0.001 0.0 
  61.124 0.0    0.001 0.0 
  61.154 0.0    0.000 0.0 
  61.185 0.0    0.000 0.0 
  61.215 0.0   -0.000 0.0 
  61.245 0.0   -0.000 0.0 
  61.279 0.0   -0.000 0.0 
  61.306 0.0   -0.001 0.0 
  61.336 0.0   -0.001 0.0 
  61.367 0.0   -0.001 0.0 
  61.400 0.0   -0.002 0.0 
  61.427 0.0   -0.002 0.0 
  61.457 0.0   -0.002 0.0 
  61.487 0.0   -0.002 0.0 
  61.517 0.0   -0.003 0.0 
  61.548 0.0   -0.003 0.0 
  61.578 0.0   -0.003 0.0 
  61.610 0.0   -0.003 0.0 
  61.638 0.0   -0.003 0.0 
  61.671 0.0   -0.003 0.0 
  61.699 0.0   -0.003 0.0 
  61.729 0.0   -0.003 0.0 
  61.759 0.0   -0.003 0.0 
  61.790 0.0   -0.003 0.0 
  61.820 0.0   -0.003 0.0 
  61.850 0.0   -0.003 0.0 
  61.881 0.0   -0.003 0.0 
  61.911 0.0   -0.003 0.0 
  61.941 0.0   -0.003 0.0 
  61.972 0.0   -0.003 0.0 
  62.002 0.0   -0.003 0.0 
  62.032 0.0   -0.003 0.0 
  62.062 0.0   -0.004 0.0 
  62.093 0.0   -0.004 0.0 
  62.123 0.0   -0.004 0.0 
  62.154 0.0   -0.004 0.0 
  62.183 0.0   -0.004 0.0 
  62.214 0.0   -0.004 0.0 
  62.243 0.0   -0.004 0.0 
  62.274 0.0   -0.003 0.0 
  62.304 0.0   -0.003 0.0 
  62.334 0.0   -0.003 0.0 
  62.365 0.0   -0.003 0.0 
  62.395 0.0   -0.003 0.0 
  62.426 0.0   -0.003 0.0 
  62.455 0.0   -0.003 0.0 
  62.486 0.0   -0.003 0.0 
  62.516 0.0   -0.003 0.0 
  62.546 0.0   -0.003 0.0 
  62.576 0.0   -0.003 0.0 
  62.607 0.0   -0.003 0.0 
  62.637 0.0   -0.003 0.0 
  62.667 0.0   -0.003 0.0 
  62.698 0.0   -0.003 0.0 
  62.728 0.0   -0.002 0.0 
  62.758 0.0   -0.002 0.0 
  62.788 0.0   -0.002 0.0 
  62.819 0.0   -0.002 0.0 
  62.848 0.0   -0.001 0.0 
  62.879 0.0   -0.001 0.0 
  62.910 0.0   -0.001 0.0 
  62.940 0.0   -0.001 0.0 
  62.970 0.0   -0.000 0.0 
  63.000 0.0   -0.000 0.0 
  63.031 0.0   -0.000 0.0 
  63.061 0.0    0.000 0.0 
  63.091 0.0    0.001 0.0 
  63.123 0.0    0.001 0.0 
  63.152 0.0    0.001 0.0 
  63.182 0.0    0.001 0.0 
  63.212 0.0    0.001 0.0 
  63.242 0.0    0.002 0.0 
  63.273 0.0    0.002 0.0 
  63.303 0.0    0.002 0.0 
  63.333 0.0    0.002 0.0 
  63.364 0.0    0.003 0.0 
  63.394 0.0    0.003 0.0 
  63.424 0.0    0.003 0.0 
  63.454 0.0    0.003 0.0 
  63.485 0.0    0.003 0.0 
  63.515 0.0    0.003 0.0 
  63.545 0.0    0.004 0.0 
  63.575 0.0    0.004 0.0 
  63.606 0.0    0.004 0.0 
  63.636 0.0    0.004 0.0 
  63.666 0.0    0.004 0.0 
  63.697 0.0    0.004 0.0 
  63.727 0.0    0.004 0.0 
  63.757 0.0    0.004 0.0 
  63.787 0.0    0.004 0.0 
  63.817 0.0    0.004 0.0 
  63.848 0.0    0.004 0.0 
  63.878 0.0    0.004 0.0 
  63.911 0.0    0.004 0.0 
  63.938 0.0    0.004 0.0 
  63.969 0.0    0.004 0.0 
  63.999 0.0    0.004 0.0 
  64.029 0.0    0.004 0.0 
  64.060 0.0    0.004 0.0 
  64.090 0.0    0.003 0.0 
  64.121 0.0    0.003 0.0 
  64.151 0.0    0.003 0.0 
  64.181 0.0    0.003 0.0 
  64.211 0.0    0.003 0.0 
  64.242 0.0    0.003 0.0 
  64.272 0.0    0.003 0.0 
  64.302 0.0    0.002 0.0 
  64.333 0.0    0.002 0.0 
  64.364 0.0    0.002 0.0 
  64.393 0.0    0.002 0.0 
  64.423 0.0    0.002 0.0 
  64.453 0.0    0.002 0.0 
  64.484 0.0    0.002 0.0 
  64.514 0.0    0.001 0.0 
  64.544 0.0    0.001 0.0 
  64.574 0.0    0.001 0.0 
  64.604 0.0    0.001 0.0 
  64.639 0.0    0.001 0.0 
  64.669 0.0    0.000 0.0 
  64.696 0.0    0.000 0.0 
  64.730 0.0    0.000 0.0 
  64.757 0.0    0.000 0.0 
  64.786 0.0    0.000 0.0 
  64.817 0.0    0.000 0.0 
  64.847 0.0   -0.000 0.0 
  64.877 0.0   -0.000 0.0 
  64.908 0.0   -0.000 0.0 
  64.939 0.0   -0.001 0.0 
  64.968 0.0   -0.001 0.0 
  64.999 0.0   -0.001 0.0 
  65.028 0.0   -0.001 0.0 
  65.059 0.0   -0.001 0.0 
  65.093 0.0   -0.002 0.0 
  65.119 0.0   -0.002 0.0 
  65.149 0.0   -0.002 0.0 
  65.180 0.0   -0.002 0.0 
  65.210 0.0   -0.003 0.0 
  65.240 0.0   -0.003 0.0 
  65.271 0.0   -0.003 0.0 
  65.301 0.0   -0.003 0.0 
  65.331 0.0   -0.003 0.0 
  65.361 0.0   -0.003 0.0 
  65.391 0.0   -0.003 0.0 
  65.422 0.0   -0.003 0.0 
  65.453 0.0   -0.003 0.0 
  65.483 0.0   -0.003 0.0 
  65.513 0.0   -0.003 0.0 
  65.543 0.0   -0.003 0.0 
  65.573 0.0   -0.003 0.0 
  65.603 0.0   -0.003 0.0 
  65.634 0.0   -0.003 0.0 
  65.664 0.0   -0.003 0.0 
  65.694 0.0   -0.003 0.0 
  65.725 0.0   -0.003 0.0 
  65.755 0.0   -0.003 0.0 
  65.785 0.0   -0.003 0.0 
  65.816 0.0   -0.003 0.0 
  65.846 0.0   -0.003 0.0 
  65.876 0.0   -0.003 0.0 
  65.906 0.0   -0.003 0.0 
  65.936 0.0   -0.003 0.0 
  65.967 0.0   -0.003 0.0 
  65.997 0.0   -0.003 0.0 
  66.027 0.0   -0.003 0.0 
  66.057 0.0   -0.003 0.0 
  66.088 0.0   -0.003 0.0 
  66.118 0.0   -0.002 0.0 
  66.149 0.0   -0.002 0.0 
  66.179 0.0   -0.002 0.0 
  66.209 0.0   -0.002 0.0 
  66.239 0.0   -0.002 0.0 
  66.270 0.0   -0.001 0.0 
  66.300 0.0   -0.001 0.0 
  66.330 0.0   -0.001 0.0 
  66.360 0.0   -0.001 0.0 
  66.391 0.0   -0.001 0.0 
  66.420 0.0   -0.001 0.0 
  66.451 0.0   -0.001 0.0 
  66.481 0.0   -0.001 0.0 
  66.512 0.0   -0.001 0.0 
  66.542 0.0   -0.000 0.0 
  66.573 0.0   -0.000 0.0 
  66.602 0.0   -0.000 0.0 
  66.633 0.0    0.000 0.0 
  66.663 0.0    0.000 0.0 
  66.693 0.0    0.000 0.0 
  66.724 0.0    0.000 0.0 
  66.754 0.0    0.000 0.0 
  66.784 0.0    0.000 0.0 
  66.814 0.0    0.000 0.0 
  66.845 0.0    0.000 0.0 
  66.875 0.0    0.000 0.0 
  66.905 0.0    0.001 0.0 
  66.935 0.0    0.001 0.0 
  66.966 0.0    0.001 0.0 
  66.996 0.0    0.001 0.0 
  67.026 0.0    0.001 0.0 
  67.057 0.0    0.002 0.0 
  67.090 0.0    0.002 0.0 
  67.120 0.0    0.002 0.0 
  67.151 0.0    0.002 0.0 
  67.178 0.0    0.002 0.0 
  67.208 0.0    0.002 0.0 
  67.242 0.0    0.002 0.0 
  67.272 0.0    0.002 0.0 
  67.302 0.0    0.002 0.0 
  67.333 0.0    0.002 0.0 
  67.363 0.0    0.002 0.0 
  67.393 0.0    0.002 0.0 
  67.419 0.0    0.002 0.0 
  67.450 0.0    0.002 0.0 
  67.480 0.0    0.002 0.0 
  67.510 0.0    0.002 0.0 
  67.541 0.0    0.002 0.0 
  67.575 0.0    0.002 0.0 
  67.601 0.0    0.002 0.0 
  67.631 0.0    0.002 0.0 
  67.661 0.0    0.002 0.0 
  67.692 0.0    0.002 0.0 
  67.722 0.0    0.002 0.0 
  67.752 0.0    0.002 0.0 
  67.783 0.0    0.002 0.0 
  67.813 0.0    0.002 0.0 
  67.844 0.0    0.002 0.0 
  67.878 0.0    0.002 0.0 
  67.909 0.0    0.002 0.0 
  67.938 0.0    0.002 0.0 
  67.965 0.0    0.002 0.0 
  67.995 0.0    0.002 0.0 
  68.026 0.0    0.002 0.0 
  68.060 0.0    0.002 0.0 
  68.086 0.0    0.002 0.0 
  68.116 0.0    0.002 0.0 
  68.146 0.0    0.002 0.0 
  68.177 0.0    0.001 0.0 
  68.207 0.0    0.001 0.0 
  68.237 0.0    0.001 0.0 
  68.267 0.0    0.001 0.0 
  68.298 0.0    0.001 0.0 
  68.328 0.0    0.000 0.0 
  68.358 0.0    0.000 0.0 
  68.389 0.0    0.000 0.0 
  68.419 0.0    0.000 0.0 
  68.449 0.0    0.000 0.0 
  68.479 0.0    0.000 0.0 
  68.510 0.0    0.000 0.0 
  68.540 0.0    0.000 0.0 
  68.570 0.0    0.000 0.0 
  68.600 0.0   -0.000 0.0 
  68.631 0.0   -0.000 0.0 
  68.660 0.0   -0.000 0.0 
  68.691 0.0   -0.001 0.0 
  68.722 0.0   -0.001 0.0 
  68.751 0.0   -0.001 0.0 
  68.782 0.0   -0.001 0.0 
  68.812 0.0   -0.001 0.0 
  68.843 0.0   -0.002 0.0 
  68.873 0.0   -0.002 0.0 
  68.903 0.0   -0.002 0.0 
  68.934 0.0   -0.002 0.0 
  68.964 0.0   -0.002 0.0 
  68.994 0.0   -0.002 0.0 
  69.024 0.0   -0.002 0.0 
  69.054 0.0   -0.002 0.0 
  69.085 0.0   -0.003 0.0 
  69.115 0.0   -0.003 0.0 
  69.146 0.0   -0.003 0.0 
  69.176 0.0   -0.003 0.0 
  69.206 0.0   -0.003 0.0 
  69.236 0.0   -0.003 0.0 
  69.267 0.0   -0.003 0.0 
  69.297 0.0   -0.003 0.0 
  69.327 0.0   -0.003 0.0 
  69.358 0.0   -0.003 0.0 
  69.387 0.0   -0.003 0.0 
  69.418 0.0   -0.003 0.0 
  69.448 0.0   -0.003 0.0 
  69.479 0.0   -0.003 0.0 
  69.509 0.0   -0.003 0.0 
  69.539 0.0   -0.003 0.0 
  69.570 0.0   -0.003 0.0 
  69.600 0.0   -0.003 0.0 
  69.630 0.0   -0.003 0.0 
  69.660 0.0   -0.003 0.0 
  69.691 0.0   -0.003 0.0 
  69.721 0.0   -0.003 0.0 
  69.753 0.0   -0.003 0.0 
  69.782 0.0   -0.003 0.0 
  69.812 0.0   -0.003 0.0 
  69.842 0.0   -0.002 0.0 
  69.873 0.0   -0.002 0.0 
  69.903 0.0   -0.002 0.0 
  69.933 0.0   -0.002 0.0 
  69.963 0.0   -0.002 0.0 
  69.993 0.0   -0.002 0.0 
  70.024 0.0   -0.002 0.0 
  70.054 0.0   -0.001 0.0 
  70.084 0.0   -0.001 0.0 
  70.116 0.0   -0.001 0.0 
  70.144 0.0   -0.001 0.0 
  70.175 0.0   -0.001 0.0 
  70.205 0.0   -0.001 0.0 
  70.235 0.0   -0.001 0.0 
  70.266 0.0   -0.000 0.0 
  70.296 0.0   -0.000 0.0 
  70.326 0.0   -0.000 0.0 
  70.357 0.0   -0.000 0.0 
  70.386 0.0    0.000 0.0 
  70.417 0.0    0.000 0.0 
  70.447 0.0    0.001 0.0 
  70.478 0.0    0.001 0.0 
  70.508 0.0    0.001 0.0 
  70.538 0.0    0.001 0.0 
  70.568 0.0    0.001 0.0 
  70.598 0.0    0.001 0.0 
  70.629 0.0    0.002 0.0 
  70.658 0.0    0.002 0.0 
  70.689 0.0    0.002 0.0 
  70.719 0.0    0.002 0.0 
  70.749 0.0    0.002 0.0 
  70.780 0.0    0.002 0.0 
  70.811 0.0    0.002 0.0 
  70.841 0.0    0.002 0.0 
  70.870 0.0    0.002 0.0 
  70.901 0.0    0.002 0.0 
  70.931 0.0    0.002 0.0 
  70.961 0.0    0.002 0.0 
  70.991 0.0    0.002 0.0 
  71.022 0.0    0.002 0.0 
  71.052 0.0    0.002 0.0 
  71.082 0.0    0.002 0.0 
  71.113 0.0    0.002 0.0 
  71.143 0.0    0.002 0.0 
  71.173 0.0    0.002 0.0 
  71.203 0.0    0.002 0.0 
  71.234 0.0    0.002 0.0 
  71.264 0.0    0.002 0.0 
  71.294 0.0    0.002 0.0 
  71.325 0.0    0.002 0.0 
  71.355 0.0    0.002 0.0 
  71.385 0.0    0.002 0.0 
  71.416 0.0    0.002 0.0 
  71.446 0.0    0.002 0.0 
  71.476 0.0    0.002 0.0 
  71.506 0.0    0.002 0.0 
  71.537 0.0    0.001 0.0 
  71.567 0.0    0.001 0.0 
  71.599 0.0    0.001 0.0 
  71.629 0.0    0.001 0.0 
  71.662 0.0    0.001 0.0 
  71.689 0.0    0.000 0.0 
  71.722 0.0    0.000 0.0 
  71.752 0.0    0.000 0.0 
  71.783 0.0    0.000 0.0 
  71.814 0.0    0.000 0.0 
  71.839 0.0    0.000 0.0 
  71.870 0.0    0.000 0.0 
  71.904 0.0    0.000 0.0 
  71.930 0.0    0.000 0.0 
  71.964 0.0    0.000 0.0 
  71.991 0.0    0.000 0.0 
  72.021 0.0    0.000 0.0 
  72.051 0.0    0.000 0.0 
  72.083 0.0    0.000 0.0 
  72.115 0.0    0.000 0.0 
  72.145 0.0   -0.000 0.0 
  72.176 0.0   -0.000 0.0 
  72.202 0.0   -0.000 0.0 
  72.233 0.0   -0.001 0.0 
  72.263 0.0   -0.001 0.0 
  72.293 0.0   -0.001 0.0 
  72.324 0.0   -0.001 0.0 
  72.355 0.0   -0.001 0.0 
  72.384 0.0   -0.002 0.0 
  72.414 0.0   -0.002 0.0 
  72.445 0.0   -0.002 0.0 
  72.475 0.0   -0.002 0.0 
  72.505 0.0   -0.002 0.0 
  72.540 0.0   -0.002 0.0 
  72.566 0.0   -0.002 0.0 
  72.596 0.0   -0.002 0.0 
  72.627 0.0   -0.002 0.0 
  72.657 0.0   -0.003 0.0 
  72.687 0.0   -0.003 0.0 
  72.717 0.0   -0.003 0.0 
  72.748 0.0   -0.003 0.0 
  72.778 0.0   -0.003 0.0 
  72.808 0.0   -0.003 0.0 
  72.838 0.0   -0.003 0.0 
  72.869 0.0   -0.003 0.0 
  72.899 0.0   -0.003 0.0 
  72.929 0.0   -0.003 0.0 
  72.959 0.0   -0.003 0.0 
  72.990 0.0   -0.003 0.0 
  73.021 0.0   -0.003 0.0 
  73.051 0.0   -0.003 0.0 
  73.081 0.0   -0.003 0.0 
  73.111 0.0   -0.003 0.0 
  73.141 0.0   -0.003 0.0 
  73.172 0.0   -0.003 0.0 
  73.202 0.0   -0.003 0.0 
  73.232 0.0   -0.003 0.0 
  73.263 0.0   -0.002 0.0 
  73.293 0.0   -0.002 0.0 
  73.324 0.0   -0.002 0.0 
  73.353 0.0   -0.002 0.0 
  73.383 0.0   -0.002 0.0 
  73.414 0.0   -0.002 0.0 
  73.444 0.0   -0.001 0.0 
  73.474 0.0   -0.001 0.0 
  73.505 0.0   -0.001 0.0 
  73.535 0.0   -0.001 0.0 
  73.565 0.0   -0.001 0.0 
  73.596 0.0   -0.000 0.0 
  73.627 0.0   -0.000 0.0 
  73.656 0.0   -0.000 0.0 
  73.686 0.0    0.000 0.0 
  73.716 0.0    0.000 0.0 
  73.747 0.0    0.000 0.0 
  73.777 0.0    0.000 0.0 
  73.807 0.0    0.000 0.0 
  73.838 0.0    0.000 0.0 
  73.868 0.0    0.000 0.0 
  73.898 0.0    0.000 0.0 
  73.928 0.0    0.000 0.0 
  73.959 0.0    0.000 0.0 
  73.989 0.0    0.000 0.0 
  74.019 0.0    0.000 0.0 
  74.050 0.0    0.000 0.0 
  74.080 0.0    0.000 0.0 
  74.110 0.0    0.000 0.0 
  74.140 0.0    0.000 0.0 
  74.171 0.0    0.001 0.0 
  74.201 0.0    0.001 0.0 
  74.231 0.0    0.001 0.0 
  74.261 0.0    0.001 0.0 
  74.293 0.0    0.001 0.0 
  74.327 0.0    0.002 0.0 
  74.352 0.0    0.002 0.0 
  74.382 0.0    0.002 0.0 
  74.413 0.0    0.002 0.0 
  74.443 0.0    0.002 0.0 
  74.473 0.0    0.002 0.0 
  74.505 0.0    0.002 0.0 
  74.534 0.0    0.002 0.0 
  74.565 0.0    0.002 0.0 
  74.650 0.0    0.002 0.0 
  74.688 0.0    0.002 0.0 
  74.708 0.0    0.002 0.0 
  74.733 0.0    0.002 0.0 
  74.764 0.0    0.002 0.0 
  74.794 0.0    0.002 0.0 
  74.827 0.0    0.002 0.0 
  74.857 0.0    0.002 0.0 
  74.890 0.0    0.002 0.0 
  74.926 0.0    0.002 0.0 
  74.950 0.0    0.002 0.0 
  74.981 0.0    0.002 0.0 
  75.011 0.0    0.002 0.0 
  75.042 0.0    0.002 0.0 
  75.071 0.0    0.002 0.0 
  75.101 0.0    0.002 0.0 
  75.132 0.0    0.002 0.0 
  75.163 0.0    0.002 0.0 
  75.193 0.0    0.002 0.0 
  75.224 0.0    0.001 0.0 
  75.254 0.0    0.001 0.0 
  75.284 0.0    0.001 0.0 
  75.314 0.0    0.001 0.0 
  75.344 0.0    0.001 0.0 
  75.375 0.0    0.000 0.0 
  75.405 0.0    0.000 0.0 
  75.435 0.0    0.000 0.0 
  75.465 0.0    0.000 0.0 
  75.496 0.0    0.000 0.0 
  75.526 0.0    0.000 0.0 
  75.557 0.0    0.000 0.0 
  75.586 0.0    0.000 0.0 
  75.616 0.0    0.000 0.0 
  75.646 0.0    0.000 0.0 
  75.677 0.0    0.000 0.0 
  75.707 0.0    0.000 0.0 
  75.738 0.0   -0.000 0.0 
  75.773 0.0   -0.000 0.0 
  75.798 0.0   -0.000 0.0 
  75.828 0.0   -0.000 0.0 
  75.859 0.0   -0.000 0.0 
  75.888 0.0   -0.000 0.0 
  75.919 0.0   -0.001 0.0 
  75.950 0.0   -0.001 0.0 
  75.980 0.0   -0.001 0.0 
  76.010 0.0   -0.001 0.0 
  76.040 0.0   -0.001 0.0 
  76.070 0.0   -0.001 0.0 
  76.101 0.0   -0.001 0.0 
  76.131 0.0   -0.001 0.0 
  76.161 0.0   -0.001 0.0 
  76.191 0.0   -0.001 0.0 
  76.222 0.0   -0.001 0.0 
  76.253 0.0   -0.001 0.0 
  76.282 0.0   -0.001 0.0 
  76.313 0.0   -0.001 0.0 
  76.344 0.0   -0.001 0.0 
  76.373 0.0   -0.001 0.0 
  76.405 0.0   -0.001 0.0 
  76.434 0.0   -0.002 0.0 
  76.464 0.0   -0.002 0.0 
  76.494 0.0   -0.002 0.0 
  76.525 0.0   -0.002 0.0 
  76.555 0.0   -0.002 0.0 
  76.584 0.0   -0.002 0.0 
  76.617 0.0   -0.002 0.0 
  76.646 0.0   -0.002 0.0 
  76.676 0.0   -0.002 0.0 
  76.706 0.0   -0.002 0.0 
  76.742 0.0   -0.001 0.0 
  76.767 0.0   -0.001 0.0 
  76.796 0.0   -0.001 0.0 
  76.826 0.0   -0.001 0.0 
  76.857 0.0   -0.001 0.0 
  76.893 0.0   -0.001 0.0 
  76.918 0.0   -0.001 0.0 
  76.948 0.0   -0.001 0.0 
  76.979 0.0   -0.001 0.0 
  77.009 0.0   -0.001 0.0 
  77.040 0.0   -0.001 0.0 
  77.069 0.0   -0.001 0.0 
  77.104 0.0   -0.001 0.0 
  77.130 0.0   -0.001 0.0 
  77.160 0.0   -0.001 0.0 
  77.190 0.0   -0.001 0.0 
  77.221 0.0   -0.001 0.0 
  77.251 0.0   -0.000 0.0 
  77.281 0.0   -0.000 0.0 
  77.311 0.0   -0.000 0.0 
  77.343 0.0    0.000 0.0 
  77.372 0.0    0.000 0.0 
  77.403 0.0    0.000 0.0 
  77.433 0.0    0.000 0.0 
  77.463 0.0    0.000 0.0 
  77.493 0.0    0.000 0.0 
  77.523 0.0    0.000 0.0 
  77.554 0.0    0.000 0.0 
  77.584 0.0    0.000 0.0 
  77.614 0.0    0.000 0.0 
  77.645 0.0    0.000 0.0 
  77.675 0.0    0.000 0.0 
  77.705 0.0    0.000 0.0 
  77.735 0.0    0.000 0.0 
  77.766 0.0    0.000 0.0 
  77.796 0.0    0.000 0.0 
  77.826 0.0    0.000 0.0 
  77.856 0.0    0.000 0.0 
  77.886 0.0    0.000 0.0 
  77.917 0.0    0.001 0.0 
  77.949 0.0    0.001 0.0 
  77.977 0.0    0.001 0.0 
  78.008 0.0    0.001 0.0 
  78.038 0.0    0.001 0.0 
  78.068 0.0    0.002 0.0 
  78.098 0.0    0.002 0.0 
  78.129 0.0    0.002 0.0 
  78.159 0.0    0.002 0.0 
  78.189 0.0    0.002 0.0 
  78.219 0.0    0.002 0.0 
  78.250 0.0    0.002 0.0 
  78.279 0.0    0.002 0.0 
  78.310 0.0    0.002 0.0 
  78.341 0.0    0.002 0.0 
  78.371 0.0    0.002 0.0 
  78.400 0.0    0.002 0.0 
  78.431 0.0    0.002 0.0 
  78.461 0.0    0.002 0.0 
  78.492 0.0    0.002 0.0 
  78.521 0.0    0.002 0.0 
  78.552 0.0    0.002 0.0 
  78.582 0.0    0.001 0.0 
  78.612 0.0    0.001 0.0 
  78.695 0.0    0.001 0.0 
  78.725 0.0    0.001 0.0 
  78.744 0.0    0.001 0.0 
  78.771 0.0    0.001 0.0 
  78.801 0.0    0.000 0.0 
  78.831 0.0    0.000 0.0 
  78.862 0.0    0.000 0.0 
  78.895 0.0    0.000 0.0 
  78.929 0.0    0.000 0.0 
  78.959 0.0    0.000 0.0 
  78.990 0.0    0.000 0.0 
  79.016 0.0    0.000 0.0 
  79.050 0.0    0.000 0.0 
  79.077 0.0    0.000 0.0 
  79.111 0.0    0.000 0.0 
  79.138 0.0    0.000 0.0 
  79.171 0.0    0.000 0.0 
  79.202 0.0    0.000 0.0 
  79.232 0.0    0.000 0.0 
  79.262 0.0    0.000 0.0 
  79.289 0.0    0.000 0.0 
  79.319 0.0    0.000 0.0 
  79.348 0.0    0.000 0.0 
  79.379 0.0    0.000 0.0 
  79.410 0.0    0.000 0.0 
  79.440 0.0    0.000 0.0 
  79.470 0.0   -0.000 0.0 
  79.501 0.0   -0.000 0.0 
  79.531 0.0   -0.000 0.0 
  79.561 0.0   -0.001 0.0 
  79.591 0.0   -0.001 0.0 
  79.622 0.0   -0.001 0.0 
  79.653 0.0   -0.001 0.0 
  79.687 0.0   -0.001 0.0 
  79.712 0.0   -0.001 0.0 
  79.743 0.0   -0.001 0.0 
  79.773 0.0   -0.001 0.0 
  79.804 0.0   -0.001 0.0 
  79.834 0.0   -0.001 0.0 
  79.864 0.0   -0.001 0.0 
  79.895 0.0   -0.001 0.0 
  79.924 0.0   -0.001 0.0 
  79.955 0.0   -0.001 0.0 
  79.987 0.0   -0.001 0.0 
  80.016 0.0   -0.001 0.0 
  80.046 0.0   -0.001 0.0 
  80.076 0.0   -0.001 0.0 
  80.106 0.0   -0.001 0.0 
  80.136 0.0   -0.002 0.0 
  80.167 0.0   -0.002 0.0 
  80.197 0.0   -0.002 0.0 
  80.227 0.0   -0.002 0.0 
  80.258 0.0   -0.002 0.0 
  80.287 0.0   -0.002 0.0 
  80.318 0.0   -0.001 0.0 
  80.348 0.0   -0.001 0.0 
  80.380 0.0   -0.001 0.0 
  80.409 0.0   -0.001 0.0 
  80.439 0.0   -0.001 0.0 
  80.469 0.0   -0.001 0.0 
  80.500 0.0   -0.001 0.0 
  80.530 0.0   -0.001 0.0 
  80.560 0.0   -0.001 0.0 
  80.590 0.0   -0.001 0.0 
  80.620 0.0   -0.001 0.0 
  80.650 0.0   -0.001 0.0 
  80.681 0.0   -0.001 0.0 
  80.711 0.0   -0.001 0.0 
  80.741 0.0   -0.001 0.0 
  80.772 0.0   -0.001 0.0 
  80.802 0.0   -0.001 0.0 
  80.832 0.0   -0.001 0.0 
  80.862 0.0   -0.000 0.0 
  80.893 0.0   -0.000 0.0 
  80.923 0.0   -0.000 0.0 
  80.954 0.0    0.000 0.0 
  80.985 0.0    0.000 0.0 
  81.015 0.0    0.000 0.0 
  81.044 0.0    0.000 0.0 
  81.074 0.0    0.000 0.0 
  81.104 0.0    0.000 0.0 
  81.135 0.0    0.000 0.0 
  81.165 0.0    0.000 0.0 
  81.195 0.0    0.000 0.0 
  81.227 0.0    0.000 0.0 
  81.256 0.0    0.000 0.0 
  81.286 0.0    0.000 0.0 
  81.316 0.0    0.000 0.0 
  81.347 0.0    0.000 0.0 
  81.377 0.0    0.000 0.0 
  81.407 0.0    0.000 0.0 
  81.438 0.0    0.001 0.0 
  81.468 0.0    0.001 0.0 
  81.499 0.0    0.001 0.0 
  81.529 0.0    0.001 0.0 
  81.558 0.0    0.001 0.0 
  81.589 0.0    0.001 0.0 
  81.620 0.0    0.001 0.0 
  81.649 0.0    0.001 0.0 
  81.680 0.0    0.002 0.0 
  81.710 0.0    0.002 0.0 
  81.740 0.0    0.002 0.0 
  81.771 0.0    0.002 0.0 
  81.800 0.0    0.002 0.0 
  81.831 0.0    0.002 0.0 
  81.862 0.0    0.001 0.0 
  81.892 0.0    0.001 0.0 
  81.925 0.0    0.001 0.0 
  81.952 0.0    0.001 0.0 
  81.982 0.0    0.001 0.0 
  82.017 0.0    0.001 0.0 
  82.045 0.0    0.000 0.0 
  82.073 0.0    0.000 0.0 
  82.104 0.0    0.000 0.0 
  82.138 0.0    0.000 0.0 
  82.168 0.0    0.000 0.0 
  82.194 0.0    0.000 0.0 
  82.224 0.0    0.000 0.0 
  82.255 0.0    0.000 0.0 
  82.285 0.0    0.000 0.0 
  82.315 0.0    0.000 0.0 
  82.346 0.0    0.000 0.0 
  82.376 0.0    0.000 0.0 
  82.406 0.0    0.000 0.0 
  82.440 0.0    0.000 0.0 
  82.467 0.0    0.000 0.0 
  82.497 0.0    0.000 0.0 
  82.527 0.0    0.000 0.0 
  82.557 0.0    0.000 0.0 
  82.588 0.0    0.000 0.0 
  82.622 0.0    0.000 0.0 
  82.714 0.0    0.000 0.0 
  82.739 0.0    0.000 0.0 
  82.762 0.0   -0.000 0.0 
  82.790 0.0   -0.000 0.0 
  82.820 0.0   -0.000 0.0 
  82.850 0.0   -0.000 0.0 
  82.882 0.0   -0.001 0.0 
  82.913 0.0   -0.001 0.0 
  82.946 0.0   -0.001 0.0 
  82.977 0.0   -0.001 0.0 
  83.007 0.0   -0.001 0.0 
  83.037 0.0   -0.001 0.0 
  83.067 0.0   -0.001 0.0 
  83.097 0.0   -0.001 0.0 
  83.128 0.0   -0.001 0.0 
  83.158 0.0   -0.001 0.0 
  83.188 0.0   -0.001 0.0 
  83.219 0.0   -0.001 0.0 
  83.249 0.0   -0.001 0.0 
  83.279 0.0   -0.001 0.0 
  83.309 0.0   -0.001 0.0 
  83.340 0.0   -0.001 0.0 
  83.369 0.0   -0.001 0.0 
  83.400 0.0   -0.001 0.0 
  83.430 0.0   -0.001 0.0 
  83.462 0.0   -0.001 0.0 
  83.491 0.0   -0.001 0.0 
  83.521 0.0   -0.001 0.0 
  83.551 0.0   -0.001 0.0 
  83.581 0.0   -0.001 0.0 
  83.612 0.0   -0.001 0.0 
  83.642 0.0   -0.001 0.0 
  83.672 0.0   -0.001 0.0 
  83.703 0.0   -0.001 0.0 
  83.732 0.0   -0.001 0.0 
  83.763 0.0   -0.001 0.0 
  83.793 0.0   -0.001 0.0 
  83.823 0.0   -0.001 0.0 
  83.854 0.0   -0.001 0.0 
  83.884 0.0   -0.001 0.0 
  83.914 0.0   -0.001 0.0 
  83.944 0.0   -0.001 0.0 
  83.975 0.0   -0.001 0.0 
  84.005 0.0   -0.000 0.0 
  84.035 0.0   -0.000 0.0 
  84.065 0.0   -0.000 0.0 
  84.095 0.0    0.000 0.0 
  84.126 0.0    0.000 0.0 
  84.156 0.0    0.000 0.0 
  84.186 0.0    0.000 0.0 
  84.217 0.0    0.000 0.0 
  84.246 0.0    0.000 0.0 
  84.277 0.0    0.000 0.0 
  84.308 0.0    0.000 0.0 
  84.338 0.0    0.000 0.0 
  84.368 0.0    0.000 0.0 
  84.399 0.0    0.000 0.0 
  84.429 0.0    0.000 0.0 
  84.459 0.0    0.000 0.0 
  84.490 0.0    0.000 0.0 
  84.520 0.0    0.000 0.0 
  84.550 0.0    0.000 0.0 
  84.581 0.0    0.000 0.0 
  84.611 0.0    0.000 0.0 
  84.641 0.0    0.000 0.0 
  84.671 0.0    0.000 0.0 
  84.701 0.0    0.000 0.0 
  84.732 0.0    0.000 0.0 
  84.762 0.0    0.000 0.0 
  84.792 0.0    0.000 0.0 
  84.822 0.0    0.000 0.0 
  84.852 0.0    0.000 0.0 
  84.883 0.0    0.000 0.0 
  84.913 0.0    0.000 0.0 
  84.944 0.0    0.000 0.0 
  84.973 0.0    0.000 0.0 
  85.004 0.0    0.000 0.0 
  85.034 0.0    0.000 0.0 
  85.064 0.0    0.000 0.0 
  85.096 0.0    0.000 0.0 
  85.124 0.0    0.000 0.0 
  85.155 0.0    0.000 0.0 
  85.185 0.0    0.000 0.0 
  85.216 0.0    0.000 0.0 
  85.246 0.0    0.000 0.0 
  85.276 0.0    0.000 0.0 
  85.306 0.0    0.000 0.0 
  85.337 0.0    0.000 0.0 
  85.366 0.0    0.000 0.0 
  85.398 0.0    0.000 0.0 
  85.428 0.0    0.000 0.0 
  85.457 0.0    0.000 0.0 
  85.487 0.0    0.000 0.0 
  85.518 0.0    0.000 0.0 
  85.548 0.0    0.000 0.0 
  85.579 0.0    0.000 0.0 
  85.608 0.0    0.000 0.0 
  85.639 0.0    0.000 0.0 
  85.669 0.0    0.000 0.0 
  85.699 0.0    0.000 0.0 
  85.730 0.0    0.000 0.0 
  85.760 0.0    0.000 0.0 
  85.790 0.0    0.000 0.0 
  85.825 0.0    0.000 0.0 
  85.855 0.0    0.000 0.0 
  85.881 0.0    0.000 0.0 
  85.911 0.0    0.000 0.0 
  85.942 0.0    0.000 0.0 
  85.972 0.0    0.000 0.0 
  86.007 0.0    0.000 0.0 
  86.032 0.0    0.000 0.0 
  86.066 0.0    0.000 0.0 
  86.096 0.0    0.000 0.0 
  86.127 0.0    0.000 0.0 
  86.158 0.0    0.000 0.0 
  86.188 0.0    0.000 0.0 
  86.218 0.0    0.000 0.0 
  86.244 0.0    0.000 0.0 
  86.278 0.0    0.000 0.0 
  86.305 0.0    0.000 0.0 
  86.338 0.0    0.000 0.0 
  86.365 0.0    0.000 0.0 
  86.396 0.0    0.000 0.0 
  86.425 0.0    0.000 0.0 
  86.455 0.0    0.000 0.0 
  86.486 0.0    0.000 0.0 
  86.516 0.0    0.000 0.0 
