   0.000 0.0 0.0   -0.002 
   0.046 0.0 0.0   -0.002 
   0.102 0.0 0.0   -0.001 
   0.158 0.0 0.0   -0.001 
   0.209 0.0 0.0   -0.001 
   0.273 0.0 0.0    0.000 
   0.338 0.0 0.0    0.002 
   0.390 0.0 0.0    0.004 
   0.446 0.0 0.0    0.006 
   0.501 0.0 0.0    0.008 
   0.541 0.0 0.0    0.009 
   0.597 0.0 0.0    0.011 
   0.655 0.0 0.0    0.013 
   0.712 0.0 0.0    0.014 
   0.772 0.0 0.0    0.016 
   0.826 0.0 0.0    0.017 
   0.881 0.0 0.0    0.017 
   0.927 0.0 0.0    0.017 
   0.983 0.0 0.0    0.017 
   1.041 0.0 0.0    0.017 
   1.091 0.0 0.0    0.017 
   1.148 0.0 0.0    0.016 
   1.202 0.0 0.0    0.016 
   1.267 0.0 0.0    0.016 
   1.311 0.0 0.0    0.015 
   1.370 0.0 0.0    0.014 
   1.425 0.0 0.0    0.012 
   1.480 0.0 0.0    0.009 
   1.536 0.0 0.0    0.007 
   1.596 0.0 0.0    0.005 
   1.651 0.0 0.0    0.003 
   1.710 0.0 0.0    0.000 
   1.754 0.0 0.0   -0.003 
   1.811 0.0 0.0   -0.007 
   1.865 0.0 0.0   -0.011 
   1.922 0.0 0.0   -0.014 
   1.975 0.0 0.0   -0.017 
   2.036 0.0 0.0   -0.020 
   2.091 0.0 0.0   -0.022 
   2.146 0.0 0.0   -0.025 
   2.195 0.0 0.0   -0.028 
   2.253 0.0 0.0   -0.030 
   2.308 0.0 0.0   -0.031 
   2.358 0.0 0.0   -0.032 
   2.414 0.0 0.0   -0.033 
   2.470 0.0 0.0   -0.033 
   2.534 0.0 0.0   -0.033 
   2.579 0.0 0.0   -0.032 
   2.635 0.0 0.0   -0.030 
   2.690 0.0 0.0   -0.028 
   2.744 0.0 0.0   -0.026 
   2.799 0.0 0.0   -0.023 
   2.864 0.0 0.0   -0.020 
   2.909 0.0 0.0   -0.016 
   2.967 0.0 0.0   -0.012 
   3.027 0.0 0.0   -0.007 
   3.079 0.0 0.0   -0.002 
   3.143 0.0 0.0    0.002 
   3.188 0.0 0.0    0.007 
   3.242 0.0 0.0    0.011 
   3.300 0.0 0.0    0.016 
   3.362 0.0 0.0    0.020 
   3.417 0.0 0.0    0.024 
   3.472 0.0 0.0    0.028 
   3.517 0.0 0.0    0.031 
   3.578 0.0 0.0    0.034 
   3.638 0.0 0.0    0.037 
   3.692 0.0 0.0    0.039 
   3.746 0.0 0.0    0.041 
   3.791 0.0 0.0    0.042 
   3.847 0.0 0.0    0.042 
   3.902 0.0 0.0    0.042 
   3.960 0.0 0.0    0.042 
   4.022 0.0 0.0    0.041 
   4.070 0.0 0.0    0.038 
   4.125 0.0 0.0    0.036 
   4.184 0.0 0.0    0.033 
   4.240 0.0 0.0    0.030 
   4.294 0.0 0.0    0.026 
   4.351 0.0 0.0    0.021 
   4.404 0.0 0.0    0.017 
   4.462 0.0 0.0    0.012 
   4.512 0.0 0.0    0.005 
   4.567 0.0 0.0   -0.000 
   4.621 0.0 0.0   -0.006 
   4.675 0.0 0.0   -0.012 
   4.733 0.0 0.0   -0.018 
   4.786 0.0 0.0   -0.025 
   4.841 0.0 0.0   -0.030 
   4.897 0.0 0.0   -0.036 
   4.955 0.0 0.0   -0.041 
   5.009 0.0 0.0   -0.045 
   5.065 0.0 0.0   -0.049 
   5.115 0.0 0.0   -0.052 
   5.171 0.0 0.0   -0.054 
   5.228 0.0 0.0   -0.056 
   5.287 0.0 0.0   -0.057 
   5.336 0.0 0.0   -0.057 
   5.395 0.0 0.0   -0.057 
   5.446 0.0 0.0   -0.055 
   5.512 0.0 0.0   -0.053 
   5.556 0.0 0.0   -0.050 
   5.612 0.0 0.0   -0.047 
   5.668 0.0 0.0   -0.042 
   5.724 0.0 0.0   -0.037 
   5.781 0.0 0.0   -0.031 
   5.837 0.0 0.0   -0.025 
   5.891 0.0 0.0   -0.018 
   5.947 0.0 0.0   -0.011 
   6.000 0.0 0.0   -0.004 
   6.054 0.0 0.0    0.003 
   6.109 0.0 0.0    0.010 
   6.163 0.0 0.0    0.017 
   6.218 0.0 0.0    0.023 
   6.275 0.0 0.0    0.029 
   6.330 0.0 0.0    0.035 
   6.391 0.0 0.0    0.040 
   6.440 0.0 0.0    0.045 
   6.495 0.0 0.0    0.049 
   6.549 0.0 0.0    0.053 
   6.607 0.0 0.0    0.056 
   6.742 0.0 0.0    0.058 
   6.777 0.0 0.0    0.059 
   6.823 0.0 0.0    0.060 
   6.883 0.0 0.0    0.060 
   6.935 0.0 0.0    0.059 
   6.993 0.0 0.0    0.057 
   7.064 0.0 0.0    0.054 
   7.123 0.0 0.0    0.049 
   7.173 0.0 0.0    0.043 
   7.219 0.0 0.0    0.037 
   7.274 0.0 0.0    0.030 
   7.332 0.0 0.0    0.024 
   7.384 0.0 0.0    0.016 
   7.431 0.0 0.0    0.008 
   7.488 0.0 0.0    0.000 
   7.545 0.0 0.0   -0.008 
   7.607 0.0 0.0   -0.017 
   7.663 0.0 0.0   -0.024 
   7.707 0.0 0.0   -0.031 
   7.763 0.0 0.0   -0.037 
   7.821 0.0 0.0   -0.044 
   7.872 0.0 0.0   -0.050 
   7.936 0.0 0.0   -0.055 
   7.991 0.0 0.0   -0.060 
   8.045 0.0 0.0   -0.064 
   8.106 0.0 0.0   -0.066 
   8.163 0.0 0.0   -0.068 
   8.215 0.0 0.0   -0.070 
   8.270 0.0 0.0   -0.070 
   8.313 0.0 0.0   -0.069 
   8.369 0.0 0.0   -0.068 
   8.429 0.0 0.0   -0.065 
   8.483 0.0 0.0   -0.062 
   8.539 0.0 0.0   -0.058 
   8.593 0.0 0.0   -0.053 
   8.646 0.0 0.0   -0.047 
   8.701 0.0 0.0   -0.040 
   8.756 0.0 0.0   -0.033 
   8.810 0.0 0.0   -0.026 
   8.866 0.0 0.0   -0.018 
   8.930 0.0 0.0   -0.009 
   8.983 0.0 0.0   -0.001 
   9.030 0.0 0.0    0.007 
   9.087 0.0 0.0    0.015 
   9.141 0.0 0.0    0.023 
   9.195 0.0 0.0    0.030 
   9.252 0.0 0.0    0.037 
   9.311 0.0 0.0    0.044 
   9.362 0.0 0.0    0.050 
   9.417 0.0 0.0    0.056 
   9.470 0.0 0.0    0.060 
   9.529 0.0 0.0    0.064 
   9.582 0.0 0.0    0.068 
   9.639 0.0 0.0    0.070 
   9.697 0.0 0.0    0.071 
   9.752 0.0 0.0    0.071 
   9.801 0.0 0.0    0.070 
   9.860 0.0 0.0    0.067 
   9.916 0.0 0.0    0.064 
   9.971 0.0 0.0    0.060 
  10.025 0.0 0.0    0.055 
  10.081 0.0 0.0    0.049 
  10.138 0.0 0.0    0.042 
  10.188 0.0 0.0    0.034 
  10.244 0.0 0.0    0.027 
  10.298 0.0 0.0    0.020 
  10.354 0.0 0.0    0.011 
  10.413 0.0 0.0    0.004 
  10.462 0.0 0.0   -0.005 
  10.519 0.0 0.0   -0.013 
  10.577 0.0 0.0   -0.022 
  10.630 0.0 0.0   -0.029 
  10.688 0.0 0.0   -0.036 
  10.741 0.0 0.0   -0.043 
  10.794 0.0 0.0   -0.050 
  10.849 0.0 0.0   -0.055 
  10.908 0.0 0.0   -0.060 
  10.962 0.0 0.0   -0.065 
  11.017 0.0 0.0   -0.068 
  11.072 0.0 0.0   -0.070 
  11.204 0.0 0.0   -0.072 
  11.239 0.0 0.0   -0.073 
  11.288 0.0 0.0   -0.073 
  11.341 0.0 0.0   -0.071 
  11.399 0.0 0.0   -0.069 
  11.458 0.0 0.0   -0.066 
  11.510 0.0 0.0   -0.062 
  11.562 0.0 0.0   -0.057 
  11.625 0.0 0.0   -0.050 
  11.672 0.0 0.0   -0.044 
  11.730 0.0 0.0   -0.035 
  11.783 0.0 0.0   -0.027 
  11.839 0.0 0.0   -0.018 
  11.894 0.0 0.0   -0.009 
  11.948 0.0 0.0    0.000 
  12.005 0.0 0.0    0.009 
  12.069 0.0 0.0    0.018 
  12.116 0.0 0.0    0.026 
  12.169 0.0 0.0    0.033 
  12.223 0.0 0.0    0.040 
  12.287 0.0 0.0    0.046 
  12.335 0.0 0.0    0.051 
  12.495 0.0 0.0    0.057 
  12.531 0.0 0.0    0.060 
  12.579 0.0 0.0    0.064 
  12.633 0.0 0.0    0.067 
  12.686 0.0 0.0    0.068 
  12.744 0.0 0.0    0.069 
  12.800 0.0 0.0    0.069 
  12.860 0.0 0.0    0.066 
  12.915 0.0 0.0    0.063 
  12.970 0.0 0.0    0.058 
  13.026 0.0 0.0    0.053 
  13.075 0.0 0.0    0.047 
  13.131 0.0 0.0    0.040 
  13.185 0.0 0.0    0.032 
  13.241 0.0 0.0    0.025 
  13.299 0.0 0.0    0.017 
  13.350 0.0 0.0    0.008 
  13.409 0.0 0.0    0.000 
  13.467 0.0 0.0   -0.008 
  13.523 0.0 0.0   -0.016 
  13.578 0.0 0.0   -0.023 
  13.633 0.0 0.0   -0.031 
  13.688 0.0 0.0   -0.037 
  13.744 0.0 0.0   -0.044 
  13.791 0.0 0.0   -0.051 
  13.846 0.0 0.0   -0.056 
  13.902 0.0 0.0   -0.060 
  13.960 0.0 0.0   -0.063 
  14.010 0.0 0.0   -0.066 
  14.068 0.0 0.0   -0.067 
  14.119 0.0 0.0   -0.068 
  14.182 0.0 0.0   -0.068 
  14.228 0.0 0.0   -0.067 
  14.284 0.0 0.0   -0.065 
  14.339 0.0 0.0   -0.063 
  14.395 0.0 0.0   -0.059 
  14.450 0.0 0.0   -0.055 
  14.507 0.0 0.0   -0.050 
  14.560 0.0 0.0   -0.044 
  14.710 0.0 0.0   -0.038 
  14.746 0.0 0.0   -0.030 
  14.792 0.0 0.0   -0.022 
  14.848 0.0 0.0   -0.015 
  14.906 0.0 0.0   -0.007 
  14.967 0.0 0.0    0.001 
  15.031 0.0 0.0    0.009 
  15.088 0.0 0.0    0.017 
  15.143 0.0 0.0    0.024 
  15.191 0.0 0.0    0.031 
  15.241 0.0 0.0    0.038 
  15.296 0.0 0.0    0.043 
  15.422 0.0 0.0    0.047 
  15.454 0.0 0.0    0.051 
  15.516 0.0 0.0    0.055 
  15.559 0.0 0.0    0.056 
  15.619 0.0 0.0    0.057 
  15.670 0.0 0.0    0.057 
  15.727 0.0 0.0    0.056 
  15.788 0.0 0.0    0.053 
  15.849 0.0 0.0    0.050 
  15.900 0.0 0.0    0.045 
  15.956 0.0 0.0    0.040 
  16.011 0.0 0.0    0.034 
  16.066 0.0 0.0    0.028 
  16.121 0.0 0.0    0.022 
  16.177 0.0 0.0    0.014 
  16.232 0.0 0.0    0.006 
  16.288 0.0 0.0   -0.001 
  16.343 0.0 0.0   -0.009 
  16.399 0.0 0.0   -0.016 
  16.454 0.0 0.0   -0.024 
  16.510 0.0 0.0   -0.030 
  16.565 0.0 0.0   -0.036 
  16.620 0.0 0.0   -0.041 
  16.675 0.0 0.0   -0.047 
  16.730 0.0 0.0   -0.051 
  16.786 0.0 0.0   -0.054 
  16.840 0.0 0.0   -0.057 
  16.894 0.0 0.0   -0.058 
  16.950 0.0 0.0   -0.059 
  17.005 0.0 0.0   -0.058 
  17.061 0.0 0.0   -0.057 
  17.115 0.0 0.0   -0.055 
  17.171 0.0 0.0   -0.053 
  17.227 0.0 0.0   -0.049 
  17.283 0.0 0.0   -0.044 
  17.338 0.0 0.0   -0.039 
  17.393 0.0 0.0   -0.033 
  17.448 0.0 0.0   -0.027 
  17.503 0.0 0.0   -0.020 
  17.559 0.0 0.0   -0.013 
  17.615 0.0 0.0   -0.006 
  17.670 0.0 0.0    0.001 
  17.725 0.0 0.0    0.009 
  17.782 0.0 0.0    0.015 
  17.836 0.0 0.0    0.021 
  17.891 0.0 0.0    0.027 
  17.947 0.0 0.0    0.032 
  18.002 0.0 0.0    0.037 
  18.056 0.0 0.0    0.040 
  18.111 0.0 0.0    0.044 
  18.166 0.0 0.0    0.047 
  18.221 0.0 0.0    0.048 
  18.276 0.0 0.0    0.049 
  18.331 0.0 0.0    0.050 
  18.389 0.0 0.0    0.049 
  18.442 0.0 0.0    0.048 
  18.497 0.0 0.0    0.046 
  18.553 0.0 0.0    0.043 
  18.610 0.0 0.0    0.040 
  18.665 0.0 0.0    0.035 
  18.720 0.0 0.0    0.030 
  18.775 0.0 0.0    0.025 
  18.831 0.0 0.0    0.020 
  18.886 0.0 0.0    0.013 
  18.941 0.0 0.0    0.007 
  18.997 0.0 0.0    0.000 
  19.052 0.0 0.0   -0.006 
  19.107 0.0 0.0   -0.013 
  19.163 0.0 0.0   -0.020 
  19.218 0.0 0.0   -0.025 
  19.274 0.0 0.0   -0.031 
  19.329 0.0 0.0   -0.036 
  19.384 0.0 0.0   -0.041 
  19.440 0.0 0.0   -0.045 
  19.494 0.0 0.0   -0.048 
  19.549 0.0 0.0   -0.051 
  19.603 0.0 0.0   -0.053 
  19.658 0.0 0.0   -0.054 
  19.714 0.0 0.0   -0.053 
  19.769 0.0 0.0   -0.052 
  19.825 0.0 0.0   -0.050 
  19.880 0.0 0.0   -0.048 
  19.935 0.0 0.0   -0.045 
  19.991 0.0 0.0   -0.041 
  20.047 0.0 0.0   -0.036 
  20.102 0.0 0.0   -0.032 
  20.157 0.0 0.0   -0.026 
  20.213 0.0 0.0   -0.020 
  20.269 0.0 0.0   -0.014 
  20.324 0.0 0.0   -0.008 
  20.379 0.0 0.0   -0.001 
  20.434 0.0 0.0    0.005 
  20.489 0.0 0.0    0.012 
  20.545 0.0 0.0    0.017 
  20.600 0.0 0.0    0.022 
  20.655 0.0 0.0    0.028 
  20.711 0.0 0.0    0.033 
  20.766 0.0 0.0    0.036 
  20.821 0.0 0.0    0.039 
  20.878 0.0 0.0    0.042 
  20.930 0.0 0.0    0.044 
  20.985 0.0 0.0    0.045 
  21.040 0.0 0.0    0.045 
  21.096 0.0 0.0    0.045 
  21.152 0.0 0.0    0.044 
  21.206 0.0 0.0    0.042 
  21.262 0.0 0.0    0.040 
  21.318 0.0 0.0    0.036 
  21.376 0.0 0.0    0.032 
  21.429 0.0 0.0    0.027 
  21.484 0.0 0.0    0.023 
  21.540 0.0 0.0    0.018 
  21.595 0.0 0.0    0.013 
  21.650 0.0 0.0    0.007 
  21.705 0.0 0.0    0.001 
  21.761 0.0 0.0   -0.005 
  21.817 0.0 0.0   -0.011 
  21.872 0.0 0.0   -0.016 
  21.927 0.0 0.0   -0.021 
  21.983 0.0 0.0   -0.026 
  22.038 0.0 0.0   -0.031 
  22.093 0.0 0.0   -0.036 
  22.149 0.0 0.0   -0.040 
  22.203 0.0 0.0   -0.043 
  22.257 0.0 0.0   -0.045 
  22.312 0.0 0.0   -0.046 
  22.367 0.0 0.0   -0.047 
  22.423 0.0 0.0   -0.048 
  22.478 0.0 0.0   -0.047 
  22.534 0.0 0.0   -0.046 
  22.589 0.0 0.0   -0.043 
  22.644 0.0 0.0   -0.040 
  22.700 0.0 0.0   -0.037 
  22.755 0.0 0.0   -0.032 
  22.811 0.0 0.0   -0.028 
  22.866 0.0 0.0   -0.023 
  22.922 0.0 0.0   -0.017 
  22.979 0.0 0.0   -0.011 
  23.033 0.0 0.0   -0.006 
  23.088 0.0 0.0    0.000 
  23.143 0.0 0.0    0.006 
  23.198 0.0 0.0    0.011 
  23.253 0.0 0.0    0.016 
  23.308 0.0 0.0    0.021 
  23.364 0.0 0.0    0.026 
  23.420 0.0 0.0    0.029 
  23.475 0.0 0.0    0.032 
  23.530 0.0 0.0    0.035 
  23.584 0.0 0.0    0.037 
  23.639 0.0 0.0    0.039 
  23.694 0.0 0.0    0.040 
  23.749 0.0 0.0    0.041 
  23.805 0.0 0.0    0.041 
  23.860 0.0 0.0    0.040 
  23.915 0.0 0.0    0.039 
  23.971 0.0 0.0    0.037 
  24.027 0.0 0.0    0.033 
  24.082 0.0 0.0    0.029 
  24.137 0.0 0.0    0.026 
  24.193 0.0 0.0    0.021 
  24.248 0.0 0.0    0.017 
  24.304 0.0 0.0    0.012 
  24.359 0.0 0.0    0.007 
  24.415 0.0 0.0    0.001 
  24.469 0.0 0.0   -0.005 
  24.526 0.0 0.0   -0.010 
  24.581 0.0 0.0   -0.014 
  24.636 0.0 0.0   -0.019 
  24.691 0.0 0.0   -0.024 
  24.746 0.0 0.0   -0.028 
  24.801 0.0 0.0   -0.032 
  24.856 0.0 0.0   -0.036 
  24.911 0.0 0.0   -0.039 
  24.966 0.0 0.0   -0.041 
  25.021 0.0 0.0   -0.042 
  25.076 0.0 0.0   -0.043 
  25.132 0.0 0.0   -0.043 
  25.188 0.0 0.0   -0.042 
  25.243 0.0 0.0   -0.041 
  25.297 0.0 0.0   -0.039 
  25.352 0.0 0.0   -0.036 
  25.408 0.0 0.0   -0.033 
  25.463 0.0 0.0   -0.029 
  25.519 0.0 0.0   -0.025 
  25.575 0.0 0.0   -0.021 
  25.630 0.0 0.0   -0.015 
  25.686 0.0 0.0   -0.010 
  25.741 0.0 0.0   -0.005 
  25.797 0.0 0.0   -0.000 
  25.852 0.0 0.0    0.005 
  25.907 0.0 0.0    0.010 
  25.962 0.0 0.0    0.014 
  26.017 0.0 0.0    0.018 
  26.073 0.0 0.0    0.023 
  26.128 0.0 0.0    0.027 
  26.183 0.0 0.0    0.029 
  26.238 0.0 0.0    0.031 
  26.293 0.0 0.0    0.034 
  26.347 0.0 0.0    0.035 
  26.403 0.0 0.0    0.037 
  26.458 0.0 0.0    0.037 
  26.514 0.0 0.0    0.037 
  26.569 0.0 0.0    0.036 
  26.624 0.0 0.0    0.035 
  26.679 0.0 0.0    0.032 
  26.734 0.0 0.0    0.030 
  26.790 0.0 0.0    0.026 
  26.846 0.0 0.0    0.023 
  26.901 0.0 0.0    0.019 
  26.957 0.0 0.0    0.015 
  27.013 0.0 0.0    0.010 
  27.068 0.0 0.0    0.005 
  27.123 0.0 0.0    0.000 
  27.178 0.0 0.0   -0.004 
  27.233 0.0 0.0   -0.009 
  27.289 0.0 0.0   -0.014 
  27.344 0.0 0.0   -0.018 
  27.400 0.0 0.0   -0.022 
  27.454 0.0 0.0   -0.026 
  27.511 0.0 0.0   -0.030 
  27.633 0.0 0.0   -0.033 
  27.665 0.0 0.0   -0.035 
  27.714 0.0 0.0   -0.037 
  27.771 0.0 0.0   -0.038 
  27.831 0.0 0.0   -0.038 
  27.894 0.0 0.0   -0.038 
  27.952 0.0 0.0   -0.038 
  28.006 0.0 0.0   -0.036 
  28.061 0.0 0.0   -0.034 
  28.116 0.0 0.0   -0.031 
  28.172 0.0 0.0   -0.028 
  28.227 0.0 0.0   -0.024 
  28.284 0.0 0.0   -0.019 
  28.341 0.0 0.0   -0.014 
  28.395 0.0 0.0   -0.009 
  28.450 0.0 0.0   -0.004 
  28.505 0.0 0.0    0.001 
  28.560 0.0 0.0    0.006 
  28.615 0.0 0.0    0.010 
  28.671 0.0 0.0    0.014 
  28.726 0.0 0.0    0.018 
  28.781 0.0 0.0    0.021 
  28.836 0.0 0.0    0.025 
  28.891 0.0 0.0    0.027 
  28.946 0.0 0.0    0.030 
  29.002 0.0 0.0    0.032 
  29.056 0.0 0.0    0.033 
  29.111 0.0 0.0    0.034 
  29.167 0.0 0.0    0.034 
  29.223 0.0 0.0    0.034 
  29.278 0.0 0.0    0.033 
  29.332 0.0 0.0    0.032 
  29.387 0.0 0.0    0.029 
  29.443 0.0 0.0    0.027 
  29.499 0.0 0.0    0.024 
  29.556 0.0 0.0    0.020 
  29.610 0.0 0.0    0.016 
  29.666 0.0 0.0    0.012 
  29.722 0.0 0.0    0.009 
  29.776 0.0 0.0    0.005 
  29.831 0.0 0.0    0.001 
  29.887 0.0 0.0   -0.004 
  29.942 0.0 0.0   -0.008 
  29.998 0.0 0.0   -0.013 
  30.053 0.0 0.0   -0.017 
  30.108 0.0 0.0   -0.020 
  30.163 0.0 0.0   -0.024 
  30.218 0.0 0.0   -0.027 
  30.273 0.0 0.0   -0.030 
  30.328 0.0 0.0   -0.033 
  30.383 0.0 0.0   -0.034 
  30.438 0.0 0.0   -0.035 
  30.494 0.0 0.0   -0.035 
  30.550 0.0 0.0   -0.035 
  30.606 0.0 0.0   -0.035 
  30.660 0.0 0.0   -0.034 
  30.715 0.0 0.0   -0.031 
  30.772 0.0 0.0   -0.029 
  30.826 0.0 0.0   -0.026 
  30.882 0.0 0.0   -0.023 
  30.938 0.0 0.0   -0.020 
  30.993 0.0 0.0   -0.015 
  31.049 0.0 0.0   -0.010 
  31.105 0.0 0.0   -0.006 
  31.160 0.0 0.0   -0.002 
  31.215 0.0 0.0    0.003 
  31.270 0.0 0.0    0.007 
  31.325 0.0 0.0    0.011 
  31.380 0.0 0.0    0.014 
  31.435 0.0 0.0    0.018 
  31.491 0.0 0.0    0.022 
  31.546 0.0 0.0    0.024 
  31.602 0.0 0.0    0.026 
  31.655 0.0 0.0    0.029 
  31.710 0.0 0.0    0.031 
  31.766 0.0 0.0    0.032 
  31.821 0.0 0.0    0.032 
  31.877 0.0 0.0    0.032 
  31.933 0.0 0.0    0.032 
  31.987 0.0 0.0    0.031 
  32.043 0.0 0.0    0.029 
  32.097 0.0 0.0    0.028 
  32.153 0.0 0.0    0.025 
  32.209 0.0 0.0    0.021 
  32.265 0.0 0.0    0.018 
  32.320 0.0 0.0    0.014 
  32.376 0.0 0.0    0.011 
  32.431 0.0 0.0    0.007 
  32.487 0.0 0.0    0.004 
  32.542 0.0 0.0   -0.000 
  32.597 0.0 0.0   -0.005 
  32.653 0.0 0.0   -0.009 
  32.708 0.0 0.0   -0.013 
  32.763 0.0 0.0   -0.017 
  32.819 0.0 0.0   -0.020 
  32.873 0.0 0.0   -0.023 
  32.928 0.0 0.0   -0.026 
  32.983 0.0 0.0   -0.029 
  33.038 0.0 0.0   -0.031 
  33.093 0.0 0.0   -0.032 
  33.149 0.0 0.0   -0.033 
  33.204 0.0 0.0   -0.033 
  33.260 0.0 0.0   -0.033 
  33.315 0.0 0.0   -0.032 
  33.373 0.0 0.0   -0.030 
  33.425 0.0 0.0   -0.028 
  33.480 0.0 0.0   -0.026 
  33.535 0.0 0.0   -0.023 
  33.591 0.0 0.0   -0.020 
  33.647 0.0 0.0   -0.017 
  33.703 0.0 0.0   -0.014 
  33.759 0.0 0.0   -0.009 
  33.813 0.0 0.0   -0.005 
  33.869 0.0 0.0   -0.000 
  33.923 0.0 0.0    0.004 
  33.979 0.0 0.0    0.007 
  34.034 0.0 0.0    0.011 
  34.089 0.0 0.0    0.014 
  34.144 0.0 0.0    0.018 
  34.200 0.0 0.0    0.021 
  34.255 0.0 0.0    0.023 
  34.309 0.0 0.0    0.025 
  34.365 0.0 0.0    0.026 
  34.419 0.0 0.0    0.027 
  34.474 0.0 0.0    0.028 
  34.531 0.0 0.0    0.029 
  34.586 0.0 0.0    0.028 
  34.642 0.0 0.0    0.028 
  34.697 0.0 0.0    0.027 
  34.752 0.0 0.0    0.025 
  34.807 0.0 0.0    0.023 
  34.863 0.0 0.0    0.021 
  34.919 0.0 0.0    0.018 
  34.974 0.0 0.0    0.014 
  35.029 0.0 0.0    0.011 
  35.084 0.0 0.0    0.008 
  35.140 0.0 0.0    0.005 
  35.196 0.0 0.0    0.002 
  35.251 0.0 0.0   -0.002 
  35.306 0.0 0.0   -0.007 
  35.361 0.0 0.0   -0.010 
  35.416 0.0 0.0   -0.014 
  35.472 0.0 0.0   -0.017 
  35.528 0.0 0.0   -0.020 
  35.581 0.0 0.0   -0.023 
  35.636 0.0 0.0   -0.026 
  35.691 0.0 0.0   -0.028 
  35.746 0.0 0.0   -0.030 
  35.801 0.0 0.0   -0.031 
  35.857 0.0 0.0   -0.031 
  35.913 0.0 0.0   -0.031 
  35.969 0.0 0.0   -0.030 
  36.023 0.0 0.0   -0.029 
  36.078 0.0 0.0   -0.027 
  36.133 0.0 0.0   -0.025 
  36.188 0.0 0.0   -0.023 
  36.244 0.0 0.0   -0.020 
  36.300 0.0 0.0   -0.017 
  36.356 0.0 0.0   -0.014 
  36.411 0.0 0.0   -0.010 
  36.467 0.0 0.0   -0.006 
  36.523 0.0 0.0   -0.001 
  36.577 0.0 0.0    0.002 
  36.633 0.0 0.0    0.005 
  36.687 0.0 0.0    0.008 
  36.742 0.0 0.0    0.012 
  36.798 0.0 0.0    0.015 
  36.852 0.0 0.0    0.018 
  36.908 0.0 0.0    0.021 
  36.963 0.0 0.0    0.022 
  37.018 0.0 0.0    0.024 
  37.073 0.0 0.0    0.025 
  37.129 0.0 0.0    0.026 
  37.183 0.0 0.0    0.026 
  37.239 0.0 0.0    0.026 
  37.294 0.0 0.0    0.026 
  37.350 0.0 0.0    0.025 
  37.405 0.0 0.0    0.024 
  37.460 0.0 0.0    0.023 
  37.515 0.0 0.0    0.021 
  37.571 0.0 0.0    0.018 
  37.626 0.0 0.0    0.016 
  37.682 0.0 0.0    0.012 
  37.739 0.0 0.0    0.009 
  37.793 0.0 0.0    0.007 
  37.849 0.0 0.0    0.004 
  37.903 0.0 0.0    0.001 
  37.959 0.0 0.0   -0.003 
  38.014 0.0 0.0   -0.007 
  38.069 0.0 0.0   -0.010 
  38.125 0.0 0.0   -0.014 
  38.180 0.0 0.0   -0.017 
  38.234 0.0 0.0   -0.020 
  38.290 0.0 0.0   -0.022 
  38.345 0.0 0.0   -0.025 
  38.400 0.0 0.0   -0.027 
  38.455 0.0 0.0   -0.029 
  38.510 0.0 0.0   -0.030 
  38.565 0.0 0.0   -0.031 
  38.622 0.0 0.0   -0.030 
  38.677 0.0 0.0   -0.029 
  38.732 0.0 0.0   -0.027 
  38.787 0.0 0.0   -0.025 
  38.842 0.0 0.0   -0.023 
  38.897 0.0 0.0   -0.020 
  38.954 0.0 0.0   -0.018 
  39.009 0.0 0.0   -0.015 
  39.065 0.0 0.0   -0.012 
  39.120 0.0 0.0   -0.007 
  39.176 0.0 0.0   -0.003 
  39.231 0.0 0.0    0.001 
  39.286 0.0 0.0    0.003 
  39.341 0.0 0.0    0.006 
  39.396 0.0 0.0    0.009 
  39.452 0.0 0.0    0.013 
  39.507 0.0 0.0    0.016 
  39.562 0.0 0.0    0.018 
  39.617 0.0 0.0    0.021 
  39.672 0.0 0.0    0.022 
  39.727 0.0 0.0    0.023 
  39.782 0.0 0.0    0.024 
  39.837 0.0 0.0    0.025 
  39.893 0.0 0.0    0.025 
  39.949 0.0 0.0    0.025 
  40.004 0.0 0.0    0.024 
  40.059 0.0 0.0    0.023 
  40.114 0.0 0.0    0.023 
  40.169 0.0 0.0    0.021 
  40.225 0.0 0.0    0.019 
  40.280 0.0 0.0    0.017 
  40.336 0.0 0.0    0.014 
  40.391 0.0 0.0    0.011 
  40.447 0.0 0.0    0.008 
  40.503 0.0 0.0    0.006 
  40.558 0.0 0.0    0.003 
  40.613 0.0 0.0   -0.001 
  40.668 0.0 0.0   -0.005 
  40.724 0.0 0.0   -0.009 
  40.779 0.0 0.0   -0.012 
  40.834 0.0 0.0   -0.015 
  40.889 0.0 0.0   -0.018 
  40.944 0.0 0.0   -0.020 
  40.999 0.0 0.0   -0.023 
  41.054 0.0 0.0   -0.025 
  41.110 0.0 0.0   -0.027 
  41.164 0.0 0.0   -0.028 
  41.220 0.0 0.0   -0.029 
  41.276 0.0 0.0   -0.028 
  41.332 0.0 0.0   -0.027 
  41.385 0.0 0.0   -0.026 
  41.441 0.0 0.0   -0.024 
  41.496 0.0 0.0   -0.022 
  41.551 0.0 0.0   -0.019 
  41.607 0.0 0.0   -0.017 
  41.662 0.0 0.0   -0.014 
  41.718 0.0 0.0   -0.011 
  41.774 0.0 0.0   -0.007 
  41.829 0.0 0.0   -0.003 
  41.885 0.0 0.0    0.000 
  41.940 0.0 0.0    0.003 
  41.995 0.0 0.0    0.006 
  42.050 0.0 0.0    0.008 
  42.105 0.0 0.0    0.011 
  42.160 0.0 0.0    0.014 
  42.215 0.0 0.0    0.016 
  42.270 0.0 0.0    0.019 
  42.325 0.0 0.0    0.020 
  42.379 0.0 0.0    0.021 
  42.435 0.0 0.0    0.022 
  42.491 0.0 0.0    0.022 
  42.546 0.0 0.0    0.023 
  42.603 0.0 0.0    0.023 
  42.657 0.0 0.0    0.023 
  42.713 0.0 0.0    0.023 
  42.767 0.0 0.0    0.022 
  42.823 0.0 0.0    0.021 
  42.878 0.0 0.0    0.019 
  42.934 0.0 0.0    0.017 
  42.989 0.0 0.0    0.014 
  43.044 0.0 0.0    0.011 
  43.100 0.0 0.0    0.009 
  43.155 0.0 0.0    0.006 
  43.211 0.0 0.0    0.003 
  43.266 0.0 0.0    0.001 
  43.321 0.0 0.0   -0.003 
  43.377 0.0 0.0   -0.007 
  43.432 0.0 0.0   -0.010 
  43.487 0.0 0.0   -0.013 
  43.542 0.0 0.0   -0.015 
  43.597 0.0 0.0   -0.017 
  43.652 0.0 0.0   -0.020 
  43.707 0.0 0.0   -0.022 
  43.763 0.0 0.0   -0.025 
  43.818 0.0 0.0   -0.027 
  43.873 0.0 0.0   -0.027 
  43.929 0.0 0.0   -0.027 
  43.984 0.0 0.0   -0.026 
  44.041 0.0 0.0   -0.025 
  44.095 0.0 0.0   -0.023 
  44.150 0.0 0.0   -0.021 
  44.206 0.0 0.0   -0.020 
  44.260 0.0 0.0   -0.017 
  44.317 0.0 0.0   -0.015 
  44.371 0.0 0.0   -0.012 
  44.427 0.0 0.0   -0.008 
  44.482 0.0 0.0   -0.006 
  44.540 0.0 0.0   -0.002 
  44.593 0.0 0.0    0.001 
  44.648 0.0 0.0    0.003 
  44.703 0.0 0.0    0.006 
  44.759 0.0 0.0    0.009 
  44.814 0.0 0.0    0.011 
  44.868 0.0 0.0    0.014 
  44.926 0.0 0.0    0.016 
  44.979 0.0 0.0    0.017 
  45.034 0.0 0.0    0.019 
  45.089 0.0 0.0    0.020 
  45.146 0.0 0.0    0.021 
  45.201 0.0 0.0    0.021 
  45.257 0.0 0.0    0.021 
  45.313 0.0 0.0    0.021 
  45.368 0.0 0.0    0.021 
  45.423 0.0 0.0    0.020 
  45.477 0.0 0.0    0.020 
  45.533 0.0 0.0    0.018 
  45.588 0.0 0.0    0.016 
  45.644 0.0 0.0    0.013 
  45.699 0.0 0.0    0.011 
  45.755 0.0 0.0    0.008 
  45.810 0.0 0.0    0.006 
  45.866 0.0 0.0    0.004 
  45.920 0.0 0.0    0.001 
  45.976 0.0 0.0   -0.002 
  46.031 0.0 0.0   -0.006 
  46.087 0.0 0.0   -0.009 
  46.142 0.0 0.0   -0.011 
  46.197 0.0 0.0   -0.014 
  46.252 0.0 0.0   -0.016 
  46.307 0.0 0.0   -0.018 
  46.362 0.0 0.0   -0.020 
  46.417 0.0 0.0   -0.023 
  46.473 0.0 0.0   -0.024 
  46.528 0.0 0.0   -0.026 
  46.584 0.0 0.0   -0.026 
  46.639 0.0 0.0   -0.025 
  46.695 0.0 0.0   -0.024 
  46.750 0.0 0.0   -0.022 
  46.805 0.0 0.0   -0.020 
  46.860 0.0 0.0   -0.018 
  46.915 0.0 0.0   -0.016 
  46.970 0.0 0.0   -0.014 
  47.026 0.0 0.0   -0.011 
  47.081 0.0 0.0   -0.008 
  47.137 0.0 0.0   -0.005 
  47.192 0.0 0.0   -0.001 
  47.248 0.0 0.0    0.001 
  47.303 0.0 0.0    0.004 
  47.358 0.0 0.0    0.006 
  47.413 0.0 0.0    0.009 
  47.469 0.0 0.0    0.011 
  47.523 0.0 0.0    0.014 
  47.580 0.0 0.0    0.016 
  47.634 0.0 0.0    0.017 
  47.690 0.0 0.0    0.018 
  47.744 0.0 0.0    0.018 
  47.799 0.0 0.0    0.019 
  47.855 0.0 0.0    0.019 
  47.911 0.0 0.0    0.019 
  47.966 0.0 0.0    0.019 
  48.022 0.0 0.0    0.019 
  48.077 0.0 0.0    0.019 
  48.132 0.0 0.0    0.018 
  48.187 0.0 0.0    0.017 
  48.242 0.0 0.0    0.015 
  48.298 0.0 0.0    0.013 
  48.353 0.0 0.0    0.011 
  48.409 0.0 0.0    0.008 
  48.465 0.0 0.0    0.006 
  48.520 0.0 0.0    0.004 
  48.574 0.0 0.0    0.001 
  48.630 0.0 0.0   -0.001 
  48.685 0.0 0.0   -0.004 
  48.741 0.0 0.0   -0.007 
  48.796 0.0 0.0   -0.009 
  48.851 0.0 0.0   -0.011 
  48.907 0.0 0.0   -0.014 
  48.961 0.0 0.0   -0.016 
  49.016 0.0 0.0   -0.018 
  49.071 0.0 0.0   -0.020 
  49.127 0.0 0.0   -0.022 
  49.182 0.0 0.0   -0.024 
  49.237 0.0 0.0   -0.024 
  49.294 0.0 0.0   -0.024 
  49.349 0.0 0.0   -0.022 
  49.405 0.0 0.0   -0.021 
  49.459 0.0 0.0   -0.019 
  49.514 0.0 0.0   -0.017 
  49.569 0.0 0.0   -0.015 
  49.625 0.0 0.0   -0.013 
  49.680 0.0 0.0   -0.011 
  49.736 0.0 0.0   -0.008 
  49.791 0.0 0.0   -0.005 
  49.846 0.0 0.0   -0.002 
  49.901 0.0 0.0    0.000 
  49.957 0.0 0.0    0.003 
  50.012 0.0 0.0    0.006 
  50.068 0.0 0.0    0.008 
  50.122 0.0 0.0    0.011 
  50.177 0.0 0.0    0.013 
  50.234 0.0 0.0    0.015 
  50.287 0.0 0.0    0.017 
  50.343 0.0 0.0    0.018 
  50.398 0.0 0.0    0.019 
  50.453 0.0 0.0    0.019 
  50.508 0.0 0.0    0.019 
  50.565 0.0 0.0    0.019 
  50.620 0.0 0.0    0.019 
  50.676 0.0 0.0    0.019 
  50.731 0.0 0.0    0.019 
  50.785 0.0 0.0    0.018 
  50.841 0.0 0.0    0.016 
  50.896 0.0 0.0    0.014 
  50.951 0.0 0.0    0.012 
  51.008 0.0 0.0    0.010 
  51.063 0.0 0.0    0.008 
  51.118 0.0 0.0    0.006 
  51.175 0.0 0.0    0.003 
  51.229 0.0 0.0    0.001 
  51.284 0.0 0.0   -0.001 
  51.339 0.0 0.0   -0.003 
  51.394 0.0 0.0   -0.006 
  51.451 0.0 0.0   -0.008 
  51.506 0.0 0.0   -0.010 
  51.561 0.0 0.0   -0.012 
  51.615 0.0 0.0   -0.014 
  51.671 0.0 0.0   -0.016 
  51.726 0.0 0.0   -0.018 
  51.782 0.0 0.0   -0.020 
  51.837 0.0 0.0   -0.021 
  51.893 0.0 0.0   -0.022 
  51.948 0.0 0.0   -0.021 
  52.004 0.0 0.0   -0.020 
  52.059 0.0 0.0   -0.019 
  52.113 0.0 0.0   -0.018 
  52.168 0.0 0.0   -0.016 
  52.223 0.0 0.0   -0.014 
  52.279 0.0 0.0   -0.013 
  52.334 0.0 0.0   -0.011 
  52.390 0.0 0.0   -0.008 
  52.445 0.0 0.0   -0.007 
  52.501 0.0 0.0   -0.004 
  52.556 0.0 0.0   -0.001 
  52.612 0.0 0.0    0.001 
  52.666 0.0 0.0    0.004 
  52.722 0.0 0.0    0.007 
  52.777 0.0 0.0    0.009 
  52.832 0.0 0.0    0.011 
  52.887 0.0 0.0    0.013 
  52.942 0.0 0.0    0.015 
  52.998 0.0 0.0    0.017 
  53.052 0.0 0.0    0.017 
  53.108 0.0 0.0    0.018 
  53.163 0.0 0.0    0.018 
  53.219 0.0 0.0    0.018 
  53.275 0.0 0.0    0.018 
  53.330 0.0 0.0    0.017 
  53.386 0.0 0.0    0.017 
  53.441 0.0 0.0    0.017 
  53.495 0.0 0.0    0.016 
  53.551 0.0 0.0    0.014 
  53.606 0.0 0.0    0.012 
  53.662 0.0 0.0    0.010 
  53.718 0.0 0.0    0.008 
  53.773 0.0 0.0    0.006 
  53.828 0.0 0.0    0.004 
  53.884 0.0 0.0    0.002 
  53.938 0.0 0.0   -0.000 
  53.993 0.0 0.0   -0.003 
  54.049 0.0 0.0   -0.005 
  54.105 0.0 0.0   -0.007 
  54.160 0.0 0.0   -0.009 
  54.216 0.0 0.0   -0.011 
  54.271 0.0 0.0   -0.013 
  54.325 0.0 0.0   -0.015 
  54.380 0.0 0.0   -0.016 
  54.436 0.0 0.0   -0.018 
  54.492 0.0 0.0   -0.019 
  54.548 0.0 0.0   -0.020 
  54.602 0.0 0.0   -0.020 
  54.658 0.0 0.0   -0.019 
  54.714 0.0 0.0   -0.018 
  54.769 0.0 0.0   -0.017 
  54.823 0.0 0.0   -0.015 
  54.879 0.0 0.0   -0.013 
  54.933 0.0 0.0   -0.012 
  54.989 0.0 0.0   -0.009 
  55.044 0.0 0.0   -0.007 
  55.100 0.0 0.0   -0.006 
  55.155 0.0 0.0   -0.003 
  55.211 0.0 0.0   -0.001 
  55.266 0.0 0.0    0.002 
  55.321 0.0 0.0    0.004 
  55.376 0.0 0.0    0.007 
  55.431 0.0 0.0    0.009 
  55.487 0.0 0.0    0.011 
  55.541 0.0 0.0    0.013 
  55.597 0.0 0.0    0.015 
  55.652 0.0 0.0    0.017 
  55.708 0.0 0.0    0.017 
  55.762 0.0 0.0    0.017 
  55.818 0.0 0.0    0.017 
  55.875 0.0 0.0    0.018 
  55.929 0.0 0.0    0.018 
  55.985 0.0 0.0    0.018 
  56.040 0.0 0.0    0.016 
  56.095 0.0 0.0    0.016 
  56.150 0.0 0.0    0.015 
  56.205 0.0 0.0    0.013 
  56.260 0.0 0.0    0.011 
  56.316 0.0 0.0    0.009 
  56.371 0.0 0.0    0.007 
  56.427 0.0 0.0    0.005 
  56.483 0.0 0.0    0.003 
  56.538 0.0 0.0    0.001 
  56.592 0.0 0.0   -0.000 
  56.647 0.0 0.0   -0.003 
  56.703 0.0 0.0   -0.004 
  56.759 0.0 0.0   -0.005 
  56.813 0.0 0.0   -0.007 
  56.868 0.0 0.0   -0.008 
  56.924 0.0 0.0   -0.010 
  56.980 0.0 0.0   -0.011 
  57.035 0.0 0.0   -0.013 
  57.090 0.0 0.0   -0.015 
  57.146 0.0 0.0   -0.016 
  57.201 0.0 0.0   -0.016 
  57.256 0.0 0.0   -0.017 
  57.312 0.0 0.0   -0.017 
  57.368 0.0 0.0   -0.017 
  57.424 0.0 0.0   -0.016 
  57.478 0.0 0.0   -0.015 
  57.533 0.0 0.0   -0.014 
  57.588 0.0 0.0   -0.012 
  57.643 0.0 0.0   -0.010 
  57.698 0.0 0.0   -0.008 
  57.753 0.0 0.0   -0.006 
  57.809 0.0 0.0   -0.004 
  57.864 0.0 0.0   -0.001 
  57.919 0.0 0.0    0.002 
  57.975 0.0 0.0    0.004 
  58.030 0.0 0.0    0.007 
  58.085 0.0 0.0    0.009 
  58.140 0.0 0.0    0.011 
  58.195 0.0 0.0    0.013 
  58.250 0.0 0.0    0.014 
  58.306 0.0 0.0    0.015 
  58.361 0.0 0.0    0.016 
  58.416 0.0 0.0    0.017 
  58.472 0.0 0.0    0.017 
  58.527 0.0 0.0    0.017 
  58.583 0.0 0.0    0.017 
  58.639 0.0 0.0    0.017 
  58.694 0.0 0.0    0.017 
  58.749 0.0 0.0    0.015 
  58.804 0.0 0.0    0.014 
  58.859 0.0 0.0    0.013 
  58.914 0.0 0.0    0.011 
  58.970 0.0 0.0    0.009 
  59.025 0.0 0.0    0.007 
  59.080 0.0 0.0    0.005 
  59.136 0.0 0.0    0.003 
  59.192 0.0 0.0    0.001 
  59.246 0.0 0.0   -0.001 
  59.301 0.0 0.0   -0.002 
  59.357 0.0 0.0   -0.004 
  59.412 0.0 0.0   -0.005 
  59.468 0.0 0.0   -0.006 
  59.523 0.0 0.0   -0.007 
  59.578 0.0 0.0   -0.009 
  59.633 0.0 0.0   -0.011 
  59.689 0.0 0.0   -0.012 
  59.744 0.0 0.0   -0.013 
  59.799 0.0 0.0   -0.015 
  59.855 0.0 0.0   -0.016 
  59.910 0.0 0.0   -0.017 
  59.966 0.0 0.0   -0.017 
  60.021 0.0 0.0   -0.016 
  60.078 0.0 0.0   -0.016 
  60.131 0.0 0.0   -0.015 
  60.186 0.0 0.0   -0.014 
  60.241 0.0 0.0   -0.012 
  60.297 0.0 0.0   -0.010 
  60.352 0.0 0.0   -0.008 
  60.407 0.0 0.0   -0.007 
  60.463 0.0 0.0   -0.004 
  60.518 0.0 0.0   -0.001 
  60.574 0.0 0.0    0.001 
  60.629 0.0 0.0    0.004 
  60.684 0.0 0.0    0.006 
  60.739 0.0 0.0    0.008 
  60.796 0.0 0.0    0.011 
  60.849 0.0 0.0    0.013 
  60.905 0.0 0.0    0.014 
  60.959 0.0 0.0    0.016 
  61.015 0.0 0.0    0.017 
  61.070 0.0 0.0    0.017 
  61.126 0.0 0.0    0.017 
  61.182 0.0 0.0    0.017 
  61.237 0.0 0.0    0.017 
  61.293 0.0 0.0    0.017 
  61.349 0.0 0.0    0.017 
  61.404 0.0 0.0    0.016 
  61.458 0.0 0.0    0.015 
  61.514 0.0 0.0    0.013 
  61.568 0.0 0.0    0.011 
  61.624 0.0 0.0    0.009 
  61.679 0.0 0.0    0.007 
  61.735 0.0 0.0    0.005 
  61.790 0.0 0.0    0.003 
  61.844 0.0 0.0    0.001 
  61.900 0.0 0.0   -0.001 
  61.955 0.0 0.0   -0.003 
  62.011 0.0 0.0   -0.004 
  62.066 0.0 0.0   -0.005 
  62.122 0.0 0.0   -0.006 
  62.176 0.0 0.0   -0.007 
  62.232 0.0 0.0   -0.008 
  62.287 0.0 0.0   -0.009 
  62.343 0.0 0.0   -0.010 
  62.398 0.0 0.0   -0.012 
  62.454 0.0 0.0   -0.012 
  62.509 0.0 0.0   -0.012 
  62.565 0.0 0.0   -0.012 
  62.620 0.0 0.0   -0.012 
  62.676 0.0 0.0   -0.012 
  62.731 0.0 0.0   -0.012 
  62.786 0.0 0.0   -0.011 
  62.841 0.0 0.0   -0.010 
  62.895 0.0 0.0   -0.009 
  62.951 0.0 0.0   -0.007 
  63.006 0.0 0.0   -0.006 
  63.062 0.0 0.0   -0.005 
  63.116 0.0 0.0   -0.003 
  63.173 0.0 0.0   -0.000 
  63.227 0.0 0.0    0.002 
  63.282 0.0 0.0    0.004 
  63.339 0.0 0.0    0.007 
  63.393 0.0 0.0    0.009 
  63.448 0.0 0.0    0.011 
  63.503 0.0 0.0    0.013 
  63.558 0.0 0.0    0.014 
  63.613 0.0 0.0    0.016 
  63.669 0.0 0.0    0.016 
  63.725 0.0 0.0    0.017 
  63.780 0.0 0.0    0.017 
  63.836 0.0 0.0    0.017 
  63.891 0.0 0.0    0.016 
  63.947 0.0 0.0    0.016 
  64.002 0.0 0.0    0.016 
  64.057 0.0 0.0    0.016 
  64.112 0.0 0.0    0.015 
  64.167 0.0 0.0    0.013 
  64.222 0.0 0.0    0.011 
  64.278 0.0 0.0    0.009 
  64.333 0.0 0.0    0.007 
  64.388 0.0 0.0    0.005 
  64.444 0.0 0.0    0.003 
  64.499 0.0 0.0    0.001 
  64.554 0.0 0.0   -0.001 
  64.609 0.0 0.0   -0.003 
  64.664 0.0 0.0   -0.004 
  64.720 0.0 0.0   -0.005 
  64.776 0.0 0.0   -0.006 
  64.831 0.0 0.0   -0.007 
  64.886 0.0 0.0   -0.007 
  64.941 0.0 0.0   -0.008 
  64.997 0.0 0.0   -0.008 
  65.052 0.0 0.0   -0.009 
  65.107 0.0 0.0   -0.009 
  65.164 0.0 0.0   -0.009 
  65.219 0.0 0.0   -0.009 
  65.275 0.0 0.0   -0.009 
  65.330 0.0 0.0   -0.009 
  65.385 0.0 0.0   -0.009 
  65.440 0.0 0.0   -0.009 
  65.494 0.0 0.0   -0.008 
  65.550 0.0 0.0   -0.007 
  65.657 0.0 0.0   -0.007 
  65.690 0.0 0.0   -0.006 
  65.739 0.0 0.0   -0.005 
  65.796 0.0 0.0   -0.003 
  65.859 0.0 0.0   -0.002 
  65.990 0.0 0.0    0.000 
  66.026 0.0 0.0    0.003 
  66.071 0.0 0.0    0.005 
  66.129 0.0 0.0    0.007 
  66.192 0.0 0.0    0.009 
  66.253 0.0 0.0    0.011 
  66.308 0.0 0.0    0.013 
  66.363 0.0 0.0    0.014 
  66.419 0.0 0.0    0.015 
  66.474 0.0 0.0    0.016 
  66.532 0.0 0.0    0.016 
  66.587 0.0 0.0    0.016 
  66.641 0.0 0.0    0.017 
  66.696 0.0 0.0    0.016 
  66.751 0.0 0.0    0.015 
  66.806 0.0 0.0    0.014 
  66.861 0.0 0.0    0.012 
  66.916 0.0 0.0    0.010 
  66.972 0.0 0.0    0.008 
  67.028 0.0 0.0    0.006 
  67.082 0.0 0.0    0.004 
  67.138 0.0 0.0    0.002 
  67.193 0.0 0.0   -0.000 
  67.248 0.0 0.0   -0.002 
  67.304 0.0 0.0   -0.003 
  67.359 0.0 0.0   -0.004 
  67.415 0.0 0.0   -0.005 
  67.470 0.0 0.0   -0.006 
  67.525 0.0 0.0   -0.006 
  67.580 0.0 0.0   -0.007 
  67.635 0.0 0.0   -0.007 
  67.691 0.0 0.0   -0.008 
  67.746 0.0 0.0   -0.008 
  67.802 0.0 0.0   -0.008 
  67.858 0.0 0.0   -0.008 
  67.913 0.0 0.0   -0.008 
  67.968 0.0 0.0   -0.008 
  68.023 0.0 0.0   -0.008 
  68.079 0.0 0.0   -0.008 
  68.133 0.0 0.0   -0.007 
  68.188 0.0 0.0   -0.007 
  68.244 0.0 0.0   -0.007 
  68.299 0.0 0.0   -0.006 
  68.354 0.0 0.0   -0.005 
  68.409 0.0 0.0   -0.004 
  68.465 0.0 0.0   -0.002 
  68.520 0.0 0.0    0.000 
  68.576 0.0 0.0    0.003 
  68.631 0.0 0.0    0.005 
  68.686 0.0 0.0    0.007 
  68.741 0.0 0.0    0.009 
  68.796 0.0 0.0    0.011 
  68.852 0.0 0.0    0.013 
  68.907 0.0 0.0    0.014 
  68.962 0.0 0.0    0.015 
  69.017 0.0 0.0    0.016 
  69.073 0.0 0.0    0.016 
  69.129 0.0 0.0    0.016 
  69.184 0.0 0.0    0.016 
  69.239 0.0 0.0    0.016 
  69.295 0.0 0.0    0.016 
  69.350 0.0 0.0    0.016 
  69.406 0.0 0.0    0.014 
  69.461 0.0 0.0    0.013 
  69.516 0.0 0.0    0.011 
  69.571 0.0 0.0    0.010 
  69.626 0.0 0.0    0.008 
  69.681 0.0 0.0    0.006 
  69.737 0.0 0.0    0.004 
  69.792 0.0 0.0    0.002 
  69.847 0.0 0.0    0.000 
  69.903 0.0 0.0   -0.002 
  69.958 0.0 0.0   -0.003 
  70.013 0.0 0.0   -0.003 
  70.068 0.0 0.0   -0.004 
  70.124 0.0 0.0   -0.005 
  70.180 0.0 0.0   -0.005 
  70.235 0.0 0.0   -0.006 
  70.290 0.0 0.0   -0.006 
  70.345 0.0 0.0   -0.007 
  70.401 0.0 0.0   -0.007 
  70.456 0.0 0.0   -0.007 
  70.511 0.0 0.0   -0.007 
  70.567 0.0 0.0   -0.007 
  70.623 0.0 0.0   -0.008 
  70.678 0.0 0.0   -0.008 
  70.733 0.0 0.0   -0.007 
  70.788 0.0 0.0   -0.007 
  70.842 0.0 0.0   -0.007 
  70.898 0.0 0.0   -0.006 
  70.953 0.0 0.0   -0.006 
  71.010 0.0 0.0   -0.005 
  71.068 0.0 0.0   -0.004 
  71.124 0.0 0.0   -0.004 
  71.176 0.0 0.0   -0.003 
  71.231 0.0 0.0   -0.001 
  71.286 0.0 0.0    0.001 
  71.345 0.0 0.0    0.003 
  71.396 0.0 0.0    0.005 
  71.451 0.0 0.0    0.007 
  71.506 0.0 0.0    0.010 
  71.561 0.0 0.0    0.011 
  71.616 0.0 0.0    0.013 
  71.671 0.0 0.0    0.014 
  71.727 0.0 0.0    0.016 
  71.783 0.0 0.0    0.016 
  71.838 0.0 0.0    0.016 
  71.893 0.0 0.0    0.016 
  71.949 0.0 0.0    0.016 
  72.005 0.0 0.0    0.016 
  72.060 0.0 0.0    0.015 
  72.115 0.0 0.0    0.014 
  72.169 0.0 0.0    0.012 
  72.225 0.0 0.0    0.010 
  72.281 0.0 0.0    0.009 
  72.336 0.0 0.0    0.007 
  72.390 0.0 0.0    0.005 
  72.446 0.0 0.0    0.003 
  72.501 0.0 0.0    0.001 
  72.556 0.0 0.0   -0.001 
  72.611 0.0 0.0   -0.002 
  72.667 0.0 0.0   -0.004 
  72.723 0.0 0.0   -0.004 
  72.778 0.0 0.0   -0.005 
  72.833 0.0 0.0   -0.005 
  72.888 0.0 0.0   -0.006 
  72.944 0.0 0.0   -0.006 
  72.999 0.0 0.0   -0.007 
  73.054 0.0 0.0   -0.007 
  73.110 0.0 0.0   -0.007 
  73.165 0.0 0.0   -0.007 
  73.221 0.0 0.0   -0.007 
  73.276 0.0 0.0   -0.007 
  73.332 0.0 0.0   -0.008 
  73.387 0.0 0.0   -0.007 
  73.442 0.0 0.0   -0.007 
  73.497 0.0 0.0   -0.007 
  73.552 0.0 0.0   -0.007 
  73.607 0.0 0.0   -0.006 
  73.662 0.0 0.0   -0.005 
  73.717 0.0 0.0   -0.005 
  73.773 0.0 0.0   -0.004 
  73.828 0.0 0.0   -0.002 
  73.883 0.0 0.0   -0.000 
  73.938 0.0 0.0    0.002 
  73.993 0.0 0.0    0.004 
  74.049 0.0 0.0    0.006 
  74.104 0.0 0.0    0.008 
  74.159 0.0 0.0    0.010 
  74.213 0.0 0.0    0.012 
  74.269 0.0 0.0    0.013 
  74.325 0.0 0.0    0.015 
  74.380 0.0 0.0    0.016 
  74.435 0.0 0.0    0.016 
  74.491 0.0 0.0    0.016 
  74.547 0.0 0.0    0.016 
  74.602 0.0 0.0    0.016 
  74.657 0.0 0.0    0.015 
  74.713 0.0 0.0    0.015 
  74.768 0.0 0.0    0.013 
  74.823 0.0 0.0    0.012 
  74.879 0.0 0.0    0.010 
  74.933 0.0 0.0    0.008 
  74.988 0.0 0.0    0.006 
  75.044 0.0 0.0    0.004 
  75.099 0.0 0.0    0.002 
  75.154 0.0 0.0    0.000 
  75.210 0.0 0.0   -0.001 
  75.264 0.0 0.0   -0.003 
  75.320 0.0 0.0   -0.004 
  75.375 0.0 0.0   -0.004 
  75.430 0.0 0.0   -0.005 
  75.486 0.0 0.0   -0.005 
  75.541 0.0 0.0   -0.005 
  75.596 0.0 0.0   -0.005 
  75.652 0.0 0.0   -0.006 
  75.707 0.0 0.0   -0.006 
  75.763 0.0 0.0   -0.006 
  75.818 0.0 0.0   -0.006 
  75.874 0.0 0.0   -0.006 
  75.930 0.0 0.0   -0.006 
  75.985 0.0 0.0   -0.006 
  76.039 0.0 0.0   -0.007 
  76.095 0.0 0.0   -0.007 
  76.150 0.0 0.0   -0.007 
  76.205 0.0 0.0   -0.007 
  76.260 0.0 0.0   -0.006 
  76.315 0.0 0.0   -0.005 
  76.371 0.0 0.0   -0.005 
  76.426 0.0 0.0   -0.004 
  76.481 0.0 0.0   -0.002 
  76.537 0.0 0.0   -0.000 
  76.592 0.0 0.0    0.002 
  76.647 0.0 0.0    0.004 
  76.702 0.0 0.0    0.006 
  76.758 0.0 0.0    0.008 
  76.813 0.0 0.0    0.009 
  76.868 0.0 0.0    0.011 
  76.923 0.0 0.0    0.012 
  76.978 0.0 0.0    0.013 
  77.034 0.0 0.0    0.014 
  77.089 0.0 0.0    0.015 
  77.145 0.0 0.0    0.015 
  77.200 0.0 0.0    0.015 
  77.256 0.0 0.0    0.015 
  77.311 0.0 0.0    0.015 
  77.367 0.0 0.0    0.014 
  77.421 0.0 0.0    0.013 
  77.476 0.0 0.0    0.011 
  77.532 0.0 0.0    0.010 
  77.588 0.0 0.0    0.008 
  77.646 0.0 0.0    0.006 
  77.702 0.0 0.0    0.004 
  77.757 0.0 0.0    0.002 
  77.806 0.0 0.0    0.000 
  77.857 0.0 0.0   -0.001 
  77.912 0.0 0.0   -0.002 
  77.968 0.0 0.0   -0.003 
  78.023 0.0 0.0   -0.004 
  78.083 0.0 0.0   -0.004 
  78.138 0.0 0.0   -0.004 
  78.194 0.0 0.0   -0.005 
  78.249 0.0 0.0   -0.005 
  78.305 0.0 0.0   -0.005 
  78.360 0.0 0.0   -0.005 
  78.415 0.0 0.0   -0.005 
  78.471 0.0 0.0   -0.005 
  78.526 0.0 0.0   -0.005 
  78.582 0.0 0.0   -0.006 
  78.637 0.0 0.0   -0.006 
  78.693 0.0 0.0   -0.006 
  78.748 0.0 0.0   -0.006 
  78.803 0.0 0.0   -0.006 
  78.858 0.0 0.0   -0.005 
  78.913 0.0 0.0   -0.005 
  78.968 0.0 0.0   -0.004 
  79.023 0.0 0.0   -0.004 
  79.079 0.0 0.0   -0.003 
  79.134 0.0 0.0   -0.002 
  79.189 0.0 0.0   -0.001 
  79.244 0.0 0.0    0.001 
  79.300 0.0 0.0    0.003 
  79.355 0.0 0.0    0.005 
  79.410 0.0 0.0    0.007 
  79.465 0.0 0.0    0.009 
  79.521 0.0 0.0    0.011 
  79.576 0.0 0.0    0.012 
  79.631 0.0 0.0    0.013 
  79.686 0.0 0.0    0.014 
  79.743 0.0 0.0    0.015 
  79.798 0.0 0.0    0.015 
  79.853 0.0 0.0    0.015 
  79.909 0.0 0.0    0.015 
  79.964 0.0 0.0    0.014 
  80.019 0.0 0.0    0.012 
  80.075 0.0 0.0    0.011 
  80.130 0.0 0.0    0.009 
  80.185 0.0 0.0    0.009 
  80.240 0.0 0.0    0.007 
  80.295 0.0 0.0    0.005 
  80.350 0.0 0.0    0.003 
  80.406 0.0 0.0    0.001 
  80.462 0.0 0.0   -0.001 
  80.520 0.0 0.0   -0.002 
  80.573 0.0 0.0   -0.003 
  80.628 0.0 0.0   -0.004 
  80.682 0.0 0.0   -0.004 
  80.737 0.0 0.0   -0.005 
  80.792 0.0 0.0   -0.005 
  80.848 0.0 0.0   -0.005 
  80.903 0.0 0.0   -0.005 
  80.959 0.0 0.0   -0.005 
  81.014 0.0 0.0   -0.005 
  81.070 0.0 0.0   -0.006 
  81.125 0.0 0.0   -0.006 
  81.181 0.0 0.0   -0.006 
  81.236 0.0 0.0   -0.006 
  81.291 0.0 0.0   -0.006 
  81.346 0.0 0.0   -0.006 
  81.406 0.0 0.0   -0.006 
  81.459 0.0 0.0   -0.006 
  81.517 0.0 0.0   -0.006 
  81.567 0.0 0.0   -0.006 
  81.622 0.0 0.0   -0.005 
  81.679 0.0 0.0   -0.004 
  81.735 0.0 0.0   -0.003 
  81.792 0.0 0.0   -0.002 
  81.844 0.0 0.0   -0.002 
  81.898 0.0 0.0    0.001 
  81.958 0.0 0.0    0.002 
  82.009 0.0 0.0    0.005 
  82.064 0.0 0.0    0.007 
  82.124 0.0 0.0    0.008 
  82.175 0.0 0.0    0.010 
  82.232 0.0 0.0    0.011 
  82.285 0.0 0.0    0.013 
  82.341 0.0 0.0    0.014 
  82.401 0.0 0.0    0.015 
  82.456 0.0 0.0    0.015 
  82.509 0.0 0.0    0.016 
  82.564 0.0 0.0    0.014 
  82.619 0.0 0.0    0.013 
  82.675 0.0 0.0    0.012 
  82.728 0.0 0.0    0.011 
  82.787 0.0 0.0    0.009 
  82.839 0.0 0.0    0.007 
  82.894 0.0 0.0    0.006 
  82.949 0.0 0.0    0.004 
  83.005 0.0 0.0    0.002 
  83.060 0.0 0.0   -0.000 
  83.120 0.0 0.0   -0.001 
  83.175 0.0 0.0   -0.002 
  83.225 0.0 0.0   -0.003 
  83.280 0.0 0.0   -0.004 
  83.339 0.0 0.0   -0.004 
  83.391 0.0 0.0   -0.005 
  83.447 0.0 0.0   -0.005 
  83.502 0.0 0.0   -0.005 
  83.558 0.0 0.0   -0.005 
  83.613 0.0 0.0   -0.005 
  83.668 0.0 0.0   -0.005 
  83.724 0.0 0.0   -0.006 
  83.784 0.0 0.0   -0.006 
  83.839 0.0 0.0   -0.006 
  83.890 0.0 0.0   -0.006 
  83.946 0.0 0.0   -0.006 
  84.001 0.0 0.0   -0.006 
  84.055 0.0 0.0   -0.006 
  84.116 0.0 0.0   -0.006 
  84.166 0.0 0.0   -0.005 
  84.221 0.0 0.0   -0.005 
  84.276 0.0 0.0   -0.004 
  84.331 0.0 0.0   -0.004 
  84.387 0.0 0.0   -0.003 
  84.442 0.0 0.0   -0.003 
  84.499 0.0 0.0   -0.002 
  84.553 0.0 0.0    0.001 
  84.608 0.0 0.0    0.003 
  84.663 0.0 0.0    0.004 
  84.719 0.0 0.0    0.006 
  84.774 0.0 0.0    0.008 
  84.829 0.0 0.0    0.010 
  84.889 0.0 0.0    0.011 
  84.940 0.0 0.0    0.013 
  85.000 0.0 0.0    0.015 
  85.056 0.0 0.0    0.015 
  85.112 0.0 0.0    0.016 
  85.166 0.0 0.0    0.014 
  85.216 0.0 0.0    0.013 
  85.267 0.0 0.0    0.012 
  85.327 0.0 0.0    0.011 
  85.379 0.0 0.0    0.009 
  85.432 0.0 0.0    0.008 
  85.490 0.0 0.0    0.006 
  85.543 0.0 0.0    0.004 
  85.598 0.0 0.0    0.002 
  85.655 0.0 0.0    0.000 
  85.708 0.0 0.0   -0.000 
  85.772 0.0 0.0   -0.001 
  85.826 0.0 0.0   -0.002 
  85.881 0.0 0.0   -0.003 
  85.933 0.0 0.0   -0.004 
  85.991 0.0 0.0   -0.004 
  86.048 0.0 0.0   -0.005 
  86.099 0.0 0.0   -0.005 
  86.154 0.0 0.0   -0.005 
  86.212 0.0 0.0   -0.005 
  86.270 0.0 0.0   -0.006 
  86.326 0.0 0.0   -0.006 
  86.379 0.0 0.0   -0.006 
  86.432 0.0 0.0   -0.006 
  86.488 0.0 0.0   -0.006 
  86.543 0.0 0.0   -0.006 
  86.603 0.0 0.0   -0.005 
  86.658 0.0 0.0   -0.005 
  86.708 0.0 0.0   -0.005 
  86.763 0.0 0.0   -0.005 
  86.823 0.0 0.0   -0.005 
  86.876 0.0 0.0   -0.004 
  86.929 0.0 0.0   -0.004 
  86.986 0.0 0.0   -0.003 
  87.039 0.0 0.0   -0.003 
  87.095 0.0 0.0   -0.002 
  87.154 0.0 0.0   -0.002 
  87.205 0.0 0.0    0.000 
  87.260 0.0 0.0    0.002 
  87.317 0.0 0.0    0.004 
  87.371 0.0 0.0    0.006 
  87.426 0.0 0.0    0.008 
  87.482 0.0 0.0    0.009 
  87.537 0.0 0.0    0.011 
  87.597 0.0 0.0    0.012 
  87.649 0.0 0.0    0.014 
  87.707 0.0 0.0    0.015 
  87.759 0.0 0.0    0.015 
  87.818 0.0 0.0    0.015 
  87.874 0.0 0.0    0.013 
  87.930 0.0 0.0    0.012 
  87.980 0.0 0.0    0.011 
  88.035 0.0 0.0    0.009 
  88.095 0.0 0.0    0.007 
  88.145 0.0 0.0    0.006 
  88.200 0.0 0.0    0.004 
  88.260 0.0 0.0    0.002 
  88.312 0.0 0.0   -0.000 
  88.367 0.0 0.0   -0.001 
  88.421 0.0 0.0   -0.002 
  88.476 0.0 0.0   -0.003 
  88.532 0.0 0.0   -0.003 
  88.587 0.0 0.0   -0.004 
  88.646 0.0 0.0   -0.004 
  88.702 0.0 0.0   -0.005 
  88.753 0.0 0.0   -0.005 
  88.809 0.0 0.0   -0.005 
  88.867 0.0 0.0   -0.005 
  88.923 0.0 0.0   -0.005 
  88.976 0.0 0.0   -0.005 
  89.030 0.0 0.0   -0.006 
  89.090 0.0 0.0   -0.006 
  89.144 0.0 0.0   -0.006 
  89.197 0.0 0.0   -0.005 
  89.252 0.0 0.0   -0.005 
  89.308 0.0 0.0   -0.005 
  89.366 0.0 0.0   -0.005 
  89.417 0.0 0.0   -0.005 
  89.473 0.0 0.0   -0.004 
  89.531 0.0 0.0   -0.004 
  89.584 0.0 0.0   -0.003 
  89.638 0.0 0.0   -0.003 
  89.693 0.0 0.0   -0.002 
  89.749 0.0 0.0   -0.001 
  89.804 0.0 0.0    0.000 
  89.859 0.0 0.0    0.002 
  89.919 0.0 0.0    0.004 
  89.970 0.0 0.0    0.006 
  90.029 0.0 0.0    0.007 
  90.085 0.0 0.0    0.009 
  90.136 0.0 0.0    0.011 
  90.192 0.0 0.0    0.012 
  90.248 0.0 0.0    0.013 
  90.304 0.0 0.0    0.014 
  90.359 0.0 0.0    0.015 
  90.413 0.0 0.0    0.015 
  90.471 0.0 0.0    0.014 
  90.528 0.0 0.0    0.013 
  90.584 0.0 0.0    0.012 
  90.635 0.0 0.0    0.010 
  90.692 0.0 0.0    0.009 
  90.749 0.0 0.0    0.007 
  90.800 0.0 0.0    0.005 
  90.855 0.0 0.0    0.003 
  90.910 0.0 0.0    0.001 
  90.965 0.0 0.0   -0.000 
  91.023 0.0 0.0   -0.001 
  91.075 0.0 0.0   -0.002 
  91.130 0.0 0.0   -0.003 
  91.186 0.0 0.0   -0.003 
  91.241 0.0 0.0   -0.004 
  91.296 0.0 0.0   -0.004 
  91.352 0.0 0.0   -0.005 
  91.407 0.0 0.0   -0.005 
  91.463 0.0 0.0   -0.005 
  91.519 0.0 0.0   -0.005 
  91.574 0.0 0.0   -0.005 
  91.629 0.0 0.0   -0.005 
  91.689 0.0 0.0   -0.006 
  91.740 0.0 0.0   -0.006 
  91.800 0.0 0.0   -0.006 
  91.851 0.0 0.0   -0.006 
  91.907 0.0 0.0   -0.006 
  91.964 0.0 0.0   -0.006 
  92.016 0.0 0.0   -0.006 
  92.071 0.0 0.0   -0.005 
  92.130 0.0 0.0   -0.005 
  92.181 0.0 0.0   -0.004 
  92.237 0.0 0.0   -0.004 
  92.292 0.0 0.0   -0.003 
  92.347 0.0 0.0   -0.002 
  92.407 0.0 0.0   -0.001 
  92.458 0.0 0.0    0.000 
  92.513 0.0 0.0    0.001 
  92.571 0.0 0.0    0.002 
  92.624 0.0 0.0    0.004 
  92.679 0.0 0.0    0.006 
  92.734 0.0 0.0    0.007 
  92.790 0.0 0.0    0.009 
  92.850 0.0 0.0    0.010 
  92.901 0.0 0.0    0.012 
  92.959 0.0 0.0    0.012 
  93.011 0.0 0.0    0.013 
  93.070 0.0 0.0    0.014 
  93.127 0.0 0.0    0.013 
  93.178 0.0 0.0    0.012 
  93.233 0.0 0.0    0.011 
  93.293 0.0 0.0    0.009 
  93.345 0.0 0.0    0.008 
  93.402 0.0 0.0    0.006 
  93.459 0.0 0.0    0.004 
  93.509 0.0 0.0    0.003 
  93.568 0.0 0.0    0.001 
  93.676 0.0 0.0   -0.001 
  93.707 0.0 0.0   -0.001 
  93.757 0.0 0.0   -0.002 
  93.814 0.0 0.0   -0.002 
  93.874 0.0 0.0   -0.003 
  93.943 0.0 0.0   -0.003 
  94.001 0.0 0.0   -0.004 
  94.054 0.0 0.0   -0.004 
  94.109 0.0 0.0   -0.004 
  94.162 0.0 0.0   -0.005 
  94.210 0.0 0.0   -0.005 
  94.267 0.0 0.0   -0.005 
  94.323 0.0 0.0   -0.005 
  94.375 0.0 0.0   -0.005 
  94.431 0.0 0.0   -0.005 
  94.489 0.0 0.0   -0.005 
  94.541 0.0 0.0   -0.005 
  94.596 0.0 0.0   -0.005 
  94.658 0.0 0.0   -0.005 
  94.713 0.0 0.0   -0.004 
  94.765 0.0 0.0   -0.004 
  94.820 0.0 0.0   -0.004 
  94.875 0.0 0.0   -0.003 
  94.930 0.0 0.0   -0.003 
  94.986 0.0 0.0   -0.002 
  95.041 0.0 0.0   -0.002 
  95.100 0.0 0.0   -0.001 
  95.154 0.0 0.0   -0.001 
  95.210 0.0 0.0    0.001 
  95.261 0.0 0.0    0.002 
  95.317 0.0 0.0    0.004 
  95.373 0.0 0.0    0.005 
  95.428 0.0 0.0    0.006 
  95.488 0.0 0.0    0.006 
  95.540 0.0 0.0    0.007 
  95.598 0.0 0.0    0.008 
