   0.000 0.0 0.0    0.002 
   0.067 0.0 0.0    0.003 
   0.110 0.0 0.0    0.005 
   0.168 0.0 0.0    0.007 
   0.223 0.0 0.0    0.008 
   0.274 0.0 0.0    0.010 
   0.340 0.0 0.0    0.012 
   0.401 0.0 0.0    0.015 
   0.457 0.0 0.0    0.018 
   0.512 0.0 0.0    0.021 
   0.567 0.0 0.0    0.023 
   0.623 0.0 0.0    0.026 
   0.678 0.0 0.0    0.028 
   0.724 0.0 0.0    0.030 
   0.770 0.0 0.0    0.031 
   0.829 0.0 0.0    0.033 
   0.880 0.0 0.0    0.033 
   0.944 0.0 0.0    0.033 
   0.992 0.0 0.0    0.033 
   1.048 0.0 0.0    0.032 
   1.111 0.0 0.0    0.030 
   1.166 0.0 0.0    0.028 
   1.211 0.0 0.0    0.025 
   1.270 0.0 0.0    0.021 
   1.322 0.0 0.0    0.017 
   1.383 0.0 0.0    0.012 
   1.522 0.0 0.0    0.007 
   1.559 0.0 0.0    0.001 
   1.606 0.0 0.0   -0.004 
   1.752 0.0 0.0   -0.010 
   1.784 0.0 0.0   -0.016 
   1.835 0.0 0.0   -0.023 
   1.889 0.0 0.0   -0.030 
   1.946 0.0 0.0   -0.036 
   2.006 0.0 0.0   -0.043 
   2.056 0.0 0.0   -0.048 
   2.113 0.0 0.0   -0.053 
   2.171 0.0 0.0   -0.057 
   2.220 0.0 0.0   -0.060 
   2.277 0.0 0.0   -0.062 
   2.335 0.0 0.0   -0.063 
   2.395 0.0 0.0   -0.063 
   2.440 0.0 0.0   -0.062 
   2.502 0.0 0.0   -0.060 
   2.551 0.0 0.0   -0.057 
   2.610 0.0 0.0   -0.053 
   2.669 0.0 0.0   -0.047 
   2.716 0.0 0.0   -0.040 
   2.775 0.0 0.0   -0.033 
   2.828 0.0 0.0   -0.027 
   2.884 0.0 0.0   -0.020 
   2.936 0.0 0.0   -0.011 
   2.999 0.0 0.0   -0.003 
   3.056 0.0 0.0    0.006 
   3.102 0.0 0.0    0.015 
   3.161 0.0 0.0    0.025 
   3.213 0.0 0.0    0.032 
   3.269 0.0 0.0    0.040 
   3.328 0.0 0.0    0.048 
   3.386 0.0 0.0    0.057 
   3.442 0.0 0.0    0.064 
   3.567 0.0 0.0    0.071 
   3.599 0.0 0.0    0.077 
   3.649 0.0 0.0    0.082 
   3.704 0.0 0.0    0.085 
   3.761 0.0 0.0    0.088 
   3.820 0.0 0.0    0.089 
   3.875 0.0 0.0    0.088 
   3.931 0.0 0.0    0.087 
   3.988 0.0 0.0    0.083 
   4.043 0.0 0.0    0.078 
   4.098 0.0 0.0    0.072 
   4.152 0.0 0.0    0.065 
   4.200 0.0 0.0    0.057 
   4.256 0.0 0.0    0.048 
   4.314 0.0 0.0    0.038 
   4.377 0.0 0.0    0.027 
   4.434 0.0 0.0    0.016 
   4.486 0.0 0.0    0.003 
   4.544 0.0 0.0   -0.008 
   4.595 0.0 0.0   -0.020 
   4.651 0.0 0.0   -0.031 
   4.707 0.0 0.0   -0.043 
   4.763 0.0 0.0   -0.055 
   4.817 0.0 0.0   -0.066 
   4.873 0.0 0.0   -0.077 
   4.928 0.0 0.0   -0.086 
   4.975 0.0 0.0   -0.094 
   5.028 0.0 0.0   -0.101 
   5.085 0.0 0.0   -0.107 
   5.137 0.0 0.0   -0.112 
   5.196 0.0 0.0   -0.114 
   5.254 0.0 0.0   -0.115 
   5.301 0.0 0.0   -0.114 
   5.361 0.0 0.0   -0.111 
   5.412 0.0 0.0   -0.107 
   5.469 0.0 0.0   -0.102 
   5.529 0.0 0.0   -0.096 
   5.577 0.0 0.0   -0.087 
   5.637 0.0 0.0   -0.078 
   5.692 0.0 0.0   -0.068 
   5.747 0.0 0.0   -0.059 
   5.801 0.0 0.0   -0.048 
   5.860 0.0 0.0   -0.036 
   5.907 0.0 0.0   -0.023 
   5.964 0.0 0.0   -0.010 
   6.028 0.0 0.0    0.004 
   6.083 0.0 0.0    0.018 
   6.139 0.0 0.0    0.031 
   6.184 0.0 0.0    0.044 
   6.238 0.0 0.0    0.058 
   6.296 0.0 0.0    0.072 
   6.355 0.0 0.0    0.084 
   6.403 0.0 0.0    0.095 
   6.462 0.0 0.0    0.104 
   6.603 0.0 0.0    0.113 
   6.639 0.0 0.0    0.120 
   6.686 0.0 0.0    0.125 
   6.740 0.0 0.0    0.128 
   6.800 0.0 0.0    0.130 
   6.858 0.0 0.0    0.129 
   6.913 0.0 0.0    0.125 
   6.968 0.0 0.0    0.120 
   7.024 0.0 0.0    0.114 
   7.079 0.0 0.0    0.104 
   7.133 0.0 0.0    0.094 
   7.182 0.0 0.0    0.083 
   7.237 0.0 0.0    0.069 
   7.290 0.0 0.0    0.054 
   7.351 0.0 0.0    0.039 
   7.411 0.0 0.0    0.023 
   7.469 0.0 0.0    0.008 
   7.520 0.0 0.0   -0.008 
   7.576 0.0 0.0   -0.025 
   7.632 0.0 0.0   -0.040 
   7.687 0.0 0.0   -0.056 
   7.732 0.0 0.0   -0.071 
   7.788 0.0 0.0   -0.086 
   7.847 0.0 0.0   -0.099 
   7.898 0.0 0.0   -0.112 
   7.958 0.0 0.0   -0.123 
   8.009 0.0 0.0   -0.132 
   8.064 0.0 0.0   -0.139 
   8.120 0.0 0.0   -0.144 
   8.172 0.0 0.0   -0.147 
   8.227 0.0 0.0   -0.148 
   8.283 0.0 0.0   -0.147 
   8.338 0.0 0.0   -0.144 
   8.393 0.0 0.0   -0.139 
   8.451 0.0 0.0   -0.132 
   8.518 0.0 0.0   -0.123 
   8.574 0.0 0.0   -0.113 
   8.630 0.0 0.0   -0.103 
   8.684 0.0 0.0   -0.089 
   8.736 0.0 0.0   -0.076 
   8.793 0.0 0.0   -0.061 
   8.846 0.0 0.0   -0.045 
   8.901 0.0 0.0   -0.029 
   8.960 0.0 0.0   -0.012 
   9.014 0.0 0.0    0.006 
   9.054 0.0 0.0    0.023 
   9.108 0.0 0.0    0.041 
   9.172 0.0 0.0    0.058 
   9.217 0.0 0.0    0.073 
   9.279 0.0 0.0    0.088 
   9.343 0.0 0.0    0.102 
   9.386 0.0 0.0    0.115 
   9.439 0.0 0.0    0.127 
   9.494 0.0 0.0    0.137 
   9.551 0.0 0.0    0.145 
   9.607 0.0 0.0    0.152 
   9.664 0.0 0.0    0.155 
   9.729 0.0 0.0    0.157 
   9.785 0.0 0.0    0.157 
   9.842 0.0 0.0    0.155 
   9.895 0.0 0.0    0.150 
   9.952 0.0 0.0    0.144 
   9.992 0.0 0.0    0.135 
  10.045 0.0 0.0    0.125 
  10.102 0.0 0.0    0.113 
  10.157 0.0 0.0    0.099 
  10.219 0.0 0.0    0.083 
  10.276 0.0 0.0    0.068 
  10.330 0.0 0.0    0.051 
  10.389 0.0 0.0    0.033 
  10.439 0.0 0.0    0.014 
  10.495 0.0 0.0   -0.005 
  10.551 0.0 0.0   -0.023 
  10.597 0.0 0.0   -0.042 
  10.654 0.0 0.0   -0.060 
  10.708 0.0 0.0   -0.078 
  10.761 0.0 0.0   -0.095 
  10.825 0.0 0.0   -0.111 
  10.874 0.0 0.0   -0.125 
  10.936 0.0 0.0   -0.138 
  10.997 0.0 0.0   -0.148 
  11.039 0.0 0.0   -0.157 
  11.098 0.0 0.0   -0.164 
  11.154 0.0 0.0   -0.167 
  11.211 0.0 0.0   -0.169 
  11.258 0.0 0.0   -0.168 
  11.317 0.0 0.0   -0.166 
  11.378 0.0 0.0   -0.161 
  11.423 0.0 0.0   -0.154 
  11.481 0.0 0.0   -0.145 
  11.545 0.0 0.0   -0.135 
  11.589 0.0 0.0   -0.122 
  11.642 0.0 0.0   -0.108 
  11.698 0.0 0.0   -0.094 
  11.753 0.0 0.0   -0.076 
  11.808 0.0 0.0   -0.059 
  11.865 0.0 0.0   -0.041 
  11.919 0.0 0.0   -0.022 
  11.974 0.0 0.0   -0.003 
  12.031 0.0 0.0    0.017 
  12.096 0.0 0.0    0.037 
  12.138 0.0 0.0    0.055 
  12.194 0.0 0.0    0.074 
  12.251 0.0 0.0    0.091 
  12.316 0.0 0.0    0.106 
  12.374 0.0 0.0    0.121 
  12.416 0.0 0.0    0.135 
  12.474 0.0 0.0    0.147 
  12.537 0.0 0.0    0.156 
  12.581 0.0 0.0    0.163 
  12.636 0.0 0.0    0.167 
  12.697 0.0 0.0    0.170 
  12.745 0.0 0.0    0.170 
  12.804 0.0 0.0    0.169 
  12.872 0.0 0.0    0.166 
  12.928 0.0 0.0    0.159 
  12.984 0.0 0.0    0.151 
  13.037 0.0 0.0    0.141 
  13.092 0.0 0.0    0.128 
  13.146 0.0 0.0    0.114 
  13.187 0.0 0.0    0.099 
  13.244 0.0 0.0    0.083 
  13.300 0.0 0.0    0.066 
  13.365 0.0 0.0    0.046 
  13.418 0.0 0.0    0.025 
  13.473 0.0 0.0    0.006 
  13.517 0.0 0.0   -0.015 
  13.573 0.0 0.0   -0.035 
  13.635 0.0 0.0   -0.055 
  13.684 0.0 0.0   -0.074 
  13.745 0.0 0.0   -0.092 
  13.794 0.0 0.0   -0.109 
  13.852 0.0 0.0   -0.126 
  13.906 0.0 0.0   -0.139 
  13.966 0.0 0.0   -0.151 
  14.019 0.0 0.0   -0.162 
  14.072 0.0 0.0   -0.169 
  14.128 0.0 0.0   -0.174 
  14.188 0.0 0.0   -0.175 
  14.241 0.0 0.0   -0.175 
  14.294 0.0 0.0   -0.173 
  14.351 0.0 0.0   -0.168 
  14.405 0.0 0.0   -0.161 
  14.456 0.0 0.0   -0.152 
  14.592 0.0 0.0   -0.141 
  14.626 0.0 0.0   -0.128 
  14.672 0.0 0.0   -0.115 
  14.728 0.0 0.0   -0.098 
  14.784 0.0 0.0   -0.081 
  14.927 0.0 0.0   -0.061 
  14.962 0.0 0.0   -0.041 
  15.008 0.0 0.0   -0.018 
  15.064 0.0 0.0    0.004 
  15.206 0.0 0.0    0.026 
  15.242 0.0 0.0    0.048 
  15.288 0.0 0.0    0.071 
  15.343 0.0 0.0    0.092 
  15.399 0.0 0.0    0.111 
  15.459 0.0 0.0    0.128 
  15.521 0.0 0.0    0.140 
  15.581 0.0 0.0    0.150 
  15.632 0.0 0.0    0.157 
  15.675 0.0 0.0    0.161 
  15.732 0.0 0.0    0.163 
  15.786 0.0 0.0    0.160 
  15.847 0.0 0.0    0.154 
  15.910 0.0 0.0    0.147 
  15.965 0.0 0.0    0.136 
  16.019 0.0 0.0    0.123 
  16.074 0.0 0.0    0.110 
  16.129 0.0 0.0    0.094 
  16.184 0.0 0.0    0.077 
  16.237 0.0 0.0    0.060 
  16.291 0.0 0.0    0.040 
  16.346 0.0 0.0    0.021 
  16.401 0.0 0.0    0.001 
  16.457 0.0 0.0   -0.019 
  16.512 0.0 0.0   -0.037 
  16.568 0.0 0.0   -0.056 
  16.623 0.0 0.0   -0.075 
  16.679 0.0 0.0   -0.091 
  16.735 0.0 0.0   -0.107 
  16.791 0.0 0.0   -0.121 
  16.846 0.0 0.0   -0.133 
  16.908 0.0 0.0   -0.143 
  16.959 0.0 0.0   -0.150 
  17.014 0.0 0.0   -0.155 
  17.067 0.0 0.0   -0.157 
  17.122 0.0 0.0   -0.157 
  17.178 0.0 0.0   -0.154 
  17.233 0.0 0.0   -0.149 
  17.288 0.0 0.0   -0.142 
  17.343 0.0 0.0   -0.133 
  17.398 0.0 0.0   -0.123 
  17.452 0.0 0.0   -0.111 
  17.508 0.0 0.0   -0.098 
  17.562 0.0 0.0   -0.082 
  17.618 0.0 0.0   -0.066 
  17.673 0.0 0.0   -0.050 
  17.729 0.0 0.0   -0.033 
  17.784 0.0 0.0   -0.016 
  17.838 0.0 0.0    0.003 
  17.894 0.0 0.0    0.022 
  17.949 0.0 0.0    0.040 
  18.005 0.0 0.0    0.057 
  18.060 0.0 0.0    0.074 
  18.116 0.0 0.0    0.088 
  18.172 0.0 0.0    0.102 
  18.228 0.0 0.0    0.115 
  18.284 0.0 0.0    0.125 
  18.340 0.0 0.0    0.134 
  18.395 0.0 0.0    0.140 
  18.449 0.0 0.0    0.143 
  18.504 0.0 0.0    0.144 
  18.559 0.0 0.0    0.144 
  18.614 0.0 0.0    0.141 
  18.670 0.0 0.0    0.137 
  18.725 0.0 0.0    0.129 
  18.780 0.0 0.0    0.120 
  18.835 0.0 0.0    0.110 
  18.890 0.0 0.0    0.098 
  18.945 0.0 0.0    0.085 
  19.000 0.0 0.0    0.071 
  19.055 0.0 0.0    0.055 
  19.111 0.0 0.0    0.039 
  19.169 0.0 0.0    0.022 
  19.221 0.0 0.0    0.004 
  19.276 0.0 0.0   -0.012 
  19.332 0.0 0.0   -0.029 
  19.388 0.0 0.0   -0.046 
  19.443 0.0 0.0   -0.061 
  19.499 0.0 0.0   -0.077 
  19.555 0.0 0.0   -0.091 
  19.611 0.0 0.0   -0.103 
  19.667 0.0 0.0   -0.114 
  19.722 0.0 0.0   -0.122 
  19.778 0.0 0.0   -0.128 
  19.833 0.0 0.0   -0.133 
  19.886 0.0 0.0   -0.135 
  19.942 0.0 0.0   -0.135 
  19.997 0.0 0.0   -0.133 
  20.053 0.0 0.0   -0.129 
  20.109 0.0 0.0   -0.124 
  20.163 0.0 0.0   -0.116 
  20.218 0.0 0.0   -0.107 
  20.274 0.0 0.0   -0.097 
  20.329 0.0 0.0   -0.085 
  20.384 0.0 0.0   -0.073 
  20.439 0.0 0.0   -0.058 
  20.494 0.0 0.0   -0.044 
  20.550 0.0 0.0   -0.029 
  20.605 0.0 0.0   -0.012 
  20.660 0.0 0.0    0.004 
  20.715 0.0 0.0    0.019 
  20.771 0.0 0.0    0.035 
  20.827 0.0 0.0    0.050 
  20.882 0.0 0.0    0.064 
  20.938 0.0 0.0    0.077 
  20.994 0.0 0.0    0.088 
  21.050 0.0 0.0    0.099 
  21.105 0.0 0.0    0.108 
  21.161 0.0 0.0    0.115 
  21.216 0.0 0.0    0.120 
  21.272 0.0 0.0    0.124 
  21.325 0.0 0.0    0.125 
  21.380 0.0 0.0    0.125 
  21.435 0.0 0.0    0.122 
  21.491 0.0 0.0    0.118 
  21.547 0.0 0.0    0.111 
  21.602 0.0 0.0    0.103 
  21.657 0.0 0.0    0.093 
  21.712 0.0 0.0    0.083 
  21.768 0.0 0.0    0.070 
  21.822 0.0 0.0    0.058 
  21.878 0.0 0.0    0.044 
  21.932 0.0 0.0    0.030 
  21.989 0.0 0.0    0.016 
  22.043 0.0 0.0    0.000 
  22.099 0.0 0.0   -0.015 
  22.154 0.0 0.0   -0.029 
  22.209 0.0 0.0   -0.043 
  22.265 0.0 0.0   -0.056 
  22.321 0.0 0.0   -0.069 
  22.375 0.0 0.0   -0.080 
  22.432 0.0 0.0   -0.091 
  22.487 0.0 0.0   -0.099 
  22.544 0.0 0.0   -0.107 
  22.599 0.0 0.0   -0.112 
  22.652 0.0 0.0   -0.115 
  22.706 0.0 0.0   -0.117 
  22.762 0.0 0.0   -0.117 
  22.817 0.0 0.0   -0.115 
  22.873 0.0 0.0   -0.111 
  22.929 0.0 0.0   -0.106 
  22.985 0.0 0.0   -0.099 
  23.039 0.0 0.0   -0.092 
  23.094 0.0 0.0   -0.083 
  23.149 0.0 0.0   -0.072 
  23.204 0.0 0.0   -0.060 
  23.260 0.0 0.0   -0.048 
  23.314 0.0 0.0   -0.036 
  23.369 0.0 0.0   -0.022 
  23.424 0.0 0.0   -0.009 
  23.481 0.0 0.0    0.005 
  23.535 0.0 0.0    0.019 
  23.591 0.0 0.0    0.032 
  23.646 0.0 0.0    0.045 
  23.702 0.0 0.0    0.057 
  23.757 0.0 0.0    0.068 
  23.813 0.0 0.0    0.078 
  23.869 0.0 0.0    0.088 
  23.925 0.0 0.0    0.094 
  23.980 0.0 0.0    0.101 
  24.035 0.0 0.0    0.104 
  24.089 0.0 0.0    0.107 
  24.144 0.0 0.0    0.108 
  24.202 0.0 0.0    0.107 
  24.255 0.0 0.0    0.104 
  24.310 0.0 0.0    0.099 
  24.366 0.0 0.0    0.093 
  24.422 0.0 0.0    0.086 
  24.477 0.0 0.0    0.078 
  24.531 0.0 0.0    0.069 
  24.586 0.0 0.0    0.058 
  24.641 0.0 0.0    0.046 
  24.697 0.0 0.0    0.034 
  24.753 0.0 0.0    0.021 
  24.807 0.0 0.0    0.008 
  24.863 0.0 0.0   -0.004 
  24.918 0.0 0.0   -0.016 
  24.974 0.0 0.0   -0.029 
  25.030 0.0 0.0   -0.042 
  25.085 0.0 0.0   -0.054 
  25.140 0.0 0.0   -0.064 
  25.196 0.0 0.0   -0.073 
  25.252 0.0 0.0   -0.082 
  25.308 0.0 0.0   -0.088 
  25.363 0.0 0.0   -0.094 
  25.417 0.0 0.0   -0.098 
  25.471 0.0 0.0   -0.101 
  25.526 0.0 0.0   -0.102 
  25.582 0.0 0.0   -0.101 
  25.638 0.0 0.0   -0.098 
  25.693 0.0 0.0   -0.095 
  25.748 0.0 0.0   -0.089 
  25.804 0.0 0.0   -0.083 
  25.859 0.0 0.0   -0.075 
  25.913 0.0 0.0   -0.066 
  25.969 0.0 0.0   -0.057 
  26.024 0.0 0.0   -0.047 
  26.079 0.0 0.0   -0.036 
  26.134 0.0 0.0   -0.024 
  26.190 0.0 0.0   -0.013 
  26.245 0.0 0.0   -0.000 
  26.304 0.0 0.0    0.011 
  26.363 0.0 0.0    0.022 
  26.404 0.0 0.0    0.033 
  26.457 0.0 0.0    0.043 
  26.516 0.0 0.0    0.053 
  26.575 0.0 0.0    0.063 
  26.631 0.0 0.0    0.071 
  26.688 0.0 0.0    0.077 
  26.742 0.0 0.0    0.083 
  26.797 0.0 0.0    0.087 
  26.850 0.0 0.0    0.090 
  26.905 0.0 0.0    0.091 
  26.961 0.0 0.0    0.091 
  27.016 0.0 0.0    0.090 
  27.072 0.0 0.0    0.087 
  27.133 0.0 0.0    0.082 
  27.188 0.0 0.0    0.076 
  27.243 0.0 0.0    0.069 
  27.298 0.0 0.0    0.060 
  27.356 0.0 0.0    0.051 
  27.410 0.0 0.0    0.040 
  27.463 0.0 0.0    0.030 
  27.518 0.0 0.0    0.019 
  27.575 0.0 0.0    0.008 
  27.630 0.0 0.0   -0.004 
  27.686 0.0 0.0   -0.015 
  27.740 0.0 0.0   -0.026 
  27.796 0.0 0.0   -0.037 
  27.852 0.0 0.0   -0.046 
  27.908 0.0 0.0   -0.055 
  27.963 0.0 0.0   -0.062 
  28.018 0.0 0.0   -0.070 
  28.074 0.0 0.0   -0.076 
  28.129 0.0 0.0   -0.081 
  28.185 0.0 0.0   -0.084 
  28.238 0.0 0.0   -0.086 
  28.293 0.0 0.0   -0.087 
  28.348 0.0 0.0   -0.086 
  28.403 0.0 0.0   -0.084 
  28.459 0.0 0.0   -0.081 
  28.514 0.0 0.0   -0.077 
  28.570 0.0 0.0   -0.071 
  28.625 0.0 0.0   -0.065 
  28.682 0.0 0.0   -0.058 
  28.736 0.0 0.0   -0.051 
  28.791 0.0 0.0   -0.042 
  28.846 0.0 0.0   -0.034 
  28.901 0.0 0.0   -0.024 
  28.957 0.0 0.0   -0.014 
  29.012 0.0 0.0   -0.003 
  29.067 0.0 0.0    0.007 
  29.122 0.0 0.0    0.017 
  29.178 0.0 0.0    0.027 
  29.233 0.0 0.0    0.036 
  29.288 0.0 0.0    0.045 
  29.345 0.0 0.0    0.053 
  29.400 0.0 0.0    0.061 
  29.455 0.0 0.0    0.068 
  29.510 0.0 0.0    0.072 
  29.566 0.0 0.0    0.076 
  29.619 0.0 0.0    0.078 
  29.674 0.0 0.0    0.080 
  29.731 0.0 0.0    0.080 
  29.785 0.0 0.0    0.079 
  29.840 0.0 0.0    0.076 
  29.896 0.0 0.0    0.072 
  29.952 0.0 0.0    0.067 
  30.007 0.0 0.0    0.061 
  30.062 0.0 0.0    0.055 
  30.117 0.0 0.0    0.047 
  30.172 0.0 0.0    0.038 
  30.227 0.0 0.0    0.030 
  30.283 0.0 0.0    0.020 
  30.338 0.0 0.0    0.010 
  30.393 0.0 0.0    0.000 
  30.451 0.0 0.0   -0.010 
  30.507 0.0 0.0   -0.019 
  30.564 0.0 0.0   -0.028 
  30.617 0.0 0.0   -0.037 
  30.672 0.0 0.0   -0.045 
  30.730 0.0 0.0   -0.053 
  30.782 0.0 0.0   -0.060 
  30.838 0.0 0.0   -0.065 
  30.893 0.0 0.0   -0.070 
  30.947 0.0 0.0   -0.073 
  31.001 0.0 0.0   -0.075 
  31.056 0.0 0.0   -0.076 
  31.112 0.0 0.0   -0.076 
  31.167 0.0 0.0   -0.075 
  31.223 0.0 0.0   -0.072 
  31.278 0.0 0.0   -0.068 
  31.334 0.0 0.0   -0.064 
  31.400 0.0 0.0   -0.059 
  31.438 0.0 0.0   -0.052 
  31.484 0.0 0.0   -0.045 
  31.551 0.0 0.0   -0.036 
  31.605 0.0 0.0   -0.027 
  31.664 0.0 0.0   -0.019 
  31.717 0.0 0.0   -0.009 
  31.775 0.0 0.0    0.001 
  31.827 0.0 0.0    0.010 
  31.882 0.0 0.0    0.019 
  31.938 0.0 0.0    0.027 
  31.993 0.0 0.0    0.035 
  32.048 0.0 0.0    0.043 
  32.104 0.0 0.0    0.049 
  32.160 0.0 0.0    0.055 
  32.215 0.0 0.0    0.060 
  32.270 0.0 0.0    0.064 
  32.325 0.0 0.0    0.067 
  32.378 0.0 0.0    0.069 
  32.434 0.0 0.0    0.070 
  32.489 0.0 0.0    0.070 
  32.545 0.0 0.0    0.068 
  32.600 0.0 0.0    0.066 
  32.661 0.0 0.0    0.063 
  32.716 0.0 0.0    0.058 
  32.772 0.0 0.0    0.053 
  32.827 0.0 0.0    0.045 
  32.883 0.0 0.0    0.038 
  32.938 0.0 0.0    0.030 
  32.993 0.0 0.0    0.023 
  33.048 0.0 0.0    0.014 
  33.105 0.0 0.0    0.006 
  33.159 0.0 0.0   -0.003 
  33.214 0.0 0.0   -0.012 
  33.271 0.0 0.0   -0.021 
  33.325 0.0 0.0   -0.029 
  33.381 0.0 0.0   -0.035 
  33.437 0.0 0.0   -0.042 
  33.492 0.0 0.0   -0.048 
  33.547 0.0 0.0   -0.053 
  33.604 0.0 0.0   -0.058 
  33.657 0.0 0.0   -0.062 
  33.711 0.0 0.0   -0.064 
  33.766 0.0 0.0   -0.064 
  33.822 0.0 0.0   -0.064 
  33.877 0.0 0.0   -0.064 
  33.932 0.0 0.0   -0.063 
  33.987 0.0 0.0   -0.061 
  34.043 0.0 0.0   -0.058 
  34.099 0.0 0.0   -0.054 
  34.154 0.0 0.0   -0.048 
  34.209 0.0 0.0   -0.042 
  34.265 0.0 0.0   -0.037 
  34.320 0.0 0.0   -0.030 
  34.376 0.0 0.0   -0.023 
  34.431 0.0 0.0   -0.015 
  34.486 0.0 0.0   -0.007 
  34.541 0.0 0.0    0.001 
  34.596 0.0 0.0    0.009 
  34.651 0.0 0.0    0.017 
  34.707 0.0 0.0    0.023 
  34.762 0.0 0.0    0.030 
  34.818 0.0 0.0    0.036 
  34.873 0.0 0.0    0.042 
  34.928 0.0 0.0    0.047 
  34.984 0.0 0.0    0.051 
  35.041 0.0 0.0    0.055 
  35.093 0.0 0.0    0.057 
  35.148 0.0 0.0    0.059 
  35.202 0.0 0.0    0.060 
  35.258 0.0 0.0    0.059 
  35.314 0.0 0.0    0.058 
  35.369 0.0 0.0    0.056 
  35.425 0.0 0.0    0.053 
  35.480 0.0 0.0    0.048 
  35.537 0.0 0.0    0.043 
  35.593 0.0 0.0    0.037 
  35.647 0.0 0.0    0.030 
  35.702 0.0 0.0    0.024 
  35.758 0.0 0.0    0.017 
  35.813 0.0 0.0    0.009 
  35.868 0.0 0.0    0.001 
  35.923 0.0 0.0   -0.006 
  35.979 0.0 0.0   -0.014 
  36.035 0.0 0.0   -0.021 
  36.090 0.0 0.0   -0.027 
  36.146 0.0 0.0   -0.033 
  36.200 0.0 0.0   -0.039 
  36.256 0.0 0.0   -0.045 
  36.311 0.0 0.0   -0.048 
  36.367 0.0 0.0   -0.051 
  36.421 0.0 0.0   -0.054 
  36.475 0.0 0.0   -0.056 
  36.530 0.0 0.0   -0.057 
  36.586 0.0 0.0   -0.057 
  36.641 0.0 0.0   -0.056 
  36.699 0.0 0.0   -0.055 
  36.752 0.0 0.0   -0.053 
  36.806 0.0 0.0   -0.050 
  36.863 0.0 0.0   -0.047 
  36.919 0.0 0.0   -0.042 
  36.974 0.0 0.0   -0.038 
  37.029 0.0 0.0   -0.032 
  37.084 0.0 0.0   -0.027 
  37.140 0.0 0.0   -0.021 
  37.195 0.0 0.0   -0.014 
  37.251 0.0 0.0   -0.007 
  37.306 0.0 0.0    0.000 
  37.361 0.0 0.0    0.008 
  37.416 0.0 0.0    0.015 
  37.472 0.0 0.0    0.021 
  37.527 0.0 0.0    0.027 
  37.583 0.0 0.0    0.033 
  37.637 0.0 0.0    0.038 
  37.696 0.0 0.0    0.043 
  37.747 0.0 0.0    0.046 
  37.802 0.0 0.0    0.049 
  37.857 0.0 0.0    0.050 
  37.912 0.0 0.0    0.051 
  37.968 0.0 0.0    0.050 
  38.024 0.0 0.0    0.049 
  38.079 0.0 0.0    0.048 
  38.135 0.0 0.0    0.046 
  38.191 0.0 0.0    0.043 
  38.247 0.0 0.0    0.039 
  38.302 0.0 0.0    0.035 
  38.357 0.0 0.0    0.030 
  38.413 0.0 0.0    0.025 
  38.469 0.0 0.0    0.019 
  38.526 0.0 0.0    0.013 
  38.578 0.0 0.0    0.007 
  38.634 0.0 0.0   -0.000 
  38.689 0.0 0.0   -0.007 
  38.745 0.0 0.0   -0.014 
  38.800 0.0 0.0   -0.021 
  38.856 0.0 0.0   -0.027 
  38.911 0.0 0.0   -0.033 
  38.966 0.0 0.0   -0.038 
  39.021 0.0 0.0   -0.042 
  39.076 0.0 0.0   -0.045 
  39.131 0.0 0.0   -0.048 
  39.185 0.0 0.0   -0.050 
  39.240 0.0 0.0   -0.051 
  39.295 0.0 0.0   -0.051 
  39.351 0.0 0.0   -0.051 
  39.407 0.0 0.0   -0.050 
  39.462 0.0 0.0   -0.048 
  39.517 0.0 0.0   -0.046 
  39.573 0.0 0.0   -0.042 
  39.629 0.0 0.0   -0.037 
  39.685 0.0 0.0   -0.033 
  39.740 0.0 0.0   -0.028 
  39.795 0.0 0.0   -0.022 
  39.851 0.0 0.0   -0.015 
  39.907 0.0 0.0   -0.009 
  39.962 0.0 0.0   -0.003 
  40.018 0.0 0.0    0.004 
  40.072 0.0 0.0    0.010 
  40.128 0.0 0.0    0.016 
  40.183 0.0 0.0    0.021 
  40.238 0.0 0.0    0.026 
  40.294 0.0 0.0    0.031 
  40.349 0.0 0.0    0.034 
  40.404 0.0 0.0    0.038 
  40.459 0.0 0.0    0.041 
  40.514 0.0 0.0    0.043 
  40.569 0.0 0.0    0.045 
  40.623 0.0 0.0    0.046 
  40.679 0.0 0.0    0.046 
  40.735 0.0 0.0    0.046 
  40.790 0.0 0.0    0.045 
  40.846 0.0 0.0    0.043 
  40.901 0.0 0.0    0.040 
  40.958 0.0 0.0    0.037 
  41.014 0.0 0.0    0.034 
  41.069 0.0 0.0    0.030 
  41.124 0.0 0.0    0.025 
  41.180 0.0 0.0    0.020 
  41.236 0.0 0.0    0.015 
  41.291 0.0 0.0    0.008 
  41.347 0.0 0.0    0.002 
  41.402 0.0 0.0   -0.004 
  41.457 0.0 0.0   -0.010 
  41.512 0.0 0.0   -0.016 
  41.567 0.0 0.0   -0.022 
  41.622 0.0 0.0   -0.027 
  41.678 0.0 0.0   -0.032 
  41.733 0.0 0.0   -0.037 
  41.787 0.0 0.0   -0.041 
  41.842 0.0 0.0   -0.044 
  41.898 0.0 0.0   -0.046 
  41.953 0.0 0.0   -0.047 
  42.007 0.0 0.0   -0.047 
  42.062 0.0 0.0   -0.048 
  42.119 0.0 0.0   -0.046 
  42.174 0.0 0.0   -0.045 
  42.229 0.0 0.0   -0.042 
  42.284 0.0 0.0   -0.039 
  42.340 0.0 0.0   -0.035 
  42.395 0.0 0.0   -0.030 
  42.451 0.0 0.0   -0.025 
  42.507 0.0 0.0   -0.019 
  42.562 0.0 0.0   -0.013 
  42.619 0.0 0.0   -0.007 
  42.672 0.0 0.0   -0.002 
  42.727 0.0 0.0    0.004 
  42.783 0.0 0.0    0.009 
  42.838 0.0 0.0    0.015 
  42.893 0.0 0.0    0.019 
  42.949 0.0 0.0    0.023 
  43.004 0.0 0.0    0.027 
  43.060 0.0 0.0    0.030 
  43.115 0.0 0.0    0.033 
  43.170 0.0 0.0    0.035 
  43.225 0.0 0.0    0.037 
  43.280 0.0 0.0    0.039 
  43.334 0.0 0.0    0.040 
  43.390 0.0 0.0    0.040 
  43.446 0.0 0.0    0.040 
  43.501 0.0 0.0    0.039 
  43.555 0.0 0.0    0.037 
  43.611 0.0 0.0    0.035 
  43.667 0.0 0.0    0.032 
  43.722 0.0 0.0    0.028 
  43.777 0.0 0.0    0.024 
  43.833 0.0 0.0    0.020 
  43.888 0.0 0.0    0.016 
  43.944 0.0 0.0    0.010 
  43.999 0.0 0.0    0.004 
  44.055 0.0 0.0   -0.001 
  44.110 0.0 0.0   -0.007 
  44.166 0.0 0.0   -0.012 
  44.221 0.0 0.0   -0.017 
  44.276 0.0 0.0   -0.021 
  44.331 0.0 0.0   -0.025 
  44.387 0.0 0.0   -0.029 
  44.441 0.0 0.0   -0.033 
  44.496 0.0 0.0   -0.036 
  44.551 0.0 0.0   -0.037 
  44.606 0.0 0.0   -0.039 
  44.661 0.0 0.0   -0.040 
  44.716 0.0 0.0   -0.041 
  44.772 0.0 0.0   -0.040 
  44.828 0.0 0.0   -0.040 
  44.884 0.0 0.0   -0.039 
  44.937 0.0 0.0   -0.038 
  44.993 0.0 0.0   -0.035 
  45.048 0.0 0.0   -0.032 
  45.103 0.0 0.0   -0.030 
  45.159 0.0 0.0   -0.026 
  45.215 0.0 0.0   -0.022 
  45.271 0.0 0.0   -0.017 
  45.326 0.0 0.0   -0.012 
  45.381 0.0 0.0   -0.007 
  45.436 0.0 0.0   -0.002 
  45.491 0.0 0.0    0.004 
  45.546 0.0 0.0    0.009 
  45.604 0.0 0.0    0.014 
  45.657 0.0 0.0    0.019 
  45.712 0.0 0.0    0.024 
  45.767 0.0 0.0    0.028 
  45.822 0.0 0.0    0.032 
  45.877 0.0 0.0    0.034 
  45.936 0.0 0.0    0.037 
  45.988 0.0 0.0    0.038 
  46.042 0.0 0.0    0.039 
  46.098 0.0 0.0    0.039 
  46.154 0.0 0.0    0.039 
  46.210 0.0 0.0    0.038 
  46.264 0.0 0.0    0.036 
  46.318 0.0 0.0    0.034 
  46.374 0.0 0.0    0.030 
  46.431 0.0 0.0    0.026 
  46.485 0.0 0.0    0.022 
  46.542 0.0 0.0    0.018 
  46.597 0.0 0.0    0.014 
  46.652 0.0 0.0    0.009 
  46.707 0.0 0.0    0.004 
  46.762 0.0 0.0   -0.002 
  46.818 0.0 0.0   -0.007 
  46.874 0.0 0.0   -0.012 
  46.929 0.0 0.0   -0.016 
  46.984 0.0 0.0   -0.019 
  47.038 0.0 0.0   -0.023 
  47.094 0.0 0.0   -0.027 
  47.149 0.0 0.0   -0.031 
  47.205 0.0 0.0   -0.033 
  47.259 0.0 0.0   -0.035 
  47.314 0.0 0.0   -0.036 
  47.369 0.0 0.0   -0.037 
  47.424 0.0 0.0   -0.038 
  47.480 0.0 0.0   -0.037 
  47.536 0.0 0.0   -0.037 
  47.591 0.0 0.0   -0.036 
  47.645 0.0 0.0   -0.034 
  47.701 0.0 0.0   -0.031 
  47.756 0.0 0.0   -0.028 
  47.812 0.0 0.0   -0.024 
  47.868 0.0 0.0   -0.021 
  47.923 0.0 0.0   -0.017 
  47.979 0.0 0.0   -0.012 
  48.034 0.0 0.0   -0.007 
  48.089 0.0 0.0   -0.002 
  48.148 0.0 0.0    0.003 
  48.200 0.0 0.0    0.008 
  48.255 0.0 0.0    0.012 
  48.310 0.0 0.0    0.016 
  48.366 0.0 0.0    0.019 
  48.420 0.0 0.0    0.023 
  48.475 0.0 0.0    0.027 
  48.530 0.0 0.0    0.029 
  48.585 0.0 0.0    0.032 
  48.640 0.0 0.0    0.033 
  48.695 0.0 0.0    0.035 
  48.752 0.0 0.0    0.036 
  48.806 0.0 0.0    0.036 
  48.862 0.0 0.0    0.036 
  48.918 0.0 0.0    0.035 
  48.972 0.0 0.0    0.033 
  49.027 0.0 0.0    0.031 
  49.083 0.0 0.0    0.029 
  49.139 0.0 0.0    0.026 
  49.194 0.0 0.0    0.022 
  49.250 0.0 0.0    0.018 
  49.305 0.0 0.0    0.014 
  49.361 0.0 0.0    0.010 
  49.416 0.0 0.0    0.006 
  49.473 0.0 0.0    0.002 
  49.526 0.0 0.0   -0.003 
  49.582 0.0 0.0   -0.008 
  49.637 0.0 0.0   -0.013 
  49.692 0.0 0.0   -0.018 
  49.747 0.0 0.0   -0.021 
  49.802 0.0 0.0   -0.024 
  49.857 0.0 0.0   -0.027 
  49.912 0.0 0.0   -0.030 
  49.966 0.0 0.0   -0.033 
  50.021 0.0 0.0   -0.034 
  50.077 0.0 0.0   -0.034 
  50.133 0.0 0.0   -0.035 
  50.188 0.0 0.0   -0.034 
  50.244 0.0 0.0   -0.034 
  50.299 0.0 0.0   -0.033 
  50.354 0.0 0.0   -0.030 
  50.409 0.0 0.0   -0.027 
  50.465 0.0 0.0   -0.025 
  50.520 0.0 0.0   -0.021 
  50.576 0.0 0.0   -0.018 
  50.631 0.0 0.0   -0.013 
  50.687 0.0 0.0   -0.008 
  50.742 0.0 0.0   -0.003 
  50.797 0.0 0.0    0.001 
  50.853 0.0 0.0    0.006 
  50.908 0.0 0.0    0.009 
  50.963 0.0 0.0    0.013 
  51.018 0.0 0.0    0.016 
  51.074 0.0 0.0    0.020 
  51.130 0.0 0.0    0.023 
  51.183 0.0 0.0    0.025 
  51.239 0.0 0.0    0.027 
  51.293 0.0 0.0    0.028 
  51.348 0.0 0.0    0.029 
  51.403 0.0 0.0    0.030 
  51.459 0.0 0.0    0.031 
  51.515 0.0 0.0    0.031 
  51.570 0.0 0.0    0.031 
  51.626 0.0 0.0    0.030 
  51.681 0.0 0.0    0.028 
  51.736 0.0 0.0    0.026 
  51.791 0.0 0.0    0.023 
  51.847 0.0 0.0    0.020 
  51.903 0.0 0.0    0.017 
  51.960 0.0 0.0    0.014 
  52.014 0.0 0.0    0.011 
  52.070 0.0 0.0    0.008 
  52.125 0.0 0.0    0.004 
  52.181 0.0 0.0   -0.000 
  52.236 0.0 0.0   -0.004 
  52.292 0.0 0.0   -0.009 
  52.348 0.0 0.0   -0.012 
  52.402 0.0 0.0   -0.016 
  52.457 0.0 0.0   -0.019 
  52.512 0.0 0.0   -0.022 
  52.567 0.0 0.0   -0.025 
  52.622 0.0 0.0   -0.028 
  52.677 0.0 0.0   -0.031 
  52.732 0.0 0.0   -0.032 
  52.787 0.0 0.0   -0.033 
  52.843 0.0 0.0   -0.033 
  52.899 0.0 0.0   -0.033 
  52.954 0.0 0.0   -0.032 
  53.008 0.0 0.0   -0.030 
  53.064 0.0 0.0   -0.028 
  53.119 0.0 0.0   -0.026 
  53.175 0.0 0.0   -0.023 
  53.232 0.0 0.0   -0.020 
  53.286 0.0 0.0   -0.017 
  53.342 0.0 0.0   -0.013 
  53.397 0.0 0.0   -0.008 
  53.453 0.0 0.0   -0.004 
  53.508 0.0 0.0    0.000 
  53.563 0.0 0.0    0.004 
  53.618 0.0 0.0    0.007 
  53.673 0.0 0.0    0.011 
  53.728 0.0 0.0    0.015 
  53.784 0.0 0.0    0.019 
  53.839 0.0 0.0    0.021 
  53.893 0.0 0.0    0.024 
  53.948 0.0 0.0    0.025 
  54.003 0.0 0.0    0.027 
  54.059 0.0 0.0    0.028 
  54.114 0.0 0.0    0.030 
  54.169 0.0 0.0    0.030 
  54.225 0.0 0.0    0.030 
  54.282 0.0 0.0    0.029 
  54.336 0.0 0.0    0.028 
  54.391 0.0 0.0    0.026 
  54.446 0.0 0.0    0.024 
  54.502 0.0 0.0    0.021 
  54.558 0.0 0.0    0.018 
  54.613 0.0 0.0    0.015 
  54.668 0.0 0.0    0.012 
  54.724 0.0 0.0    0.009 
  54.779 0.0 0.0    0.006 
  54.834 0.0 0.0    0.002 
  54.889 0.0 0.0   -0.002 
  54.945 0.0 0.0   -0.006 
  55.001 0.0 0.0   -0.009 
  55.055 0.0 0.0   -0.013 
  55.111 0.0 0.0   -0.016 
  55.166 0.0 0.0   -0.019 
  55.220 0.0 0.0   -0.021 
  55.276 0.0 0.0   -0.024 
  55.331 0.0 0.0   -0.027 
  55.386 0.0 0.0   -0.028 
  55.442 0.0 0.0   -0.029 
  55.497 0.0 0.0   -0.029 
  55.552 0.0 0.0   -0.029 
  55.607 0.0 0.0   -0.029 
  55.666 0.0 0.0   -0.027 
  55.718 0.0 0.0   -0.025 
  55.773 0.0 0.0   -0.023 
  55.829 0.0 0.0   -0.020 
  55.885 0.0 0.0   -0.017 
  55.940 0.0 0.0   -0.015 
  55.995 0.0 0.0   -0.011 
  56.050 0.0 0.0   -0.008 
  56.106 0.0 0.0   -0.004 
  56.161 0.0 0.0    0.000 
  56.217 0.0 0.0    0.004 
  56.272 0.0 0.0    0.007 
  56.328 0.0 0.0    0.010 
  56.383 0.0 0.0    0.013 
  56.438 0.0 0.0    0.016 
  56.493 0.0 0.0    0.019 
  56.548 0.0 0.0    0.022 
  56.603 0.0 0.0    0.024 
  56.658 0.0 0.0    0.025 
  56.713 0.0 0.0    0.026 
  56.768 0.0 0.0    0.027 
  56.823 0.0 0.0    0.027 
  56.879 0.0 0.0    0.027 
  56.935 0.0 0.0    0.027 
  56.990 0.0 0.0    0.026 
  57.045 0.0 0.0    0.025 
  57.100 0.0 0.0    0.024 
  57.155 0.0 0.0    0.022 
  57.210 0.0 0.0    0.020 
  57.267 0.0 0.0    0.017 
  57.322 0.0 0.0    0.014 
  57.378 0.0 0.0    0.011 
  57.434 0.0 0.0    0.008 
  57.489 0.0 0.0    0.005 
  57.545 0.0 0.0    0.001 
  57.600 0.0 0.0   -0.002 
  57.655 0.0 0.0   -0.006 
  57.710 0.0 0.0   -0.010 
  57.765 0.0 0.0   -0.014 
  57.821 0.0 0.0   -0.017 
  57.875 0.0 0.0   -0.019 
  57.931 0.0 0.0   -0.022 
  57.986 0.0 0.0   -0.024 
  58.039 0.0 0.0   -0.026 
  58.094 0.0 0.0   -0.028 
  58.150 0.0 0.0   -0.029 
  58.205 0.0 0.0   -0.029 
  58.261 0.0 0.0   -0.029 
  58.317 0.0 0.0   -0.028 
  58.372 0.0 0.0   -0.027 
  58.427 0.0 0.0   -0.025 
  58.482 0.0 0.0   -0.022 
  58.538 0.0 0.0   -0.019 
  58.593 0.0 0.0   -0.016 
  58.649 0.0 0.0   -0.013 
  58.705 0.0 0.0   -0.010 
  58.760 0.0 0.0   -0.006 
  58.815 0.0 0.0   -0.002 
  58.870 0.0 0.0    0.002 
  58.926 0.0 0.0    0.006 
  58.981 0.0 0.0    0.008 
  59.036 0.0 0.0    0.011 
  59.091 0.0 0.0    0.014 
  59.147 0.0 0.0    0.016 
  59.257 0.0 0.0    0.019 
  59.289 0.0 0.0    0.021 
  59.338 0.0 0.0    0.022 
  59.397 0.0 0.0    0.023 
  59.463 0.0 0.0    0.024 
  59.519 0.0 0.0    0.025 
  59.575 0.0 0.0    0.025 
  59.632 0.0 0.0    0.025 
  59.686 0.0 0.0    0.024 
  59.741 0.0 0.0    0.023 
  59.796 0.0 0.0    0.021 
  59.852 0.0 0.0    0.018 
  59.907 0.0 0.0    0.016 
  59.963 0.0 0.0    0.013 
  60.019 0.0 0.0    0.010 
  60.074 0.0 0.0    0.008 
  60.129 0.0 0.0    0.005 
  60.183 0.0 0.0    0.003 
  60.240 0.0 0.0   -0.000 
  60.294 0.0 0.0   -0.004 
  60.350 0.0 0.0   -0.007 
  60.406 0.0 0.0   -0.010 
  60.461 0.0 0.0   -0.013 
  60.516 0.0 0.0   -0.015 
  60.571 0.0 0.0   -0.018 
  60.626 0.0 0.0   -0.021 
  60.681 0.0 0.0   -0.023 
  60.736 0.0 0.0   -0.025 
  60.791 0.0 0.0   -0.026 
  60.849 0.0 0.0   -0.026 
  60.902 0.0 0.0   -0.026 
  60.958 0.0 0.0   -0.025 
  61.013 0.0 0.0   -0.023 
  61.068 0.0 0.0   -0.022 
  61.123 0.0 0.0   -0.020 
  61.179 0.0 0.0   -0.018 
  61.234 0.0 0.0   -0.015 
  61.289 0.0 0.0   -0.012 
  61.345 0.0 0.0   -0.009 
  61.401 0.0 0.0   -0.006 
  61.456 0.0 0.0   -0.003 
  61.511 0.0 0.0   -0.000 
  61.566 0.0 0.0    0.003 
  61.622 0.0 0.0    0.006 
  61.677 0.0 0.0    0.009 
  61.732 0.0 0.0    0.011 
  61.786 0.0 0.0    0.014 
  61.842 0.0 0.0    0.016 
  61.897 0.0 0.0    0.018 
  61.952 0.0 0.0    0.020 
  62.007 0.0 0.0    0.021 
  62.062 0.0 0.0    0.022 
  62.117 0.0 0.0    0.023 
  62.173 0.0 0.0    0.023 
  62.229 0.0 0.0    0.024 
  62.284 0.0 0.0    0.024 
  62.340 0.0 0.0    0.023 
  62.395 0.0 0.0    0.023 
  62.450 0.0 0.0    0.021 
  62.505 0.0 0.0    0.019 
  62.561 0.0 0.0    0.017 
  62.616 0.0 0.0    0.014 
  62.671 0.0 0.0    0.012 
  62.727 0.0 0.0    0.009 
  62.782 0.0 0.0    0.007 
  62.837 0.0 0.0    0.004 
  62.892 0.0 0.0    0.001 
  62.948 0.0 0.0   -0.003 
  63.003 0.0 0.0   -0.006 
  63.059 0.0 0.0   -0.009 
  63.114 0.0 0.0   -0.011 
  63.169 0.0 0.0   -0.014 
  63.224 0.0 0.0   -0.016 
  63.280 0.0 0.0   -0.019 
  63.335 0.0 0.0   -0.021 
  63.390 0.0 0.0   -0.023 
  63.445 0.0 0.0   -0.024 
  63.500 0.0 0.0   -0.025 
  63.556 0.0 0.0   -0.025 
  63.611 0.0 0.0   -0.025 
  63.667 0.0 0.0   -0.024 
  63.722 0.0 0.0   -0.022 
  63.777 0.0 0.0   -0.020 
  63.832 0.0 0.0   -0.018 
  63.887 0.0 0.0   -0.015 
  63.943 0.0 0.0   -0.013 
  63.998 0.0 0.0   -0.010 
  64.054 0.0 0.0   -0.007 
  64.109 0.0 0.0   -0.004 
  64.165 0.0 0.0    0.000 
  64.221 0.0 0.0    0.004 
  64.275 0.0 0.0    0.006 
  64.331 0.0 0.0    0.008 
  64.386 0.0 0.0    0.011 
  64.441 0.0 0.0    0.013 
  64.495 0.0 0.0    0.015 
  64.550 0.0 0.0    0.017 
  64.606 0.0 0.0    0.019 
  64.661 0.0 0.0    0.020 
  64.716 0.0 0.0    0.021 
  64.771 0.0 0.0    0.021 
  64.827 0.0 0.0    0.021 
  64.883 0.0 0.0    0.022 
  64.939 0.0 0.0    0.022 
  64.994 0.0 0.0    0.021 
  65.049 0.0 0.0    0.021 
  65.104 0.0 0.0    0.020 
  65.159 0.0 0.0    0.018 
  65.213 0.0 0.0    0.017 
  65.269 0.0 0.0    0.015 
  65.326 0.0 0.0    0.013 
  65.382 0.0 0.0    0.010 
  65.436 0.0 0.0    0.007 
  65.492 0.0 0.0    0.004 
  65.547 0.0 0.0    0.002 
  65.602 0.0 0.0   -0.001 
  65.658 0.0 0.0   -0.004 
  65.713 0.0 0.0   -0.007 
  65.768 0.0 0.0   -0.010 
  65.823 0.0 0.0   -0.012 
  65.878 0.0 0.0   -0.014 
  65.934 0.0 0.0   -0.016 
  65.988 0.0 0.0   -0.018 
  66.044 0.0 0.0   -0.020 
  66.098 0.0 0.0   -0.022 
  66.154 0.0 0.0   -0.023 
  66.209 0.0 0.0   -0.023 
  66.266 0.0 0.0   -0.023 
  66.321 0.0 0.0   -0.022 
  66.377 0.0 0.0   -0.020 
  66.431 0.0 0.0   -0.018 
  66.486 0.0 0.0   -0.016 
  66.542 0.0 0.0   -0.014 
  66.597 0.0 0.0   -0.011 
  66.653 0.0 0.0   -0.009 
  66.708 0.0 0.0   -0.007 
  66.763 0.0 0.0   -0.004 
  66.818 0.0 0.0   -0.002 
  66.874 0.0 0.0    0.001 
  66.929 0.0 0.0    0.003 
  66.984 0.0 0.0    0.005 
  67.040 0.0 0.0    0.007 
  67.096 0.0 0.0    0.010 
  67.150 0.0 0.0    0.012 
  67.205 0.0 0.0    0.014 
  67.260 0.0 0.0    0.016 
  67.316 0.0 0.0    0.018 
  67.373 0.0 0.0    0.019 
  67.426 0.0 0.0    0.020 
  67.481 0.0 0.0    0.021 
  67.536 0.0 0.0    0.021 
  67.592 0.0 0.0    0.020 
  67.647 0.0 0.0    0.019 
  67.703 0.0 0.0    0.019 
  67.758 0.0 0.0    0.018 
  67.815 0.0 0.0    0.016 
  67.868 0.0 0.0    0.014 
  67.924 0.0 0.0    0.012 
  67.979 0.0 0.0    0.010 
  68.034 0.0 0.0    0.007 
  68.091 0.0 0.0    0.005 
  68.146 0.0 0.0    0.003 
  68.201 0.0 0.0    0.002 
  68.255 0.0 0.0   -0.001 
  68.311 0.0 0.0   -0.003 
  68.366 0.0 0.0   -0.005 
  68.422 0.0 0.0   -0.008 
  68.477 0.0 0.0   -0.010 
  68.533 0.0 0.0   -0.012 
  68.588 0.0 0.0   -0.014 
  68.642 0.0 0.0   -0.016 
  68.697 0.0 0.0   -0.018 
  68.753 0.0 0.0   -0.020 
  68.808 0.0 0.0   -0.020 
  68.864 0.0 0.0   -0.020 
  68.920 0.0 0.0   -0.019 
  68.976 0.0 0.0   -0.018 
  69.030 0.0 0.0   -0.017 
  69.085 0.0 0.0   -0.016 
  69.140 0.0 0.0   -0.014 
  69.196 0.0 0.0   -0.013 
  69.250 0.0 0.0   -0.011 
  69.306 0.0 0.0   -0.009 
  69.362 0.0 0.0   -0.007 
  69.417 0.0 0.0   -0.005 
  69.472 0.0 0.0   -0.002 
  69.528 0.0 0.0    0.000 
  69.583 0.0 0.0    0.003 
  69.638 0.0 0.0    0.006 
  69.693 0.0 0.0    0.008 
  69.748 0.0 0.0    0.011 
  69.804 0.0 0.0    0.013 
  69.858 0.0 0.0    0.015 
  69.913 0.0 0.0    0.016 
  69.968 0.0 0.0    0.017 
  70.023 0.0 0.0    0.018 
  70.079 0.0 0.0    0.019 
  70.135 0.0 0.0    0.019 
  70.190 0.0 0.0    0.019 
  70.245 0.0 0.0    0.019 
  70.302 0.0 0.0    0.019 
  70.357 0.0 0.0    0.019 
  70.412 0.0 0.0    0.018 
  70.468 0.0 0.0    0.016 
  70.521 0.0 0.0    0.015 
  70.578 0.0 0.0    0.013 
  70.633 0.0 0.0    0.011 
  70.688 0.0 0.0    0.009 
  70.744 0.0 0.0    0.007 
  70.798 0.0 0.0    0.005 
  70.853 0.0 0.0    0.002 
  70.909 0.0 0.0    0.001 
  70.964 0.0 0.0   -0.001 
  71.020 0.0 0.0   -0.004 
  71.075 0.0 0.0   -0.006 
  71.130 0.0 0.0   -0.008 
  71.185 0.0 0.0   -0.011 
  71.240 0.0 0.0   -0.013 
  71.295 0.0 0.0   -0.015 
  71.351 0.0 0.0   -0.017 
  71.406 0.0 0.0   -0.019 
  71.462 0.0 0.0   -0.021 
  71.517 0.0 0.0   -0.021 
  71.573 0.0 0.0   -0.021 
  71.627 0.0 0.0   -0.020 
  71.684 0.0 0.0   -0.019 
  71.738 0.0 0.0   -0.017 
  71.794 0.0 0.0   -0.015 
  71.849 0.0 0.0   -0.013 
  71.904 0.0 0.0   -0.011 
  71.959 0.0 0.0   -0.009 
  72.014 0.0 0.0   -0.007 
  72.070 0.0 0.0   -0.004 
  72.125 0.0 0.0   -0.002 
  72.181 0.0 0.0    0.000 
  72.236 0.0 0.0    0.003 
  72.292 0.0 0.0    0.005 
  72.347 0.0 0.0    0.007 
  72.402 0.0 0.0    0.009 
  72.457 0.0 0.0    0.011 
  72.512 0.0 0.0    0.013 
  72.567 0.0 0.0    0.015 
  72.623 0.0 0.0    0.017 
  72.678 0.0 0.0    0.018 
  72.734 0.0 0.0    0.019 
  72.788 0.0 0.0    0.019 
  72.844 0.0 0.0    0.019 
  72.900 0.0 0.0    0.019 
  72.956 0.0 0.0    0.019 
  73.011 0.0 0.0    0.018 
  73.066 0.0 0.0    0.018 
  73.120 0.0 0.0    0.017 
  73.175 0.0 0.0    0.016 
  73.231 0.0 0.0    0.014 
  73.287 0.0 0.0    0.012 
  73.342 0.0 0.0    0.010 
  73.398 0.0 0.0    0.008 
  73.453 0.0 0.0    0.005 
  73.509 0.0 0.0    0.003 
  73.564 0.0 0.0    0.000 
  73.619 0.0 0.0   -0.002 
  73.675 0.0 0.0   -0.004 
  73.730 0.0 0.0   -0.006 
  73.785 0.0 0.0   -0.008 
  73.840 0.0 0.0   -0.009 
  73.895 0.0 0.0   -0.010 
  73.950 0.0 0.0   -0.012 
  74.005 0.0 0.0   -0.013 
  74.061 0.0 0.0   -0.015 
  74.117 0.0 0.0   -0.015 
  74.172 0.0 0.0   -0.016 
  74.227 0.0 0.0   -0.016 
  74.284 0.0 0.0   -0.016 
  74.339 0.0 0.0   -0.015 
  74.394 0.0 0.0   -0.014 
  74.449 0.0 0.0   -0.012 
  74.503 0.0 0.0   -0.011 
  74.559 0.0 0.0   -0.009 
  74.613 0.0 0.0   -0.007 
  74.669 0.0 0.0   -0.006 
  74.725 0.0 0.0   -0.004 
  74.779 0.0 0.0   -0.003 
  74.835 0.0 0.0   -0.001 
  74.891 0.0 0.0    0.000 
  74.946 0.0 0.0    0.003 
  75.001 0.0 0.0    0.004 
  75.056 0.0 0.0    0.007 
  75.111 0.0 0.0    0.009 
  75.167 0.0 0.0    0.011 
  75.222 0.0 0.0    0.013 
  75.277 0.0 0.0    0.015 
  75.332 0.0 0.0    0.016 
  75.387 0.0 0.0    0.017 
  75.443 0.0 0.0    0.018 
  75.498 0.0 0.0    0.018 
  75.554 0.0 0.0    0.018 
  75.610 0.0 0.0    0.018 
  75.665 0.0 0.0    0.018 
  75.721 0.0 0.0    0.017 
  75.775 0.0 0.0    0.016 
  75.830 0.0 0.0    0.014 
  75.886 0.0 0.0    0.012 
  75.941 0.0 0.0    0.010 
  75.995 0.0 0.0    0.008 
  76.051 0.0 0.0    0.006 
  76.106 0.0 0.0    0.004 
  76.162 0.0 0.0    0.002 
  76.218 0.0 0.0    0.000 
  76.272 0.0 0.0   -0.001 
  76.327 0.0 0.0   -0.002 
  76.384 0.0 0.0   -0.004 
  76.438 0.0 0.0   -0.005 
  76.494 0.0 0.0   -0.006 
  76.549 0.0 0.0   -0.007 
  76.605 0.0 0.0   -0.008 
  76.659 0.0 0.0   -0.009 
  76.715 0.0 0.0   -0.010 
  76.770 0.0 0.0   -0.011 
  76.826 0.0 0.0   -0.011 
  76.881 0.0 0.0   -0.011 
  76.938 0.0 0.0   -0.011 
  76.992 0.0 0.0   -0.011 
  77.048 0.0 0.0   -0.010 
  77.103 0.0 0.0   -0.010 
  77.157 0.0 0.0   -0.009 
  77.212 0.0 0.0   -0.008 
  77.268 0.0 0.0   -0.007 
  77.323 0.0 0.0   -0.006 
  77.378 0.0 0.0   -0.005 
  77.434 0.0 0.0   -0.003 
  77.489 0.0 0.0   -0.001 
  77.547 0.0 0.0    0.001 
  77.600 0.0 0.0    0.003 
  77.659 0.0 0.0    0.006 
  77.714 0.0 0.0    0.008 
  77.765 0.0 0.0    0.010 
  77.820 0.0 0.0    0.012 
  77.879 0.0 0.0    0.014 
  77.930 0.0 0.0    0.015 
  77.985 0.0 0.0    0.016 
  78.041 0.0 0.0    0.017 
  78.096 0.0 0.0    0.018 
  78.152 0.0 0.0    0.018 
  78.208 0.0 0.0    0.018 
  78.264 0.0 0.0    0.018 
  78.319 0.0 0.0    0.018 
  78.374 0.0 0.0    0.017 
  78.429 0.0 0.0    0.016 
  78.484 0.0 0.0    0.015 
  78.539 0.0 0.0    0.013 
  78.595 0.0 0.0    0.011 
  78.650 0.0 0.0    0.009 
  78.705 0.0 0.0    0.007 
  78.760 0.0 0.0    0.005 
  78.816 0.0 0.0    0.003 
  78.872 0.0 0.0    0.001 
  78.926 0.0 0.0   -0.000 
  78.981 0.0 0.0   -0.002 
  79.036 0.0 0.0   -0.003 
  79.092 0.0 0.0   -0.005 
  79.148 0.0 0.0   -0.007 
  79.202 0.0 0.0   -0.008 
  79.258 0.0 0.0   -0.010 
  79.313 0.0 0.0   -0.012 
  79.368 0.0 0.0   -0.013 
  79.424 0.0 0.0   -0.015 
  79.479 0.0 0.0   -0.016 
  79.534 0.0 0.0   -0.017 
  79.591 0.0 0.0   -0.017 
  79.646 0.0 0.0   -0.015 
  79.701 0.0 0.0   -0.014 
  79.756 0.0 0.0   -0.012 
  79.811 0.0 0.0   -0.011 
  79.867 0.0 0.0   -0.009 
  79.921 0.0 0.0   -0.008 
  79.977 0.0 0.0   -0.006 
  80.032 0.0 0.0   -0.004 
  80.088 0.0 0.0   -0.002 
  80.143 0.0 0.0    0.001 
  80.198 0.0 0.0    0.003 
  80.254 0.0 0.0    0.005 
  80.309 0.0 0.0    0.007 
  80.364 0.0 0.0    0.009 
  80.419 0.0 0.0    0.011 
  80.474 0.0 0.0    0.013 
  80.528 0.0 0.0    0.014 
  80.584 0.0 0.0    0.016 
  80.640 0.0 0.0    0.017 
  80.695 0.0 0.0    0.017 
  80.750 0.0 0.0    0.017 
  80.806 0.0 0.0    0.017 
  80.862 0.0 0.0    0.017 
  80.918 0.0 0.0    0.017 
  80.974 0.0 0.0    0.017 
  81.028 0.0 0.0    0.017 
  81.084 0.0 0.0    0.016 
  81.139 0.0 0.0    0.015 
  81.195 0.0 0.0    0.013 
  81.250 0.0 0.0    0.012 
  81.305 0.0 0.0    0.010 
  81.361 0.0 0.0    0.007 
  81.470 0.0 0.0    0.005 
  81.501 0.0 0.0    0.002 
  81.550 0.0 0.0    0.000 
  81.608 0.0 0.0   -0.002 
  81.670 0.0 0.0   -0.004 
  81.736 0.0 0.0   -0.006 
  81.791 0.0 0.0   -0.007 
  81.847 0.0 0.0   -0.008 
  81.902 0.0 0.0   -0.009 
  81.958 0.0 0.0   -0.009 
  82.013 0.0 0.0   -0.009 
  82.061 0.0 0.0   -0.009 
  82.116 0.0 0.0   -0.010 
  82.172 0.0 0.0   -0.009 
  82.228 0.0 0.0   -0.009 
  82.284 0.0 0.0   -0.009 
  82.338 0.0 0.0   -0.008 
  82.393 0.0 0.0   -0.008 
  82.448 0.0 0.0   -0.007 
  82.503 0.0 0.0   -0.006 
  82.558 0.0 0.0   -0.005 
  82.614 0.0 0.0   -0.004 
  82.669 0.0 0.0   -0.003 
  82.724 0.0 0.0   -0.002 
  82.779 0.0 0.0   -0.001 
  82.835 0.0 0.0    0.000 
  82.890 0.0 0.0    0.002 
  82.945 0.0 0.0    0.003 
  83.000 0.0 0.0    0.005 
  83.055 0.0 0.0    0.007 
  83.111 0.0 0.0    0.008 
  83.166 0.0 0.0    0.009 
  83.221 0.0 0.0    0.011 
  83.276 0.0 0.0    0.012 
  83.332 0.0 0.0    0.014 
  83.387 0.0 0.0    0.015 
  83.443 0.0 0.0    0.014 
  83.499 0.0 0.0    0.015 
  83.554 0.0 0.0    0.014 
  83.609 0.0 0.0    0.013 
  83.664 0.0 0.0    0.013 
  83.719 0.0 0.0    0.012 
  83.774 0.0 0.0    0.010 
  83.829 0.0 0.0    0.009 
  83.886 0.0 0.0    0.008 
  83.940 0.0 0.0    0.006 
  83.996 0.0 0.0    0.005 
  84.051 0.0 0.0    0.003 
  84.106 0.0 0.0    0.002 
  84.162 0.0 0.0    0.001 
  84.216 0.0 0.0   -0.000 
  84.272 0.0 0.0   -0.002 
  84.327 0.0 0.0   -0.003 
  84.383 0.0 0.0   -0.004 
  84.438 0.0 0.0   -0.005 
  84.493 0.0 0.0   -0.006 
  84.549 0.0 0.0   -0.006 
  84.604 0.0 0.0   -0.007 
  84.659 0.0 0.0   -0.008 
  84.715 0.0 0.0   -0.009 
  84.770 0.0 0.0   -0.009 
  84.826 0.0 0.0   -0.009 
  84.882 0.0 0.0   -0.009 
  84.937 0.0 0.0   -0.009 
  84.992 0.0 0.0   -0.009 
  85.047 0.0 0.0   -0.009 
  85.102 0.0 0.0   -0.008 
  85.157 0.0 0.0   -0.008 
  85.212 0.0 0.0   -0.007 
  85.267 0.0 0.0   -0.006 
  85.322 0.0 0.0   -0.005 
  85.378 0.0 0.0   -0.004 
  85.433 0.0 0.0   -0.002 
  85.489 0.0 0.0    0.000 
  85.544 0.0 0.0    0.003 
  85.599 0.0 0.0    0.005 
  85.654 0.0 0.0    0.007 
  85.710 0.0 0.0    0.009 
  85.764 0.0 0.0    0.011 
  85.820 0.0 0.0    0.013 
  85.874 0.0 0.0    0.015 
  85.930 0.0 0.0    0.016 
  85.985 0.0 0.0    0.016 
  86.040 0.0 0.0    0.017 
  86.096 0.0 0.0    0.017 
  86.152 0.0 0.0    0.017 
  86.207 0.0 0.0    0.017 
  86.263 0.0 0.0    0.017 
  86.318 0.0 0.0    0.017 
  86.373 0.0 0.0    0.015 
  86.491 0.0 0.0    0.014 
  86.524 0.0 0.0    0.012 
  86.572 0.0 0.0    0.011 
  86.629 0.0 0.0    0.009 
  86.693 0.0 0.0    0.007 
  86.753 0.0 0.0    0.005 
  86.808 0.0 0.0    0.003 
  86.864 0.0 0.0    0.001 
  86.919 0.0 0.0   -0.000 
  86.975 0.0 0.0   -0.001 
  87.029 0.0 0.0   -0.003 
  87.084 0.0 0.0   -0.004 
  87.140 0.0 0.0   -0.006 
  87.194 0.0 0.0   -0.007 
  87.250 0.0 0.0   -0.008 
  87.306 0.0 0.0   -0.009 
  87.361 0.0 0.0   -0.010 
  87.416 0.0 0.0   -0.011 
  87.472 0.0 0.0   -0.011 
  87.527 0.0 0.0   -0.011 
  87.583 0.0 0.0   -0.010 
  87.639 0.0 0.0   -0.009 
  87.693 0.0 0.0   -0.008 
  87.748 0.0 0.0   -0.007 
  87.803 0.0 0.0   -0.006 
  87.858 0.0 0.0   -0.005 
  87.913 0.0 0.0   -0.003 
  87.968 0.0 0.0   -0.002 
  88.023 0.0 0.0   -0.002 
  88.079 0.0 0.0   -0.000 
  88.135 0.0 0.0    0.001 
  88.190 0.0 0.0    0.002 
  88.246 0.0 0.0    0.004 
  88.300 0.0 0.0    0.006 
  88.356 0.0 0.0    0.008 
  88.411 0.0 0.0    0.010 
  88.466 0.0 0.0    0.012 
  88.522 0.0 0.0    0.013 
  88.577 0.0 0.0    0.014 
  88.632 0.0 0.0    0.015 
  88.688 0.0 0.0    0.016 
  88.743 0.0 0.0    0.017 
  88.798 0.0 0.0    0.017 
  88.854 0.0 0.0    0.016 
  88.909 0.0 0.0    0.016 
  88.965 0.0 0.0    0.016 
  89.020 0.0 0.0    0.016 
  89.076 0.0 0.0    0.014 
  89.131 0.0 0.0    0.012 
  89.186 0.0 0.0    0.011 
  89.241 0.0 0.0    0.009 
  89.296 0.0 0.0    0.007 
  89.352 0.0 0.0    0.005 
  89.407 0.0 0.0    0.002 
  89.461 0.0 0.0    0.000 
  89.517 0.0 0.0   -0.002 
  89.572 0.0 0.0   -0.004 
  89.628 0.0 0.0   -0.005 
  89.683 0.0 0.0   -0.006 
  89.738 0.0 0.0   -0.006 
  89.793 0.0 0.0   -0.007 
  89.849 0.0 0.0   -0.007 
  89.904 0.0 0.0   -0.008 
  89.960 0.0 0.0   -0.008 
  90.015 0.0 0.0   -0.008 
  90.070 0.0 0.0   -0.008 
  90.126 0.0 0.0   -0.008 
  90.182 0.0 0.0   -0.008 
  90.237 0.0 0.0   -0.007 
  90.293 0.0 0.0   -0.007 
  90.347 0.0 0.0   -0.006 
  90.402 0.0 0.0   -0.006 
  90.457 0.0 0.0   -0.005 
  90.512 0.0 0.0   -0.004 
  90.567 0.0 0.0   -0.004 
  90.622 0.0 0.0   -0.003 
  90.677 0.0 0.0   -0.002 
  90.733 0.0 0.0   -0.001 
  90.787 0.0 0.0   -0.000 
  90.843 0.0 0.0    0.001 
  90.899 0.0 0.0    0.002 
  90.954 0.0 0.0    0.002 
  91.009 0.0 0.0    0.004 
  91.064 0.0 0.0    0.006 
  91.120 0.0 0.0    0.008 
  91.174 0.0 0.0    0.010 
  91.230 0.0 0.0    0.011 
  91.286 0.0 0.0    0.013 
  91.341 0.0 0.0    0.014 
  91.397 0.0 0.0    0.014 
  91.452 0.0 0.0    0.015 
  91.508 0.0 0.0    0.015 
  91.563 0.0 0.0    0.014 
  91.618 0.0 0.0    0.012 
  91.673 0.0 0.0    0.011 
  91.729 0.0 0.0    0.010 
  91.784 0.0 0.0    0.008 
  91.838 0.0 0.0    0.006 
  91.894 0.0 0.0    0.004 
  91.949 0.0 0.0    0.003 
  92.005 0.0 0.0    0.002 
  92.059 0.0 0.0    0.001 
  92.115 0.0 0.0   -0.000 
  92.170 0.0 0.0   -0.001 
  92.226 0.0 0.0   -0.002 
  92.280 0.0 0.0   -0.002 
  92.336 0.0 0.0   -0.003 
  92.391 0.0 0.0   -0.004 
  92.447 0.0 0.0   -0.004 
  92.501 0.0 0.0   -0.005 
  92.557 0.0 0.0   -0.005 
  92.613 0.0 0.0   -0.006 
  92.668 0.0 0.0   -0.006 
  92.728 0.0 0.0   -0.007 
  92.780 0.0 0.0   -0.007 
  92.839 0.0 0.0   -0.007 
  92.894 0.0 0.0   -0.007 
  92.950 0.0 0.0   -0.007 
  92.995 0.0 0.0   -0.007 
  93.050 0.0 0.0   -0.007 
  93.105 0.0 0.0   -0.007 
  93.160 0.0 0.0   -0.006 
  93.219 0.0 0.0   -0.006 
  93.271 0.0 0.0   -0.005 
  93.326 0.0 0.0   -0.004 
  93.385 0.0 0.0   -0.002 
  93.440 0.0 0.0   -0.001 
  93.492 0.0 0.0    0.001 
  93.547 0.0 0.0    0.003 
  93.603 0.0 0.0    0.005 
  93.661 0.0 0.0    0.007 
  93.712 0.0 0.0    0.009 
  93.768 0.0 0.0    0.010 
  93.822 0.0 0.0    0.012 
  93.878 0.0 0.0    0.013 
  93.938 0.0 0.0    0.015 
  93.994 0.0 0.0    0.016 
  94.049 0.0 0.0    0.016 
  94.104 0.0 0.0    0.017 
  94.160 0.0 0.0    0.016 
  94.215 0.0 0.0    0.015 
  94.271 0.0 0.0    0.014 
  94.326 0.0 0.0    0.013 
  94.380 0.0 0.0    0.012 
  94.436 0.0 0.0    0.010 
  94.492 0.0 0.0    0.008 
  94.546 0.0 0.0    0.006 
  94.600 0.0 0.0    0.005 
  94.657 0.0 0.0    0.003 
  94.711 0.0 0.0    0.001 
  94.767 0.0 0.0    0.000 
  94.822 0.0 0.0   -0.000 
  94.877 0.0 0.0   -0.001 
  94.932 0.0 0.0   -0.001 
  94.988 0.0 0.0   -0.002 
  95.044 0.0 0.0   -0.002 
  95.099 0.0 0.0   -0.002 
  95.153 0.0 0.0   -0.003 
  95.209 0.0 0.0   -0.003 
  95.265 0.0 0.0   -0.003 
  95.320 0.0 0.0   -0.003 
  95.376 0.0 0.0   -0.003 
  95.432 0.0 0.0   -0.003 
  95.487 0.0 0.0   -0.003 
  95.542 0.0 0.0   -0.003 
  95.598 0.0 0.0   -0.003 
  95.653 0.0 0.0   -0.003 
  95.708 0.0 0.0   -0.003 
  95.763 0.0 0.0   -0.003 
  95.818 0.0 0.0   -0.003 
  95.873 0.0 0.0   -0.002 
  95.928 0.0 0.0   -0.002 
  95.983 0.0 0.0   -0.001 
  96.039 0.0 0.0   -0.001 
  96.095 0.0 0.0    0.000 
  96.150 0.0 0.0    0.002 
  96.205 0.0 0.0    0.003 
  96.260 0.0 0.0    0.005 
  96.315 0.0 0.0    0.007 
  96.371 0.0 0.0    0.009 
  96.426 0.0 0.0    0.010 
  96.482 0.0 0.0    0.012 
  96.537 0.0 0.0    0.013 
  96.592 0.0 0.0    0.015 
  96.647 0.0 0.0    0.016 
  96.703 0.0 0.0    0.016 
  96.758 0.0 0.0    0.016 
  96.814 0.0 0.0    0.016 
  96.869 0.0 0.0    0.016 
  96.925 0.0 0.0    0.015 
  96.980 0.0 0.0    0.014 
  97.035 0.0 0.0    0.013 
  97.090 0.0 0.0    0.011 
  97.146 0.0 0.0    0.009 
  97.200 0.0 0.0    0.007 
  97.256 0.0 0.0    0.006 
  97.311 0.0 0.0    0.003 
  97.366 0.0 0.0    0.002 
  97.421 0.0 0.0   -0.000 
  97.477 0.0 0.0   -0.002 
  97.532 0.0 0.0   -0.003 
  97.587 0.0 0.0   -0.004 
  97.643 0.0 0.0   -0.005 
  97.698 0.0 0.0   -0.005 
  97.753 0.0 0.0   -0.006 
  97.808 0.0 0.0   -0.006 
  97.864 0.0 0.0   -0.006 
  97.919 0.0 0.0   -0.006 
  97.974 0.0 0.0   -0.007 
  98.030 0.0 0.0   -0.006 
  98.086 0.0 0.0   -0.006 
  98.141 0.0 0.0   -0.006 
  98.196 0.0 0.0   -0.006 
  98.252 0.0 0.0   -0.005 
  98.307 0.0 0.0   -0.005 
  98.362 0.0 0.0   -0.004 
  98.417 0.0 0.0   -0.004 
  98.471 0.0 0.0   -0.004 
  98.527 0.0 0.0   -0.003 
  98.582 0.0 0.0   -0.003 
  98.637 0.0 0.0   -0.002 
  98.693 0.0 0.0   -0.001 
  98.748 0.0 0.0   -0.001 
  98.803 0.0 0.0    0.001 
  98.858 0.0 0.0    0.002 
  98.914 0.0 0.0    0.002 
  98.969 0.0 0.0    0.004 
  99.024 0.0 0.0    0.006 
  99.080 0.0 0.0    0.008 
  99.135 0.0 0.0    0.009 
  99.191 0.0 0.0    0.011 
  99.246 0.0 0.0    0.012 
  99.301 0.0 0.0    0.013 
  99.357 0.0 0.0    0.014 
  99.412 0.0 0.0    0.015 
  99.468 0.0 0.0    0.016 
