   0.000 0.0 0.0   -0.138 
   0.055 0.0 0.0   -0.136 
   0.111 0.0 0.0   -0.133 
   0.165 0.0 0.0   -0.131 
   0.220 0.0 0.0   -0.127 
   0.276 0.0 0.0   -0.123 
   0.331 0.0 0.0   -0.117 
   0.386 0.0 0.0   -0.109 
   0.442 0.0 0.0   -0.099 
   0.496 0.0 0.0   -0.088 
   0.552 0.0 0.0   -0.076 
   0.606 0.0 0.0   -0.063 
   0.662 0.0 0.0   -0.050 
   0.720 0.0 0.0   -0.036 
   0.772 0.0 0.0   -0.023 
   0.828 0.0 0.0   -0.008 
   0.883 0.0 0.0    0.007 
   0.939 0.0 0.0    0.020 
   0.993 0.0 0.0    0.034 
   1.050 0.0 0.0    0.046 
   1.105 0.0 0.0    0.058 
   1.161 0.0 0.0    0.070 
   1.216 0.0 0.0    0.081 
   1.272 0.0 0.0    0.092 
   1.327 0.0 0.0    0.101 
   1.383 0.0 0.0    0.108 
   1.442 0.0 0.0    0.113 
   1.494 0.0 0.0    0.117 
   1.546 0.0 0.0    0.118 
   1.602 0.0 0.0    0.118 
   1.657 0.0 0.0    0.115 
   1.713 0.0 0.0    0.110 
   1.772 0.0 0.0    0.104 
   1.825 0.0 0.0    0.097 
   1.879 0.0 0.0    0.089 
   1.934 0.0 0.0    0.078 
   1.989 0.0 0.0    0.067 
   2.044 0.0 0.0    0.056 
   2.103 0.0 0.0    0.044 
   2.155 0.0 0.0    0.031 
   2.210 0.0 0.0    0.019 
   2.265 0.0 0.0    0.006 
   2.320 0.0 0.0   -0.008 
   2.376 0.0 0.0   -0.022 
   2.435 0.0 0.0   -0.037 
   2.489 0.0 0.0   -0.049 
   2.544 0.0 0.0   -0.061 
   2.600 0.0 0.0   -0.073 
   2.657 0.0 0.0   -0.084 
   2.712 0.0 0.0   -0.092 
   2.768 0.0 0.0   -0.100 
   2.823 0.0 0.0   -0.106 
   2.877 0.0 0.0   -0.109 
   2.931 0.0 0.0   -0.110 
   2.986 0.0 0.0   -0.110 
   3.041 0.0 0.0   -0.108 
   3.098 0.0 0.0   -0.103 
   3.153 0.0 0.0   -0.098 
   3.209 0.0 0.0   -0.090 
   3.264 0.0 0.0   -0.082 
   3.319 0.0 0.0   -0.072 
   3.376 0.0 0.0   -0.063 
   3.429 0.0 0.0   -0.052 
   3.484 0.0 0.0   -0.040 
   3.539 0.0 0.0   -0.027 
   3.593 0.0 0.0   -0.014 
   3.649 0.0 0.0   -0.002 
   3.704 0.0 0.0    0.011 
   3.762 0.0 0.0    0.023 
   3.815 0.0 0.0    0.036 
   3.871 0.0 0.0    0.048 
   3.927 0.0 0.0    0.060 
   3.986 0.0 0.0    0.070 
   4.040 0.0 0.0    0.080 
   4.095 0.0 0.0    0.087 
   4.151 0.0 0.0    0.093 
   4.206 0.0 0.0    0.098 
   4.260 0.0 0.0    0.101 
   4.314 0.0 0.0    0.103 
   4.369 0.0 0.0    0.102 
   4.424 0.0 0.0    0.100 
   4.481 0.0 0.0    0.097 
   4.536 0.0 0.0    0.092 
   4.592 0.0 0.0    0.086 
   4.647 0.0 0.0    0.079 
   4.702 0.0 0.0    0.070 
   4.758 0.0 0.0    0.060 
   4.813 0.0 0.0    0.050 
   4.868 0.0 0.0    0.040 
   4.922 0.0 0.0    0.028 
   4.978 0.0 0.0    0.017 
   5.034 0.0 0.0    0.005 
   5.089 0.0 0.0   -0.007 
   5.144 0.0 0.0   -0.020 
   5.199 0.0 0.0   -0.031 
   5.255 0.0 0.0   -0.043 
   5.310 0.0 0.0   -0.053 
   5.366 0.0 0.0   -0.063 
   5.423 0.0 0.0   -0.072 
   5.478 0.0 0.0   -0.079 
   5.533 0.0 0.0   -0.086 
   5.588 0.0 0.0   -0.090 
   5.642 0.0 0.0   -0.094 
   5.697 0.0 0.0   -0.095 
   5.751 0.0 0.0   -0.095 
   5.807 0.0 0.0   -0.094 
   5.865 0.0 0.0   -0.091 
   5.919 0.0 0.0   -0.087 
   5.974 0.0 0.0   -0.082 
   6.029 0.0 0.0   -0.076 
   6.085 0.0 0.0   -0.068 
   6.139 0.0 0.0   -0.060 
   6.195 0.0 0.0   -0.050 
   6.249 0.0 0.0   -0.040 
   6.305 0.0 0.0   -0.030 
   6.360 0.0 0.0   -0.018 
   6.416 0.0 0.0   -0.008 
   6.471 0.0 0.0    0.004 
   6.526 0.0 0.0    0.016 
   6.585 0.0 0.0    0.026 
   6.637 0.0 0.0    0.037 
   6.692 0.0 0.0    0.047 
   6.748 0.0 0.0    0.056 
   6.804 0.0 0.0    0.064 
   6.860 0.0 0.0    0.072 
   6.914 0.0 0.0    0.078 
   6.970 0.0 0.0    0.083 
   7.024 0.0 0.0    0.086 
   7.078 0.0 0.0    0.088 
   7.132 0.0 0.0    0.089 
   7.187 0.0 0.0    0.088 
   7.242 0.0 0.0    0.086 
   7.298 0.0 0.0    0.083 
   7.355 0.0 0.0    0.078 
   7.410 0.0 0.0    0.072 
   7.465 0.0 0.0    0.065 
   7.522 0.0 0.0    0.057 
   7.577 0.0 0.0    0.048 
   7.633 0.0 0.0    0.038 
   7.687 0.0 0.0    0.028 
   7.742 0.0 0.0    0.017 
   7.797 0.0 0.0    0.006 
   7.852 0.0 0.0   -0.005 
   7.907 0.0 0.0   -0.016 
   7.963 0.0 0.0   -0.026 
   8.018 0.0 0.0   -0.035 
   8.073 0.0 0.0   -0.044 
   8.130 0.0 0.0   -0.052 
   8.186 0.0 0.0   -0.060 
   8.242 0.0 0.0   -0.066 
   8.297 0.0 0.0   -0.072 
   8.351 0.0 0.0   -0.076 
   8.409 0.0 0.0   -0.080 
   8.460 0.0 0.0   -0.081 
   8.515 0.0 0.0   -0.082 
   8.569 0.0 0.0   -0.081 
   8.629 0.0 0.0   -0.079 
   8.681 0.0 0.0   -0.076 
   8.737 0.0 0.0   -0.072 
   8.792 0.0 0.0   -0.066 
   8.847 0.0 0.0   -0.059 
   8.903 0.0 0.0   -0.052 
   8.959 0.0 0.0   -0.044 
   9.014 0.0 0.0   -0.035 
   9.069 0.0 0.0   -0.026 
   9.124 0.0 0.0   -0.017 
   9.179 0.0 0.0   -0.007 
   9.234 0.0 0.0    0.003 
   9.289 0.0 0.0    0.012 
   9.345 0.0 0.0    0.021 
   9.399 0.0 0.0    0.030 
   9.456 0.0 0.0    0.039 
   9.511 0.0 0.0    0.047 
   9.567 0.0 0.0    0.055 
   9.622 0.0 0.0    0.061 
   9.678 0.0 0.0    0.067 
   9.733 0.0 0.0    0.071 
   9.788 0.0 0.0    0.074 
   9.841 0.0 0.0    0.077 
   9.895 0.0 0.0    0.078 
   9.951 0.0 0.0    0.077 
  10.006 0.0 0.0    0.076 
  10.062 0.0 0.0    0.073 
  10.117 0.0 0.0    0.070 
  10.173 0.0 0.0    0.065 
  10.229 0.0 0.0    0.058 
  10.285 0.0 0.0    0.051 
  10.341 0.0 0.0    0.043 
  10.395 0.0 0.0    0.034 
  10.451 0.0 0.0    0.026 
  10.560 0.0 0.0    0.017 
  10.592 0.0 0.0    0.007 
  10.642 0.0 0.0   -0.003 
  10.699 0.0 0.0   -0.012 
  10.760 0.0 0.0   -0.020 
  10.819 0.0 0.0   -0.028 
  10.874 0.0 0.0   -0.036 
  10.930 0.0 0.0   -0.043 
  10.985 0.0 0.0   -0.050 
  11.041 0.0 0.0   -0.056 
  11.096 0.0 0.0   -0.061 
  11.151 0.0 0.0   -0.065 
  11.205 0.0 0.0   -0.067 
  11.259 0.0 0.0   -0.069 
  11.314 0.0 0.0   -0.070 
  11.370 0.0 0.0   -0.069 
  11.425 0.0 0.0   -0.066 
  11.480 0.0 0.0   -0.064 
  11.536 0.0 0.0   -0.059 
  11.591 0.0 0.0   -0.054 
  11.647 0.0 0.0   -0.048 
  11.702 0.0 0.0   -0.042 
  11.757 0.0 0.0   -0.034 
  11.813 0.0 0.0   -0.027 
  11.868 0.0 0.0   -0.018 
  11.923 0.0 0.0   -0.010 
  11.978 0.0 0.0   -0.001 
  12.034 0.0 0.0    0.008 
  12.089 0.0 0.0    0.016 
  12.144 0.0 0.0    0.024 
  12.200 0.0 0.0    0.032 
  12.256 0.0 0.0    0.039 
  12.311 0.0 0.0    0.046 
  12.367 0.0 0.0    0.052 
  12.422 0.0 0.0    0.056 
  12.477 0.0 0.0    0.060 
  12.532 0.0 0.0    0.063 
  12.586 0.0 0.0    0.065 
  12.640 0.0 0.0    0.067 
  12.697 0.0 0.0    0.066 
  12.751 0.0 0.0    0.065 
  12.806 0.0 0.0    0.063 
  12.862 0.0 0.0    0.060 
  12.918 0.0 0.0    0.057 
  12.973 0.0 0.0    0.052 
  13.028 0.0 0.0    0.046 
  13.084 0.0 0.0    0.039 
  13.139 0.0 0.0    0.032 
  13.194 0.0 0.0    0.024 
  13.250 0.0 0.0    0.016 
  13.305 0.0 0.0    0.008 
  13.360 0.0 0.0   -0.000 
  13.417 0.0 0.0   -0.008 
  13.472 0.0 0.0   -0.017 
  13.527 0.0 0.0   -0.025 
  13.583 0.0 0.0   -0.031 
  13.638 0.0 0.0   -0.038 
  13.694 0.0 0.0   -0.044 
  13.748 0.0 0.0   -0.049 
  13.804 0.0 0.0   -0.054 
  13.859 0.0 0.0   -0.057 
  13.913 0.0 0.0   -0.060 
  13.969 0.0 0.0   -0.062 
  14.023 0.0 0.0   -0.062 
  14.079 0.0 0.0   -0.062 
  14.134 0.0 0.0   -0.060 
  14.189 0.0 0.0   -0.058 
  14.244 0.0 0.0   -0.055 
  14.300 0.0 0.0   -0.050 
  14.355 0.0 0.0   -0.045 
  14.411 0.0 0.0   -0.039 
  14.466 0.0 0.0   -0.033 
  14.522 0.0 0.0   -0.026 
  14.577 0.0 0.0   -0.018 
  14.632 0.0 0.0   -0.011 
  14.688 0.0 0.0   -0.004 
  14.743 0.0 0.0    0.004 
  14.798 0.0 0.0    0.012 
  14.854 0.0 0.0    0.019 
  14.909 0.0 0.0    0.025 
  14.965 0.0 0.0    0.031 
  15.020 0.0 0.0    0.037 
  15.075 0.0 0.0    0.042 
  15.130 0.0 0.0    0.047 
  15.186 0.0 0.0    0.051 
  15.240 0.0 0.0    0.054 
  15.294 0.0 0.0    0.056 
  15.349 0.0 0.0    0.058 
  15.403 0.0 0.0    0.059 
  15.460 0.0 0.0    0.059 
  15.515 0.0 0.0    0.058 
  15.570 0.0 0.0    0.055 
  15.625 0.0 0.0    0.052 
  15.681 0.0 0.0    0.048 
  15.736 0.0 0.0    0.043 
  15.793 0.0 0.0    0.039 
  15.848 0.0 0.0    0.033 
  15.904 0.0 0.0    0.027 
  15.959 0.0 0.0    0.020 
  16.014 0.0 0.0    0.014 
  16.069 0.0 0.0    0.006 
  16.125 0.0 0.0   -0.001 
  16.180 0.0 0.0   -0.008 
  16.235 0.0 0.0   -0.014 
  16.291 0.0 0.0   -0.021 
  16.346 0.0 0.0   -0.028 
  16.401 0.0 0.0   -0.034 
  16.457 0.0 0.0   -0.039 
  16.512 0.0 0.0   -0.044 
  16.566 0.0 0.0   -0.047 
  16.621 0.0 0.0   -0.050 
  16.676 0.0 0.0   -0.052 
  16.730 0.0 0.0   -0.053 
  16.786 0.0 0.0   -0.053 
  16.840 0.0 0.0   -0.052 
  16.896 0.0 0.0   -0.051 
  16.951 0.0 0.0   -0.049 
  17.007 0.0 0.0   -0.046 
  17.063 0.0 0.0   -0.042 
  17.119 0.0 0.0   -0.038 
  17.175 0.0 0.0   -0.034 
  17.229 0.0 0.0   -0.028 
  17.285 0.0 0.0   -0.023 
  17.341 0.0 0.0   -0.016 
  17.397 0.0 0.0   -0.010 
  17.451 0.0 0.0   -0.003 
  17.507 0.0 0.0    0.003 
  17.562 0.0 0.0    0.009 
  17.617 0.0 0.0    0.016 
  17.672 0.0 0.0    0.022 
  17.727 0.0 0.0    0.028 
  17.782 0.0 0.0    0.033 
  17.838 0.0 0.0    0.038 
  17.894 0.0 0.0    0.041 
  17.949 0.0 0.0    0.045 
  18.003 0.0 0.0    0.047 
  18.058 0.0 0.0    0.049 
  18.113 0.0 0.0    0.050 
  18.168 0.0 0.0    0.051 
  18.224 0.0 0.0    0.051 
  18.279 0.0 0.0    0.050 
  18.333 0.0 0.0    0.047 
  18.389 0.0 0.0    0.045 
  18.445 0.0 0.0    0.041 
  18.500 0.0 0.0    0.037 
  18.556 0.0 0.0    0.032 
  18.612 0.0 0.0    0.026 
  18.667 0.0 0.0    0.019 
  18.723 0.0 0.0    0.013 
  18.778 0.0 0.0    0.007 
  18.833 0.0 0.0    0.001 
  18.888 0.0 0.0   -0.005 
  18.944 0.0 0.0   -0.012 
  18.998 0.0 0.0   -0.018 
  19.054 0.0 0.0   -0.023 
  19.110 0.0 0.0   -0.028 
  19.164 0.0 0.0   -0.032 
  19.220 0.0 0.0   -0.036 
  19.274 0.0 0.0   -0.040 
  19.329 0.0 0.0   -0.043 
  19.384 0.0 0.0   -0.045 
  19.439 0.0 0.0   -0.047 
  19.494 0.0 0.0   -0.047 
  19.550 0.0 0.0   -0.047 
  19.605 0.0 0.0   -0.046 
  19.661 0.0 0.0   -0.045 
  19.716 0.0 0.0   -0.043 
  19.771 0.0 0.0   -0.039 
  19.826 0.0 0.0   -0.036 
  19.882 0.0 0.0   -0.031 
  19.938 0.0 0.0   -0.028 
  19.993 0.0 0.0   -0.023 
  20.049 0.0 0.0   -0.018 
  20.104 0.0 0.0   -0.013 
  20.159 0.0 0.0   -0.006 
  20.214 0.0 0.0   -0.000 
  20.270 0.0 0.0    0.005 
  20.325 0.0 0.0    0.011 
  20.380 0.0 0.0    0.016 
  20.436 0.0 0.0    0.021 
  20.490 0.0 0.0    0.027 
  20.545 0.0 0.0    0.031 
  20.601 0.0 0.0    0.035 
  20.655 0.0 0.0    0.039 
  20.710 0.0 0.0    0.042 
  20.765 0.0 0.0    0.044 
  20.820 0.0 0.0    0.045 
  20.875 0.0 0.0    0.045 
  20.931 0.0 0.0    0.045 
  20.986 0.0 0.0    0.044 
  21.041 0.0 0.0    0.042 
  21.097 0.0 0.0    0.039 
  21.153 0.0 0.0    0.036 
  21.208 0.0 0.0    0.033 
  21.263 0.0 0.0    0.029 
  21.320 0.0 0.0    0.024 
  21.375 0.0 0.0    0.019 
  21.430 0.0 0.0    0.013 
  21.488 0.0 0.0    0.008 
  21.543 0.0 0.0    0.002 
  21.598 0.0 0.0   -0.003 
  21.652 0.0 0.0   -0.008 
  21.707 0.0 0.0   -0.013 
  21.762 0.0 0.0   -0.018 
  21.816 0.0 0.0   -0.023 
  21.872 0.0 0.0   -0.027 
  21.927 0.0 0.0   -0.030 
  21.982 0.0 0.0   -0.033 
  22.037 0.0 0.0   -0.036 
  22.092 0.0 0.0   -0.038 
  22.146 0.0 0.0   -0.040 
  22.202 0.0 0.0   -0.041 
  22.257 0.0 0.0   -0.041 
  22.313 0.0 0.0   -0.041 
  22.368 0.0 0.0   -0.040 
  22.423 0.0 0.0   -0.038 
  22.479 0.0 0.0   -0.035 
  22.535 0.0 0.0   -0.032 
  22.590 0.0 0.0   -0.029 
  22.645 0.0 0.0   -0.025 
  22.701 0.0 0.0   -0.020 
  22.756 0.0 0.0   -0.015 
  22.811 0.0 0.0   -0.010 
  22.868 0.0 0.0   -0.005 
  22.922 0.0 0.0    0.001 
  22.977 0.0 0.0    0.006 
  23.032 0.0 0.0    0.011 
  23.088 0.0 0.0    0.016 
  23.144 0.0 0.0    0.021 
  23.199 0.0 0.0    0.025 
  23.254 0.0 0.0    0.029 
  23.309 0.0 0.0    0.032 
  23.366 0.0 0.0    0.035 
  23.420 0.0 0.0    0.037 
  23.473 0.0 0.0    0.039 
  23.529 0.0 0.0    0.040 
  23.584 0.0 0.0    0.041 
  23.640 0.0 0.0    0.041 
  23.695 0.0 0.0    0.040 
  23.751 0.0 0.0    0.039 
  23.806 0.0 0.0    0.037 
  23.861 0.0 0.0    0.034 
  23.916 0.0 0.0    0.031 
  23.973 0.0 0.0    0.028 
  24.028 0.0 0.0    0.023 
  24.085 0.0 0.0    0.019 
  24.142 0.0 0.0    0.014 
  24.195 0.0 0.0    0.009 
  24.250 0.0 0.0    0.005 
  24.305 0.0 0.0   -0.000 
  24.360 0.0 0.0   -0.005 
  24.416 0.0 0.0   -0.010 
  24.471 0.0 0.0   -0.015 
  24.526 0.0 0.0   -0.020 
  24.582 0.0 0.0   -0.024 
  24.639 0.0 0.0   -0.028 
  24.692 0.0 0.0   -0.031 
  24.747 0.0 0.0   -0.034 
  24.803 0.0 0.0   -0.036 
  24.856 0.0 0.0   -0.037 
  24.911 0.0 0.0   -0.038 
  24.967 0.0 0.0   -0.038 
  25.022 0.0 0.0   -0.037 
  25.077 0.0 0.0   -0.036 
  25.132 0.0 0.0   -0.034 
  25.188 0.0 0.0   -0.032 
  25.247 0.0 0.0   -0.029 
  25.302 0.0 0.0   -0.026 
  25.357 0.0 0.0   -0.022 
  25.414 0.0 0.0   -0.017 
  25.470 0.0 0.0   -0.011 
  25.525 0.0 0.0   -0.006 
  25.581 0.0 0.0   -0.001 
  25.691 0.0 0.0    0.003 
  25.724 0.0 0.0    0.008 
  25.773 0.0 0.0    0.013 
  25.830 0.0 0.0    0.018 
  25.893 0.0 0.0    0.022 
  25.954 0.0 0.0    0.026 
  26.009 0.0 0.0    0.028 
  26.065 0.0 0.0    0.030 
  26.120 0.0 0.0    0.032 
  26.175 0.0 0.0    0.034 
  26.230 0.0 0.0    0.035 
  26.285 0.0 0.0    0.036 
  26.341 0.0 0.0    0.036 
  26.396 0.0 0.0    0.035 
  26.451 0.0 0.0    0.034 
  26.506 0.0 0.0    0.032 
  26.560 0.0 0.0    0.031 
  26.616 0.0 0.0    0.029 
  26.672 0.0 0.0    0.025 
  26.728 0.0 0.0    0.021 
  26.784 0.0 0.0    0.018 
  26.839 0.0 0.0    0.013 
  26.895 0.0 0.0    0.008 
  26.950 0.0 0.0    0.004 
  27.009 0.0 0.0    0.000 
  27.061 0.0 0.0   -0.005 
  27.116 0.0 0.0   -0.010 
  27.172 0.0 0.0   -0.014 
  27.226 0.0 0.0   -0.018 
  27.281 0.0 0.0   -0.021 
  27.336 0.0 0.0   -0.025 
  27.391 0.0 0.0   -0.027 
  27.447 0.0 0.0   -0.029 
  27.557 0.0 0.0   -0.030 
  27.588 0.0 0.0   -0.032 
  27.638 0.0 0.0   -0.033 
  27.697 0.0 0.0   -0.033 
  27.760 0.0 0.0   -0.032 
  27.820 0.0 0.0   -0.031 
  27.875 0.0 0.0   -0.029 
  27.929 0.0 0.0   -0.027 
  27.985 0.0 0.0   -0.024 
  28.040 0.0 0.0   -0.021 
  28.097 0.0 0.0   -0.017 
  28.152 0.0 0.0   -0.014 
  28.207 0.0 0.0   -0.010 
  28.262 0.0 0.0   -0.006 
  28.318 0.0 0.0   -0.002 
  28.374 0.0 0.0    0.002 
  28.428 0.0 0.0    0.007 
  28.484 0.0 0.0    0.010 
  28.539 0.0 0.0    0.014 
  28.593 0.0 0.0    0.017 
  28.649 0.0 0.0    0.020 
  28.704 0.0 0.0    0.024 
  28.758 0.0 0.0    0.027 
  28.813 0.0 0.0    0.029 
  28.868 0.0 0.0    0.030 
  28.923 0.0 0.0    0.031 
  28.978 0.0 0.0    0.032 
  29.034 0.0 0.0    0.032 
  29.090 0.0 0.0    0.032 
  29.145 0.0 0.0    0.031 
  29.200 0.0 0.0    0.030 
  29.255 0.0 0.0    0.028 
  29.311 0.0 0.0    0.025 
  29.367 0.0 0.0    0.023 
  29.422 0.0 0.0    0.020 
  29.479 0.0 0.0    0.017 
  29.533 0.0 0.0    0.013 
  29.588 0.0 0.0    0.010 
  29.644 0.0 0.0    0.006 
  29.700 0.0 0.0    0.002 
  29.754 0.0 0.0   -0.002 
  29.810 0.0 0.0   -0.006 
  29.865 0.0 0.0   -0.010 
  29.919 0.0 0.0   -0.014 
  29.975 0.0 0.0   -0.017 
  30.030 0.0 0.0   -0.020 
  30.085 0.0 0.0   -0.023 
  30.139 0.0 0.0   -0.026 
  30.194 0.0 0.0   -0.029 
  30.248 0.0 0.0   -0.030 
  30.304 0.0 0.0   -0.031 
  30.360 0.0 0.0   -0.031 
  30.415 0.0 0.0   -0.031 
  30.470 0.0 0.0   -0.030 
  30.525 0.0 0.0   -0.028 
  30.582 0.0 0.0   -0.027 
  30.637 0.0 0.0   -0.025 
  30.692 0.0 0.0   -0.021 
  30.747 0.0 0.0   -0.018 
  30.804 0.0 0.0   -0.015 
  30.859 0.0 0.0   -0.012 
  30.915 0.0 0.0   -0.008 
  30.970 0.0 0.0   -0.005 
  31.024 0.0 0.0   -0.001 
  31.080 0.0 0.0    0.003 
  31.135 0.0 0.0    0.007 
  31.191 0.0 0.0    0.010 
  31.245 0.0 0.0    0.013 
  31.301 0.0 0.0    0.016 
  31.357 0.0 0.0    0.019 
  31.412 0.0 0.0    0.022 
  31.467 0.0 0.0    0.025 
  31.521 0.0 0.0    0.027 
  31.576 0.0 0.0    0.029 
  31.631 0.0 0.0    0.029 
  31.687 0.0 0.0    0.030 
  31.742 0.0 0.0    0.030 
  31.799 0.0 0.0    0.030 
  31.853 0.0 0.0    0.029 
  31.908 0.0 0.0    0.027 
  31.963 0.0 0.0    0.025 
  32.019 0.0 0.0    0.021 
  32.074 0.0 0.0    0.019 
  32.130 0.0 0.0    0.015 
  32.185 0.0 0.0    0.013 
  32.240 0.0 0.0    0.008 
  32.297 0.0 0.0    0.004 
  32.352 0.0 0.0    0.000 
  32.408 0.0 0.0   -0.004 
  32.463 0.0 0.0   -0.007 
  32.518 0.0 0.0   -0.010 
  32.573 0.0 0.0   -0.013 
  32.628 0.0 0.0   -0.016 
  32.683 0.0 0.0   -0.019 
  32.739 0.0 0.0   -0.022 
  32.795 0.0 0.0   -0.024 
  32.848 0.0 0.0   -0.025 
  32.903 0.0 0.0   -0.027 
  32.959 0.0 0.0   -0.028 
  33.013 0.0 0.0   -0.028 
  33.069 0.0 0.0   -0.028 
  33.125 0.0 0.0   -0.028 
  33.183 0.0 0.0   -0.027 
  33.236 0.0 0.0   -0.026 
  33.291 0.0 0.0   -0.024 
  33.346 0.0 0.0   -0.022 
  33.403 0.0 0.0   -0.020 
  33.456 0.0 0.0   -0.017 
  33.512 0.0 0.0   -0.014 
  33.567 0.0 0.0   -0.011 
  33.623 0.0 0.0   -0.008 
  33.678 0.0 0.0   -0.003 
  33.733 0.0 0.0    0.000 
  33.790 0.0 0.0    0.003 
  33.844 0.0 0.0    0.006 
  33.899 0.0 0.0    0.009 
  33.954 0.0 0.0    0.013 
  34.011 0.0 0.0    0.015 
  34.064 0.0 0.0    0.018 
  34.121 0.0 0.0    0.020 
  34.175 0.0 0.0    0.022 
  34.230 0.0 0.0    0.023 
  34.285 0.0 0.0    0.024 
  34.340 0.0 0.0    0.026 
  34.395 0.0 0.0    0.026 
  34.451 0.0 0.0    0.026 
  34.506 0.0 0.0    0.026 
  34.562 0.0 0.0    0.025 
  34.617 0.0 0.0    0.023 
  34.673 0.0 0.0    0.020 
  34.728 0.0 0.0    0.018 
  34.784 0.0 0.0    0.016 
  34.839 0.0 0.0    0.013 
  34.895 0.0 0.0    0.010 
  34.950 0.0 0.0    0.006 
  35.005 0.0 0.0    0.004 
  35.061 0.0 0.0    0.000 
  35.116 0.0 0.0   -0.004 
  35.172 0.0 0.0   -0.006 
  35.226 0.0 0.0   -0.009 
  35.282 0.0 0.0   -0.012 
  35.337 0.0 0.0   -0.014 
  35.392 0.0 0.0   -0.017 
  35.447 0.0 0.0   -0.019 
  35.502 0.0 0.0   -0.022 
  35.556 0.0 0.0   -0.024 
  35.612 0.0 0.0   -0.025 
  35.666 0.0 0.0   -0.026 
  35.725 0.0 0.0   -0.027 
  35.777 0.0 0.0   -0.027 
  35.835 0.0 0.0   -0.026 
  35.889 0.0 0.0   -0.025 
  35.945 0.0 0.0   -0.024 
  36.002 0.0 0.0   -0.023 
  36.054 0.0 0.0   -0.020 
  36.113 0.0 0.0   -0.018 
  36.166 0.0 0.0   -0.015 
  36.221 0.0 0.0   -0.012 
  36.278 0.0 0.0   -0.010 
  36.332 0.0 0.0   -0.007 
  36.388 0.0 0.0   -0.004 
  36.443 0.0 0.0    0.000 
  36.498 0.0 0.0    0.003 
  36.553 0.0 0.0    0.007 
  36.609 0.0 0.0    0.009 
  36.664 0.0 0.0    0.012 
  36.721 0.0 0.0    0.015 
  36.774 0.0 0.0    0.018 
  36.829 0.0 0.0    0.021 
  36.884 0.0 0.0    0.023 
  36.939 0.0 0.0    0.025 
  36.993 0.0 0.0    0.025 
  37.049 0.0 0.0    0.026 
  37.106 0.0 0.0    0.026 
  37.161 0.0 0.0    0.027 
  37.216 0.0 0.0    0.026 
  37.271 0.0 0.0    0.025 
  37.327 0.0 0.0    0.023 
  37.382 0.0 0.0    0.020 
  37.437 0.0 0.0    0.018 
  37.493 0.0 0.0    0.015 
  37.548 0.0 0.0    0.013 
  37.603 0.0 0.0    0.010 
  37.659 0.0 0.0    0.007 
  37.716 0.0 0.0    0.004 
  37.772 0.0 0.0    0.000 
  37.826 0.0 0.0   -0.003 
  37.881 0.0 0.0   -0.006 
  37.936 0.0 0.0   -0.008 
  37.995 0.0 0.0   -0.011 
  38.047 0.0 0.0   -0.014 
  38.101 0.0 0.0   -0.017 
  38.156 0.0 0.0   -0.019 
  38.211 0.0 0.0   -0.021 
  38.266 0.0 0.0   -0.022 
  38.321 0.0 0.0   -0.023 
  38.376 0.0 0.0   -0.024 
  38.432 0.0 0.0   -0.024 
  38.488 0.0 0.0   -0.024 
  38.543 0.0 0.0   -0.024 
  38.598 0.0 0.0   -0.023 
  38.654 0.0 0.0   -0.022 
  38.708 0.0 0.0   -0.019 
  38.763 0.0 0.0   -0.017 
  38.818 0.0 0.0   -0.015 
  38.874 0.0 0.0   -0.013 
  38.929 0.0 0.0   -0.010 
  38.985 0.0 0.0   -0.007 
  39.040 0.0 0.0   -0.003 
  39.096 0.0 0.0    0.000 
  39.150 0.0 0.0    0.003 
  39.206 0.0 0.0    0.006 
  39.261 0.0 0.0    0.009 
  39.317 0.0 0.0    0.012 
  39.372 0.0 0.0    0.014 
  39.427 0.0 0.0    0.017 
  39.481 0.0 0.0    0.019 
  39.537 0.0 0.0    0.020 
  39.592 0.0 0.0    0.021 
  39.647 0.0 0.0    0.022 
  39.702 0.0 0.0    0.023 
  39.758 0.0 0.0    0.023 
  39.814 0.0 0.0    0.023 
  39.871 0.0 0.0    0.022 
  39.925 0.0 0.0    0.021 
  39.980 0.0 0.0    0.019 
  40.034 0.0 0.0    0.018 
  40.090 0.0 0.0    0.016 
  40.145 0.0 0.0    0.014 
  40.201 0.0 0.0    0.012 
  40.256 0.0 0.0    0.009 
  40.312 0.0 0.0    0.006 
  40.366 0.0 0.0    0.002 
  40.422 0.0 0.0   -0.001 
  40.478 0.0 0.0   -0.003 
  40.532 0.0 0.0   -0.005 
  40.587 0.0 0.0   -0.008 
  40.643 0.0 0.0   -0.011 
  40.698 0.0 0.0   -0.014 
  40.753 0.0 0.0   -0.016 
  40.807 0.0 0.0   -0.018 
  40.863 0.0 0.0   -0.019 
  40.918 0.0 0.0   -0.020 
  40.972 0.0 0.0   -0.021 
  41.028 0.0 0.0   -0.021 
  41.083 0.0 0.0   -0.022 
  41.140 0.0 0.0   -0.022 
  41.196 0.0 0.0   -0.021 
  41.251 0.0 0.0   -0.021 
  41.306 0.0 0.0   -0.020 
  41.361 0.0 0.0   -0.018 
  41.416 0.0 0.0   -0.015 
  41.473 0.0 0.0   -0.013 
  41.525 0.0 0.0   -0.011 
  41.582 0.0 0.0   -0.009 
  41.636 0.0 0.0   -0.006 
  41.693 0.0 0.0   -0.004 
  41.748 0.0 0.0   -0.002 
  41.804 0.0 0.0    0.001 
  41.859 0.0 0.0    0.003 
  41.915 0.0 0.0    0.006 
  41.969 0.0 0.0    0.008 
  42.025 0.0 0.0    0.010 
  42.080 0.0 0.0    0.013 
  42.134 0.0 0.0    0.015 
  42.189 0.0 0.0    0.017 
  42.245 0.0 0.0    0.019 
  42.301 0.0 0.0    0.021 
  42.356 0.0 0.0    0.022 
  42.411 0.0 0.0    0.023 
  42.466 0.0 0.0    0.023 
  42.523 0.0 0.0    0.022 
  42.577 0.0 0.0    0.021 
  42.632 0.0 0.0    0.020 
  42.686 0.0 0.0    0.018 
  42.742 0.0 0.0    0.016 
  42.798 0.0 0.0    0.014 
  42.853 0.0 0.0    0.012 
  42.909 0.0 0.0    0.009 
  42.964 0.0 0.0    0.005 
  43.020 0.0 0.0    0.003 
  43.074 0.0 0.0    0.001 
  43.131 0.0 0.0   -0.002 
  43.186 0.0 0.0   -0.004 
  43.241 0.0 0.0   -0.007 
  43.296 0.0 0.0   -0.009 
  43.351 0.0 0.0   -0.012 
  43.406 0.0 0.0   -0.015 
  43.461 0.0 0.0   -0.017 
  43.516 0.0 0.0   -0.018 
  43.571 0.0 0.0   -0.020 
  43.626 0.0 0.0   -0.021 
  43.681 0.0 0.0   -0.022 
  43.737 0.0 0.0   -0.023 
  43.793 0.0 0.0   -0.023 
  43.848 0.0 0.0   -0.022 
  43.905 0.0 0.0   -0.021 
  43.959 0.0 0.0   -0.020 
  44.014 0.0 0.0   -0.018 
  44.069 0.0 0.0   -0.017 
  44.126 0.0 0.0   -0.015 
  44.180 0.0 0.0   -0.013 
  44.236 0.0 0.0   -0.010 
  44.291 0.0 0.0   -0.008 
  44.344 0.0 0.0   -0.006 
  44.402 0.0 0.0   -0.003 
  44.456 0.0 0.0   -0.001 
  44.512 0.0 0.0    0.001 
  44.567 0.0 0.0    0.004 
  44.623 0.0 0.0    0.007 
  44.677 0.0 0.0    0.010 
  44.733 0.0 0.0    0.012 
  44.788 0.0 0.0    0.014 
  44.843 0.0 0.0    0.016 
  44.898 0.0 0.0    0.018 
  44.954 0.0 0.0    0.019 
  45.009 0.0 0.0    0.021 
  45.064 0.0 0.0    0.021 
  45.120 0.0 0.0    0.022 
  45.176 0.0 0.0    0.021 
  45.232 0.0 0.0    0.021 
  45.287 0.0 0.0    0.020 
  45.341 0.0 0.0    0.018 
  45.396 0.0 0.0    0.016 
  45.451 0.0 0.0    0.013 
  45.507 0.0 0.0    0.011 
  45.562 0.0 0.0    0.009 
  45.617 0.0 0.0    0.007 
  45.673 0.0 0.0    0.003 
  45.728 0.0 0.0    0.000 
  45.785 0.0 0.0   -0.003 
  45.840 0.0 0.0   -0.006 
  45.895 0.0 0.0   -0.008 
  45.950 0.0 0.0   -0.010 
  46.005 0.0 0.0   -0.012 
  46.060 0.0 0.0   -0.014 
  46.115 0.0 0.0   -0.016 
  46.171 0.0 0.0   -0.017 
  46.225 0.0 0.0   -0.018 
  46.281 0.0 0.0   -0.019 
  46.337 0.0 0.0   -0.019 
  46.392 0.0 0.0   -0.019 
  46.447 0.0 0.0   -0.019 
  46.504 0.0 0.0   -0.019 
  46.559 0.0 0.0   -0.018 
  46.614 0.0 0.0   -0.017 
  46.669 0.0 0.0   -0.016 
  46.724 0.0 0.0   -0.015 
  46.780 0.0 0.0   -0.013 
  46.834 0.0 0.0   -0.011 
  46.890 0.0 0.0   -0.010 
  46.945 0.0 0.0   -0.008 
  47.001 0.0 0.0   -0.005 
  47.056 0.0 0.0   -0.002 
  47.112 0.0 0.0    0.001 
  47.167 0.0 0.0    0.004 
  47.222 0.0 0.0    0.006 
  47.278 0.0 0.0    0.008 
  47.332 0.0 0.0    0.010 
  47.388 0.0 0.0    0.012 
  47.442 0.0 0.0    0.014 
  47.498 0.0 0.0    0.016 
  47.552 0.0 0.0    0.018 
  47.608 0.0 0.0    0.018 
  47.663 0.0 0.0    0.018 
  47.719 0.0 0.0    0.019 
  47.775 0.0 0.0    0.019 
  47.830 0.0 0.0    0.020 
  47.886 0.0 0.0    0.020 
  47.941 0.0 0.0    0.018 
  47.996 0.0 0.0    0.017 
  48.051 0.0 0.0    0.015 
  48.106 0.0 0.0    0.014 
  48.162 0.0 0.0    0.011 
  48.219 0.0 0.0    0.009 
  48.273 0.0 0.0    0.007 
  48.328 0.0 0.0    0.005 
  48.383 0.0 0.0    0.002 
  48.438 0.0 0.0    0.000 
  48.494 0.0 0.0   -0.001 
  48.549 0.0 0.0   -0.004 
  48.604 0.0 0.0   -0.006 
  48.659 0.0 0.0   -0.008 
  48.715 0.0 0.0   -0.010 
  48.769 0.0 0.0   -0.013 
  48.825 0.0 0.0   -0.014 
  48.880 0.0 0.0   -0.016 
  48.935 0.0 0.0   -0.017 
  48.991 0.0 0.0   -0.018 
  49.046 0.0 0.0   -0.019 
  49.101 0.0 0.0   -0.019 
  49.157 0.0 0.0   -0.019 
  49.212 0.0 0.0   -0.018 
  49.266 0.0 0.0   -0.016 
  49.323 0.0 0.0   -0.015 
  49.377 0.0 0.0   -0.013 
  49.433 0.0 0.0   -0.011 
  49.489 0.0 0.0   -0.010 
  49.544 0.0 0.0   -0.008 
  49.599 0.0 0.0   -0.005 
  49.654 0.0 0.0   -0.004 
  49.710 0.0 0.0   -0.002 
  49.766 0.0 0.0   -0.000 
  49.821 0.0 0.0    0.001 
  49.876 0.0 0.0    0.003 
  49.931 0.0 0.0    0.006 
  49.986 0.0 0.0    0.008 
  50.041 0.0 0.0    0.011 
  50.097 0.0 0.0    0.012 
  50.152 0.0 0.0    0.013 
  50.206 0.0 0.0    0.015 
  50.261 0.0 0.0    0.016 
  50.318 0.0 0.0    0.018 
  50.373 0.0 0.0    0.019 
  50.428 0.0 0.0    0.019 
  50.484 0.0 0.0    0.018 
  50.540 0.0 0.0    0.018 
  50.594 0.0 0.0    0.018 
  50.651 0.0 0.0    0.017 
  50.705 0.0 0.0    0.016 
  50.760 0.0 0.0    0.015 
  50.816 0.0 0.0    0.012 
  50.871 0.0 0.0    0.010 
  50.926 0.0 0.0    0.008 
  50.983 0.0 0.0    0.006 
  51.037 0.0 0.0    0.004 
  51.092 0.0 0.0    0.001 
  51.147 0.0 0.0   -0.002 
  51.203 0.0 0.0   -0.005 
  51.259 0.0 0.0   -0.007 
  51.314 0.0 0.0   -0.009 
  51.369 0.0 0.0   -0.010 
  51.424 0.0 0.0   -0.012 
  51.479 0.0 0.0   -0.013 
  51.534 0.0 0.0   -0.014 
  51.590 0.0 0.0   -0.016 
  51.642 0.0 0.0   -0.017 
  51.700 0.0 0.0   -0.018 
  51.755 0.0 0.0   -0.018 
  51.812 0.0 0.0   -0.018 
  51.867 0.0 0.0   -0.018 
  51.922 0.0 0.0   -0.018 
  51.978 0.0 0.0   -0.018 
  52.032 0.0 0.0   -0.017 
  52.088 0.0 0.0   -0.016 
  52.143 0.0 0.0   -0.014 
  52.198 0.0 0.0   -0.012 
  52.254 0.0 0.0   -0.009 
  52.308 0.0 0.0   -0.007 
  52.363 0.0 0.0   -0.004 
  52.418 0.0 0.0   -0.002 
  52.474 0.0 0.0    0.001 
  52.529 0.0 0.0    0.003 
  52.585 0.0 0.0    0.006 
  52.640 0.0 0.0    0.008 
  52.695 0.0 0.0    0.010 
  52.751 0.0 0.0    0.012 
  52.806 0.0 0.0    0.013 
  52.861 0.0 0.0    0.015 
  52.915 0.0 0.0    0.016 
  52.972 0.0 0.0    0.017 
  53.026 0.0 0.0    0.018 
  53.082 0.0 0.0    0.018 
  53.138 0.0 0.0    0.019 
  53.193 0.0 0.0    0.019 
  53.249 0.0 0.0    0.019 
  53.304 0.0 0.0    0.018 
  53.358 0.0 0.0    0.017 
  53.413 0.0 0.0    0.015 
  53.469 0.0 0.0    0.013 
  53.584 0.0 0.0    0.011 
  53.618 0.0 0.0    0.009 
  53.665 0.0 0.0    0.007 
  53.723 0.0 0.0    0.004 
  53.785 0.0 0.0    0.002 
  53.846 0.0 0.0   -0.001 
  53.902 0.0 0.0   -0.003 
  53.959 0.0 0.0   -0.005 
  54.012 0.0 0.0   -0.006 
  54.068 0.0 0.0   -0.008 
  54.123 0.0 0.0   -0.010 
  54.178 0.0 0.0   -0.011 
  54.233 0.0 0.0   -0.013 
  54.288 0.0 0.0   -0.014 
  54.344 0.0 0.0   -0.015 
  54.400 0.0 0.0   -0.016 
  54.458 0.0 0.0   -0.016 
  54.511 0.0 0.0   -0.016 
  54.567 0.0 0.0   -0.016 
  54.622 0.0 0.0   -0.016 
  54.676 0.0 0.0   -0.015 
  54.731 0.0 0.0   -0.014 
  54.790 0.0 0.0   -0.012 
  54.841 0.0 0.0   -0.010 
  54.901 0.0 0.0   -0.008 
  54.952 0.0 0.0   -0.006 
  55.008 0.0 0.0   -0.004 
  55.063 0.0 0.0   -0.001 
  55.117 0.0 0.0    0.001 
  55.173 0.0 0.0    0.003 
  55.283 0.0 0.0    0.005 
  55.314 0.0 0.0    0.007 
  55.364 0.0 0.0    0.009 
  55.424 0.0 0.0    0.010 
  55.482 0.0 0.0    0.011 
  55.541 0.0 0.0    0.013 
  55.597 0.0 0.0    0.014 
  55.653 0.0 0.0    0.015 
  55.708 0.0 0.0    0.015 
  55.763 0.0 0.0    0.015 
  55.820 0.0 0.0    0.015 
  55.875 0.0 0.0    0.014 
  55.930 0.0 0.0    0.014 
  55.986 0.0 0.0    0.013 
  56.040 0.0 0.0    0.013 
  56.094 0.0 0.0    0.011 
  56.151 0.0 0.0    0.010 
  56.205 0.0 0.0    0.008 
  56.261 0.0 0.0    0.006 
  56.316 0.0 0.0    0.004 
  56.371 0.0 0.0    0.003 
  56.427 0.0 0.0    0.002 
  56.484 0.0 0.0    0.000 
  56.537 0.0 0.0   -0.002 
  56.592 0.0 0.0   -0.005 
  56.648 0.0 0.0   -0.006 
  56.703 0.0 0.0   -0.008 
  56.759 0.0 0.0   -0.009 
  56.813 0.0 0.0   -0.011 
  56.869 0.0 0.0   -0.012 
  56.924 0.0 0.0   -0.012 
  56.980 0.0 0.0   -0.013 
  57.035 0.0 0.0   -0.014 
  57.090 0.0 0.0   -0.014 
  57.146 0.0 0.0   -0.014 
  57.201 0.0 0.0   -0.013 
  57.257 0.0 0.0   -0.012 
  57.312 0.0 0.0   -0.011 
  57.367 0.0 0.0   -0.009 
  57.422 0.0 0.0   -0.008 
  57.477 0.0 0.0   -0.007 
  57.532 0.0 0.0   -0.005 
  57.587 0.0 0.0   -0.003 
  57.642 0.0 0.0   -0.002 
  57.698 0.0 0.0   -0.000 
  57.753 0.0 0.0    0.001 
  57.809 0.0 0.0    0.002 
  57.864 0.0 0.0    0.003 
  57.919 0.0 0.0    0.004 
  57.974 0.0 0.0    0.006 
  58.030 0.0 0.0    0.007 
  58.086 0.0 0.0    0.009 
  58.139 0.0 0.0    0.010 
  58.196 0.0 0.0    0.011 
  58.251 0.0 0.0    0.013 
  58.306 0.0 0.0    0.014 
  58.362 0.0 0.0    0.015 
  58.418 0.0 0.0    0.015 
  58.473 0.0 0.0    0.015 
  58.529 0.0 0.0    0.014 
  58.583 0.0 0.0    0.014 
  58.639 0.0 0.0    0.013 
  58.693 0.0 0.0    0.012 
  58.748 0.0 0.0    0.011 
  58.804 0.0 0.0    0.009 
  58.859 0.0 0.0    0.007 
  58.914 0.0 0.0    0.005 
  58.971 0.0 0.0    0.003 
  59.025 0.0 0.0    0.002 
  59.081 0.0 0.0    0.000 
  59.136 0.0 0.0   -0.001 
  59.191 0.0 0.0   -0.003 
  59.246 0.0 0.0   -0.005 
  59.303 0.0 0.0   -0.007 
  59.356 0.0 0.0   -0.009 
  59.413 0.0 0.0   -0.011 
  59.468 0.0 0.0   -0.011 
  59.523 0.0 0.0   -0.013 
  59.578 0.0 0.0   -0.015 
  59.633 0.0 0.0   -0.016 
  59.689 0.0 0.0   -0.017 
  59.744 0.0 0.0   -0.017 
  59.802 0.0 0.0   -0.017 
  59.855 0.0 0.0   -0.016 
  59.911 0.0 0.0   -0.015 
  59.966 0.0 0.0   -0.015 
  60.021 0.0 0.0   -0.013 
  60.076 0.0 0.0   -0.012 
  60.132 0.0 0.0   -0.010 
  60.188 0.0 0.0   -0.008 
  60.242 0.0 0.0   -0.007 
  60.297 0.0 0.0   -0.005 
  60.352 0.0 0.0   -0.002 
  60.407 0.0 0.0    0.000 
  60.463 0.0 0.0    0.002 
  60.517 0.0 0.0    0.004 
  60.573 0.0 0.0    0.006 
  60.628 0.0 0.0    0.008 
  60.684 0.0 0.0    0.010 
  60.739 0.0 0.0    0.010 
  60.794 0.0 0.0    0.011 
  60.850 0.0 0.0    0.012 
  60.907 0.0 0.0    0.012 
  60.960 0.0 0.0    0.013 
  61.015 0.0 0.0    0.014 
  61.071 0.0 0.0    0.014 
  61.126 0.0 0.0    0.014 
  61.183 0.0 0.0    0.013 
  61.238 0.0 0.0    0.013 
  61.293 0.0 0.0    0.012 
  61.347 0.0 0.0    0.012 
  61.403 0.0 0.0    0.010 
  61.457 0.0 0.0    0.009 
  61.516 0.0 0.0    0.007 
  61.567 0.0 0.0    0.006 
  61.623 0.0 0.0    0.005 
  61.678 0.0 0.0    0.003 
  61.734 0.0 0.0    0.002 
  61.788 0.0 0.0    0.001 
  61.845 0.0 0.0   -0.000 
  61.900 0.0 0.0   -0.001 
  61.955 0.0 0.0   -0.002 
  62.010 0.0 0.0   -0.003 
  62.065 0.0 0.0   -0.004 
  62.121 0.0 0.0   -0.006 
  62.177 0.0 0.0   -0.008 
  62.232 0.0 0.0   -0.009 
  62.287 0.0 0.0   -0.010 
  62.343 0.0 0.0   -0.011 
  62.399 0.0 0.0   -0.012 
  62.454 0.0 0.0   -0.012 
  62.510 0.0 0.0   -0.012 
  62.566 0.0 0.0   -0.011 
  62.619 0.0 0.0   -0.011 
  62.674 0.0 0.0   -0.010 
  62.730 0.0 0.0   -0.008 
  62.784 0.0 0.0   -0.006 
  62.840 0.0 0.0   -0.005 
  62.895 0.0 0.0   -0.004 
  62.950 0.0 0.0   -0.003 
  63.006 0.0 0.0   -0.002 
  63.061 0.0 0.0   -0.000 
  63.116 0.0 0.0    0.001 
  63.171 0.0 0.0    0.004 
  63.226 0.0 0.0    0.006 
  63.282 0.0 0.0    0.006 
  63.338 0.0 0.0    0.007 
  63.392 0.0 0.0    0.008 
  63.448 0.0 0.0    0.008 
  63.504 0.0 0.0    0.009 
  63.559 0.0 0.0    0.010 
  63.614 0.0 0.0    0.010 
  63.669 0.0 0.0    0.009 
  63.725 0.0 0.0    0.008 
  63.781 0.0 0.0    0.007 
  63.836 0.0 0.0    0.007 
  63.891 0.0 0.0    0.007 
  63.946 0.0 0.0    0.007 
  64.001 0.0 0.0    0.007 
  64.056 0.0 0.0    0.006 
  64.111 0.0 0.0    0.005 
  64.166 0.0 0.0    0.005 
  64.221 0.0 0.0    0.004 
  64.277 0.0 0.0    0.002 
  64.331 0.0 0.0    0.001 
  64.387 0.0 0.0    0.001 
  64.442 0.0 0.0    0.000 
  64.497 0.0 0.0   -0.002 
  64.553 0.0 0.0   -0.004 
  64.608 0.0 0.0   -0.005 
  64.663 0.0 0.0   -0.007 
  64.719 0.0 0.0   -0.008 
  64.773 0.0 0.0   -0.010 
  64.829 0.0 0.0   -0.009 
  64.884 0.0 0.0   -0.010 
  64.939 0.0 0.0   -0.011 
  64.995 0.0 0.0   -0.012 
  65.050 0.0 0.0   -0.012 
  65.106 0.0 0.0   -0.012 
  65.161 0.0 0.0   -0.012 
  65.217 0.0 0.0   -0.011 
  65.273 0.0 0.0   -0.010 
  65.327 0.0 0.0   -0.009 
  65.383 0.0 0.0   -0.008 
  65.438 0.0 0.0   -0.007 
  65.493 0.0 0.0   -0.005 
  65.547 0.0 0.0   -0.004 
  65.603 0.0 0.0   -0.002 
  65.657 0.0 0.0   -0.000 
  65.712 0.0 0.0    0.001 
  65.768 0.0 0.0    0.002 
  65.824 0.0 0.0    0.002 
  65.879 0.0 0.0    0.004 
  65.934 0.0 0.0    0.006 
  65.989 0.0 0.0    0.007 
  66.044 0.0 0.0    0.009 
  66.100 0.0 0.0    0.009 
  66.154 0.0 0.0    0.010 
  66.211 0.0 0.0    0.011 
  66.265 0.0 0.0    0.012 
  66.321 0.0 0.0    0.013 
  66.377 0.0 0.0    0.013 
  66.433 0.0 0.0    0.012 
  66.488 0.0 0.0    0.011 
  66.543 0.0 0.0    0.011 
  66.598 0.0 0.0    0.010 
  66.653 0.0 0.0    0.010 
  66.711 0.0 0.0    0.009 
  66.763 0.0 0.0    0.008 
  66.817 0.0 0.0    0.006 
  66.872 0.0 0.0    0.004 
  66.927 0.0 0.0    0.002 
  66.983 0.0 0.0    0.002 
  67.039 0.0 0.0    0.001 
  67.094 0.0 0.0   -0.000 
  67.149 0.0 0.0   -0.002 
  67.204 0.0 0.0   -0.003 
  67.259 0.0 0.0   -0.005 
  67.315 0.0 0.0   -0.007 
  67.371 0.0 0.0   -0.008 
  67.425 0.0 0.0   -0.010 
  67.480 0.0 0.0   -0.010 
  67.535 0.0 0.0   -0.012 
  67.591 0.0 0.0   -0.014 
  67.646 0.0 0.0   -0.015 
  67.702 0.0 0.0   -0.016 
  67.758 0.0 0.0   -0.017 
  67.812 0.0 0.0   -0.016 
  67.868 0.0 0.0   -0.016 
  67.924 0.0 0.0   -0.015 
  67.978 0.0 0.0   -0.014 
  68.034 0.0 0.0   -0.013 
  68.088 0.0 0.0   -0.011 
  68.143 0.0 0.0   -0.010 
  68.200 0.0 0.0   -0.008 
  68.254 0.0 0.0   -0.006 
  68.310 0.0 0.0   -0.004 
  68.365 0.0 0.0   -0.002 
  68.420 0.0 0.0    0.000 
  68.476 0.0 0.0    0.001 
  68.532 0.0 0.0    0.003 
  68.587 0.0 0.0    0.005 
  68.642 0.0 0.0    0.006 
  68.697 0.0 0.0    0.007 
  68.753 0.0 0.0    0.008 
  68.808 0.0 0.0    0.009 
  68.863 0.0 0.0    0.009 
  68.918 0.0 0.0    0.010 
  68.974 0.0 0.0    0.010 
  69.029 0.0 0.0    0.010 
  69.084 0.0 0.0    0.010 
  69.139 0.0 0.0    0.010 
  69.195 0.0 0.0    0.009 
  69.250 0.0 0.0    0.009 
  69.305 0.0 0.0    0.008 
  69.360 0.0 0.0    0.008 
  69.416 0.0 0.0    0.007 
  69.471 0.0 0.0    0.006 
  69.525 0.0 0.0    0.005 
  69.580 0.0 0.0    0.005 
  69.636 0.0 0.0    0.004 
  69.691 0.0 0.0    0.003 
  69.747 0.0 0.0    0.002 
  69.803 0.0 0.0    0.001 
  69.857 0.0 0.0   -0.000 
  69.912 0.0 0.0   -0.001 
  69.968 0.0 0.0   -0.002 
  70.024 0.0 0.0   -0.003 
  70.079 0.0 0.0   -0.004 
  70.134 0.0 0.0   -0.005 
  70.190 0.0 0.0   -0.006 
  70.245 0.0 0.0   -0.007 
  70.301 0.0 0.0   -0.008 
  70.357 0.0 0.0   -0.008 
  70.412 0.0 0.0   -0.009 
  70.467 0.0 0.0   -0.009 
  70.522 0.0 0.0   -0.008 
  70.578 0.0 0.0   -0.008 
  70.634 0.0 0.0   -0.007 
  70.687 0.0 0.0   -0.007 
  70.742 0.0 0.0   -0.006 
  70.798 0.0 0.0   -0.005 
  70.853 0.0 0.0   -0.005 
  70.908 0.0 0.0   -0.004 
  70.963 0.0 0.0   -0.002 
  71.019 0.0 0.0   -0.002 
  71.074 0.0 0.0   -0.001 
  71.129 0.0 0.0    0.001 
  71.185 0.0 0.0    0.003 
  71.240 0.0 0.0    0.005 
  71.296 0.0 0.0    0.006 
  71.351 0.0 0.0    0.007 
  71.406 0.0 0.0    0.007 
  71.461 0.0 0.0    0.008 
  71.516 0.0 0.0    0.008 
  71.571 0.0 0.0    0.008 
  71.627 0.0 0.0    0.008 
  71.683 0.0 0.0    0.007 
  71.739 0.0 0.0    0.006 
  71.794 0.0 0.0    0.005 
  71.850 0.0 0.0    0.004 
  71.904 0.0 0.0    0.004 
  71.959 0.0 0.0    0.004 
  72.014 0.0 0.0    0.004 
  72.069 0.0 0.0    0.003 
  72.125 0.0 0.0    0.003 
  72.180 0.0 0.0    0.002 
  72.236 0.0 0.0    0.001 
  72.290 0.0 0.0   -0.000 
  72.346 0.0 0.0   -0.001 
  72.401 0.0 0.0   -0.002 
  72.456 0.0 0.0   -0.003 
  72.511 0.0 0.0   -0.005 
  72.567 0.0 0.0   -0.006 
  72.622 0.0 0.0   -0.007 
  72.677 0.0 0.0   -0.008 
  72.733 0.0 0.0   -0.010 
  72.788 0.0 0.0   -0.010 
  72.844 0.0 0.0   -0.010 
  72.899 0.0 0.0   -0.010 
  72.955 0.0 0.0   -0.010 
  73.010 0.0 0.0   -0.010 
  73.066 0.0 0.0   -0.009 
  73.121 0.0 0.0   -0.009 
  73.176 0.0 0.0   -0.010 
  73.231 0.0 0.0   -0.009 
  73.287 0.0 0.0   -0.007 
  73.342 0.0 0.0   -0.006 
  73.397 0.0 0.0   -0.005 
  73.452 0.0 0.0   -0.004 
  73.508 0.0 0.0   -0.003 
  73.563 0.0 0.0   -0.003 
  73.617 0.0 0.0   -0.001 
  73.673 0.0 0.0    0.001 
  73.728 0.0 0.0    0.002 
  73.784 0.0 0.0    0.003 
  73.839 0.0 0.0    0.005 
  73.893 0.0 0.0    0.007 
  73.949 0.0 0.0    0.009 
  74.005 0.0 0.0    0.009 
  74.060 0.0 0.0    0.010 
  74.116 0.0 0.0    0.010 
  74.171 0.0 0.0    0.011 
  74.226 0.0 0.0    0.012 
  74.282 0.0 0.0    0.013 
  74.338 0.0 0.0    0.013 
  74.392 0.0 0.0    0.012 
  74.448 0.0 0.0    0.010 
  74.503 0.0 0.0    0.009 
  74.558 0.0 0.0    0.009 
  74.614 0.0 0.0    0.009 
  74.669 0.0 0.0    0.008 
  74.723 0.0 0.0    0.007 
  74.779 0.0 0.0    0.005 
  74.834 0.0 0.0    0.003 
  74.889 0.0 0.0    0.002 
  74.944 0.0 0.0    0.001 
  75.000 0.0 0.0   -0.001 
  75.055 0.0 0.0   -0.001 
  75.110 0.0 0.0   -0.002 
  75.166 0.0 0.0   -0.003 
  75.221 0.0 0.0   -0.004 
  75.275 0.0 0.0   -0.005 
  75.331 0.0 0.0   -0.007 
  75.387 0.0 0.0   -0.008 
  75.442 0.0 0.0   -0.010 
  75.497 0.0 0.0   -0.011 
  75.553 0.0 0.0   -0.011 
  75.609 0.0 0.0   -0.013 
  75.664 0.0 0.0   -0.014 
  75.719 0.0 0.0   -0.015 
  75.773 0.0 0.0   -0.016 
  75.829 0.0 0.0   -0.017 
  75.885 0.0 0.0   -0.015 
  75.940 0.0 0.0   -0.014 
  75.995 0.0 0.0   -0.012 
  76.050 0.0 0.0   -0.011 
  76.105 0.0 0.0   -0.009 
  76.160 0.0 0.0   -0.007 
  76.215 0.0 0.0   -0.005 
  76.271 0.0 0.0   -0.003 
  76.326 0.0 0.0   -0.001 
  76.381 0.0 0.0    0.001 
  76.436 0.0 0.0    0.002 
  76.493 0.0 0.0    0.002 
  76.547 0.0 0.0    0.004 
  76.602 0.0 0.0    0.005 
  76.658 0.0 0.0    0.007 
  76.712 0.0 0.0    0.007 
  76.769 0.0 0.0    0.008 
  76.824 0.0 0.0    0.007 
  76.880 0.0 0.0    0.008 
  76.934 0.0 0.0    0.008 
  76.990 0.0 0.0    0.009 
  77.045 0.0 0.0    0.009 
  77.101 0.0 0.0    0.008 
  77.156 0.0 0.0    0.008 
  77.212 0.0 0.0    0.008 
  77.266 0.0 0.0    0.007 
  77.322 0.0 0.0    0.007 
  77.376 0.0 0.0    0.007 
  77.432 0.0 0.0    0.006 
  77.487 0.0 0.0    0.004 
  77.542 0.0 0.0    0.003 
  77.598 0.0 0.0    0.002 
  77.652 0.0 0.0    0.002 
  77.708 0.0 0.0    0.001 
  77.764 0.0 0.0   -0.001 
  77.819 0.0 0.0   -0.002 
  77.874 0.0 0.0   -0.003 
  77.929 0.0 0.0   -0.004 
  77.984 0.0 0.0   -0.005 
  78.041 0.0 0.0   -0.006 
  78.096 0.0 0.0   -0.007 
  78.151 0.0 0.0   -0.007 
  78.207 0.0 0.0   -0.007 
  78.262 0.0 0.0   -0.007 
  78.318 0.0 0.0   -0.007 
  78.373 0.0 0.0   -0.008 
  78.428 0.0 0.0   -0.007 
  78.483 0.0 0.0   -0.006 
  78.538 0.0 0.0   -0.005 
  78.593 0.0 0.0   -0.004 
  78.648 0.0 0.0   -0.003 
  78.703 0.0 0.0   -0.003 
  78.759 0.0 0.0   -0.002 
  78.814 0.0 0.0   -0.002 
  78.869 0.0 0.0   -0.001 
  78.924 0.0 0.0    0.000 
  78.980 0.0 0.0    0.000 
  79.035 0.0 0.0    0.000 
  79.091 0.0 0.0    0.001 
  79.145 0.0 0.0    0.002 
  79.200 0.0 0.0    0.004 
  79.255 0.0 0.0    0.005 
  79.312 0.0 0.0    0.006 
  79.367 0.0 0.0    0.006 
  79.422 0.0 0.0    0.006 
  79.477 0.0 0.0    0.006 
  79.533 0.0 0.0    0.006 
  79.588 0.0 0.0    0.007 
  79.644 0.0 0.0    0.006 
  79.699 0.0 0.0    0.006 
  79.756 0.0 0.0    0.005 
  79.809 0.0 0.0    0.005 
  79.865 0.0 0.0    0.004 
  79.920 0.0 0.0    0.004 
  79.975 0.0 0.0    0.004 
  80.031 0.0 0.0    0.003 
  80.086 0.0 0.0    0.003 
  80.141 0.0 0.0    0.003 
  80.197 0.0 0.0    0.002 
  80.251 0.0 0.0    0.001 
  80.305 0.0 0.0   -0.000 
  80.363 0.0 0.0   -0.001 
  80.419 0.0 0.0   -0.003 
  80.472 0.0 0.0   -0.005 
  80.530 0.0 0.0   -0.007 
  80.585 0.0 0.0   -0.008 
  80.638 0.0 0.0   -0.008 
  80.693 0.0 0.0   -0.009 
  80.749 0.0 0.0   -0.009 
  80.805 0.0 0.0   -0.009 
  80.862 0.0 0.0   -0.009 
  80.919 0.0 0.0   -0.010 
  80.971 0.0 0.0   -0.008 
  81.027 0.0 0.0   -0.006 
  81.082 0.0 0.0   -0.005 
  81.137 0.0 0.0   -0.005 
  81.192 0.0 0.0   -0.006 
  81.247 0.0 0.0   -0.006 
  81.303 0.0 0.0   -0.004 
  81.358 0.0 0.0   -0.003 
  81.414 0.0 0.0   -0.002 
  81.469 0.0 0.0   -0.001 
  81.524 0.0 0.0   -0.000 
  81.579 0.0 0.0    0.000 
  81.634 0.0 0.0    0.001 
  81.689 0.0 0.0    0.003 
  81.745 0.0 0.0    0.005 
  81.799 0.0 0.0    0.007 
  81.856 0.0 0.0    0.009 
  81.911 0.0 0.0    0.010 
  81.966 0.0 0.0    0.010 
  82.020 0.0 0.0    0.010 
  82.077 0.0 0.0    0.010 
  82.132 0.0 0.0    0.011 
  82.188 0.0 0.0    0.011 
  82.244 0.0 0.0    0.012 
  82.299 0.0 0.0    0.011 
  82.354 0.0 0.0    0.011 
  82.409 0.0 0.0    0.009 
  82.465 0.0 0.0    0.009 
  82.521 0.0 0.0    0.008 
  82.575 0.0 0.0    0.007 
  82.630 0.0 0.0    0.007 
  82.685 0.0 0.0    0.006 
  82.740 0.0 0.0    0.004 
  82.796 0.0 0.0    0.003 
  82.851 0.0 0.0    0.002 
  82.906 0.0 0.0   -0.001 
  82.961 0.0 0.0   -0.002 
  83.017 0.0 0.0   -0.004 
  83.072 0.0 0.0   -0.004 
  83.127 0.0 0.0   -0.004 
  83.182 0.0 0.0   -0.005 
  83.238 0.0 0.0   -0.006 
  83.293 0.0 0.0   -0.006 
  83.349 0.0 0.0   -0.007 
  83.404 0.0 0.0   -0.008 
  83.459 0.0 0.0   -0.008 
  83.514 0.0 0.0   -0.008 
  83.571 0.0 0.0   -0.009 
  83.626 0.0 0.0   -0.010 
  83.681 0.0 0.0   -0.011 
  83.737 0.0 0.0   -0.011 
  83.792 0.0 0.0   -0.010 
  83.846 0.0 0.0   -0.009 
  83.902 0.0 0.0   -0.009 
  83.957 0.0 0.0   -0.008 
  84.015 0.0 0.0   -0.006 
  84.068 0.0 0.0   -0.004 
  84.121 0.0 0.0   -0.003 
  84.177 0.0 0.0   -0.001 
  84.232 0.0 0.0    0.001 
  84.288 0.0 0.0    0.001 
  84.344 0.0 0.0    0.002 
  84.399 0.0 0.0    0.003 
  84.455 0.0 0.0    0.004 
  84.510 0.0 0.0    0.004 
  84.565 0.0 0.0    0.005 
  84.620 0.0 0.0    0.006 
  84.675 0.0 0.0    0.006 
  84.730 0.0 0.0    0.007 
  84.786 0.0 0.0    0.007 
  84.842 0.0 0.0    0.008 
  84.897 0.0 0.0    0.009 
  84.953 0.0 0.0    0.009 
  85.008 0.0 0.0    0.010 
  85.064 0.0 0.0    0.010 
  85.118 0.0 0.0    0.009 
  85.174 0.0 0.0    0.008 
  85.228 0.0 0.0    0.008 
  85.284 0.0 0.0    0.007 
  85.338 0.0 0.0    0.007 
  85.394 0.0 0.0    0.005 
  85.450 0.0 0.0    0.004 
  85.507 0.0 0.0    0.003 
  85.560 0.0 0.0    0.002 
  85.615 0.0 0.0    0.001 
  85.670 0.0 0.0    0.001 
  85.725 0.0 0.0   -0.000 
  85.780 0.0 0.0   -0.001 
  85.835 0.0 0.0   -0.002 
  85.892 0.0 0.0   -0.003 
  85.947 0.0 0.0   -0.004 
  86.002 0.0 0.0   -0.005 
  86.057 0.0 0.0   -0.005 
  86.112 0.0 0.0   -0.005 
  86.168 0.0 0.0   -0.005 
  86.227 0.0 0.0   -0.005 
  86.280 0.0 0.0   -0.005 
  86.335 0.0 0.0   -0.006 
  86.391 0.0 0.0   -0.005 
  86.445 0.0 0.0   -0.004 
  86.501 0.0 0.0   -0.003 
  86.555 0.0 0.0   -0.002 
  86.613 0.0 0.0   -0.002 
  86.666 0.0 0.0   -0.002 
  86.722 0.0 0.0   -0.002 
  86.776 0.0 0.0   -0.002 
  86.832 0.0 0.0   -0.001 
  86.887 0.0 0.0    0.001 
  86.942 0.0 0.0    0.001 
  86.996 0.0 0.0    0.001 
  87.053 0.0 0.0    0.002 
  87.108 0.0 0.0    0.003 
  87.163 0.0 0.0    0.003 
  87.218 0.0 0.0    0.004 
  87.278 0.0 0.0    0.006 
  87.331 0.0 0.0    0.006 
  87.389 0.0 0.0    0.007 
  87.443 0.0 0.0    0.007 
  87.497 0.0 0.0    0.007 
  87.612 0.0 0.0    0.008 
  87.644 0.0 0.0    0.008 
  87.693 0.0 0.0    0.007 
  87.752 0.0 0.0    0.007 
  87.812 0.0 0.0    0.007 
  87.871 0.0 0.0    0.006 
  87.926 0.0 0.0    0.005 
  87.981 0.0 0.0    0.004 
  88.037 0.0 0.0    0.003 
  88.092 0.0 0.0    0.003 
  88.146 0.0 0.0    0.001 
  88.202 0.0 0.0   -0.000 
  88.257 0.0 0.0   -0.001 
  88.312 0.0 0.0   -0.002 
  88.368 0.0 0.0   -0.002 
  88.424 0.0 0.0   -0.004 
  88.478 0.0 0.0   -0.005 
  88.534 0.0 0.0   -0.005 
  88.588 0.0 0.0   -0.005 
  88.644 0.0 0.0   -0.006 
  88.700 0.0 0.0   -0.005 
  88.755 0.0 0.0   -0.005 
  88.811 0.0 0.0   -0.006 
  88.865 0.0 0.0   -0.006 
  88.923 0.0 0.0   -0.006 
  88.976 0.0 0.0   -0.005 
  89.032 0.0 0.0   -0.004 
  89.087 0.0 0.0   -0.003 
  89.142 0.0 0.0   -0.003 
  89.197 0.0 0.0   -0.003 
  89.251 0.0 0.0   -0.002 
  89.307 0.0 0.0   -0.001 
  89.363 0.0 0.0   -0.000 
  89.418 0.0 0.0    0.001 
  89.473 0.0 0.0    0.002 
  89.528 0.0 0.0    0.003 
  89.584 0.0 0.0    0.003 
  89.639 0.0 0.0    0.004 
  89.694 0.0 0.0    0.006 
  89.749 0.0 0.0    0.007 
  89.805 0.0 0.0    0.008 
  89.860 0.0 0.0    0.009 
  89.916 0.0 0.0    0.010 
  89.971 0.0 0.0    0.010 
  90.026 0.0 0.0    0.009 
  90.083 0.0 0.0    0.009 
  90.138 0.0 0.0    0.009 
  90.193 0.0 0.0    0.009 
  90.248 0.0 0.0    0.008 
  90.303 0.0 0.0    0.007 
  90.358 0.0 0.0    0.006 
  90.414 0.0 0.0    0.005 
  90.469 0.0 0.0    0.004 
  90.523 0.0 0.0    0.004 
  90.579 0.0 0.0    0.004 
  90.634 0.0 0.0    0.003 
  90.690 0.0 0.0    0.002 
  90.744 0.0 0.0    0.001 
  90.800 0.0 0.0   -0.000 
  90.855 0.0 0.0   -0.001 
  90.910 0.0 0.0   -0.002 
  90.966 0.0 0.0   -0.003 
  91.021 0.0 0.0   -0.004 
  91.078 0.0 0.0   -0.004 
  91.132 0.0 0.0   -0.005 
  91.187 0.0 0.0   -0.005 
  91.243 0.0 0.0   -0.005 
  91.298 0.0 0.0   -0.004 
  91.353 0.0 0.0   -0.005 
  91.408 0.0 0.0   -0.005 
  91.464 0.0 0.0   -0.005 
  91.519 0.0 0.0   -0.005 
  91.575 0.0 0.0   -0.005 
  91.630 0.0 0.0   -0.006 
  91.686 0.0 0.0   -0.006 
  91.741 0.0 0.0   -0.006 
  91.796 0.0 0.0   -0.005 
  91.851 0.0 0.0   -0.005 
  91.906 0.0 0.0   -0.004 
  91.961 0.0 0.0   -0.004 
  92.017 0.0 0.0   -0.003 
  92.072 0.0 0.0   -0.002 
  92.127 0.0 0.0   -0.001 
  92.182 0.0 0.0   -0.000 
  92.237 0.0 0.0    0.001 
  92.293 0.0 0.0    0.002 
  92.347 0.0 0.0    0.002 
  92.403 0.0 0.0    0.003 
  92.459 0.0 0.0    0.003 
  92.514 0.0 0.0    0.004 
  92.570 0.0 0.0    0.005 
  92.624 0.0 0.0    0.006 
  92.680 0.0 0.0    0.006 
  92.735 0.0 0.0    0.006 
  92.791 0.0 0.0    0.006 
  92.846 0.0 0.0    0.006 
  92.901 0.0 0.0    0.007 
  92.957 0.0 0.0    0.007 
  93.011 0.0 0.0    0.007 
  93.068 0.0 0.0    0.006 
  93.123 0.0 0.0    0.006 
  93.178 0.0 0.0    0.005 
  93.233 0.0 0.0    0.004 
  93.287 0.0 0.0    0.004 
  93.343 0.0 0.0    0.003 
  93.399 0.0 0.0    0.002 
  93.456 0.0 0.0    0.000 
  93.510 0.0 0.0   -0.001 
  93.564 0.0 0.0   -0.001 
  93.620 0.0 0.0   -0.002 
  93.675 0.0 0.0   -0.002 
  93.731 0.0 0.0   -0.003 
  93.786 0.0 0.0   -0.003 
  93.843 0.0 0.0   -0.004 
  93.897 0.0 0.0   -0.005 
  93.952 0.0 0.0   -0.006 
  94.007 0.0 0.0   -0.006 
  94.063 0.0 0.0   -0.006 
  94.117 0.0 0.0   -0.005 
  94.174 0.0 0.0   -0.005 
  94.229 0.0 0.0   -0.005 
  94.284 0.0 0.0   -0.005 
  94.339 0.0 0.0   -0.005 
  94.395 0.0 0.0   -0.004 
  94.450 0.0 0.0   -0.003 
  94.509 0.0 0.0   -0.002 
  94.560 0.0 0.0   -0.001 
  94.614 0.0 0.0   -0.001 
  94.670 0.0 0.0   -0.001 
  94.726 0.0 0.0   -0.001 
  94.781 0.0 0.0    0.000 
  94.835 0.0 0.0    0.001 
  94.891 0.0 0.0    0.002 
  94.946 0.0 0.0    0.002 
  95.002 0.0 0.0    0.002 
  95.057 0.0 0.0    0.003 
  95.112 0.0 0.0    0.003 
  95.170 0.0 0.0    0.003 
  95.222 0.0 0.0    0.004 
  95.278 0.0 0.0    0.004 
  95.334 0.0 0.0    0.005 
  95.393 0.0 0.0    0.005 
  95.445 0.0 0.0    0.006 
  95.500 0.0 0.0    0.006 
  95.556 0.0 0.0    0.007 
  95.614 0.0 0.0    0.007 
  95.667 0.0 0.0    0.007 
  95.722 0.0 0.0    0.007 
  95.777 0.0 0.0    0.006 
  95.832 0.0 0.0    0.006 
  95.887 0.0 0.0    0.004 
  95.942 0.0 0.0    0.003 
  95.998 0.0 0.0    0.003 
  96.053 0.0 0.0    0.002 
  96.108 0.0 0.0    0.000 
  96.163 0.0 0.0   -0.001 
  96.217 0.0 0.0   -0.002 
  96.273 0.0 0.0   -0.003 
  96.329 0.0 0.0   -0.003 
  96.384 0.0 0.0   -0.004 
  96.439 0.0 0.0   -0.004 
  96.494 0.0 0.0   -0.005 
  96.550 0.0 0.0   -0.005 
  96.606 0.0 0.0   -0.006 
  96.661 0.0 0.0   -0.005 
  96.719 0.0 0.0   -0.004 
  96.771 0.0 0.0   -0.005 
  96.826 0.0 0.0   -0.005 
  96.882 0.0 0.0   -0.005 
  96.937 0.0 0.0   -0.005 
  96.993 0.0 0.0   -0.004 
  97.049 0.0 0.0   -0.003 
  97.104 0.0 0.0   -0.002 
  97.159 0.0 0.0   -0.002 
  97.213 0.0 0.0   -0.002 
  97.269 0.0 0.0   -0.002 
  97.323 0.0 0.0   -0.000 
  97.379 0.0 0.0    0.001 
  97.435 0.0 0.0    0.002 
  97.490 0.0 0.0    0.003 
  97.545 0.0 0.0    0.004 
  97.600 0.0 0.0    0.005 
  97.656 0.0 0.0    0.007 
  97.711 0.0 0.0    0.008 
  97.766 0.0 0.0    0.008 
  97.823 0.0 0.0    0.009 
  97.878 0.0 0.0    0.009 
  97.932 0.0 0.0    0.008 
  97.988 0.0 0.0    0.008 
  98.043 0.0 0.0    0.008 
  98.099 0.0 0.0    0.007 
  98.154 0.0 0.0    0.007 
  98.209 0.0 0.0    0.006 
  98.264 0.0 0.0    0.005 
  98.318 0.0 0.0    0.005 
  98.376 0.0 0.0    0.004 
  98.430 0.0 0.0    0.004 
  98.487 0.0 0.0    0.004 
  98.541 0.0 0.0    0.004 
  98.596 0.0 0.0    0.003 
  98.651 0.0 0.0    0.002 
  98.709 0.0 0.0    0.001 
  98.761 0.0 0.0    0.000 
  98.818 0.0 0.0   -0.001 
  98.872 0.0 0.0   -0.001 
  98.928 0.0 0.0   -0.002 
  98.984 0.0 0.0   -0.003 
  99.037 0.0 0.0   -0.004 
  99.094 0.0 0.0   -0.005 
  99.151 0.0 0.0   -0.004 
  99.204 0.0 0.0   -0.004 
  99.259 0.0 0.0   -0.004 
  99.315 0.0 0.0   -0.004 
  99.371 0.0 0.0   -0.004 
  99.426 0.0 0.0   -0.004 
  99.482 0.0 0.0   -0.005 
  99.537 0.0 0.0   -0.004 
  99.592 0.0 0.0   -0.003 
  99.647 0.0 0.0   -0.003 
  99.704 0.0 0.0   -0.004 
  99.759 0.0 0.0   -0.004 
  99.812 0.0 0.0   -0.003 
  99.869 0.0 0.0   -0.003 
  99.924 0.0 0.0   -0.002 
  99.979 0.0 0.0   -0.001 
 100.034 0.0 0.0   -0.001 
 100.089 0.0 0.0   -0.000 
 100.144 0.0 0.0    0.000 
 100.203 0.0 0.0    0.001 
 100.254 0.0 0.0    0.002 
 100.311 0.0 0.0    0.003 
 100.365 0.0 0.0    0.003 
 100.421 0.0 0.0    0.003 
 100.477 0.0 0.0    0.003 
 100.532 0.0 0.0    0.004 
 100.587 0.0 0.0    0.004 
 100.642 0.0 0.0    0.005 
 100.702 0.0 0.0    0.005 
 100.753 0.0 0.0    0.004 
 100.808 0.0 0.0    0.005 
 100.865 0.0 0.0    0.005 
 100.920 0.0 0.0    0.005 
 100.974 0.0 0.0    0.005 
 101.029 0.0 0.0    0.005 
 101.086 0.0 0.0    0.004 
 101.142 0.0 0.0    0.004 
 101.195 0.0 0.0    0.004 
 101.250 0.0 0.0    0.003 
 101.305 0.0 0.0    0.003 
 101.361 0.0 0.0    0.001 
 101.415 0.0 0.0    0.001 
 101.471 0.0 0.0    0.000 
 101.528 0.0 0.0   -0.000 
 101.583 0.0 0.0   -0.001 
 101.638 0.0 0.0   -0.001 
 101.693 0.0 0.0   -0.002 
 101.749 0.0 0.0   -0.002 
 101.804 0.0 0.0   -0.004 
 101.859 0.0 0.0   -0.005 
 101.914 0.0 0.0   -0.005 
 101.971 0.0 0.0   -0.005 
 102.025 0.0 0.0   -0.005 
 102.081 0.0 0.0   -0.005 
 102.136 0.0 0.0   -0.004 
 102.191 0.0 0.0   -0.004 
 102.246 0.0 0.0   -0.004 
 102.302 0.0 0.0   -0.004 
 102.356 0.0 0.0   -0.002 
 102.412 0.0 0.0   -0.001 
 102.467 0.0 0.0   -0.000 
 102.522 0.0 0.0   -0.000 
 102.578 0.0 0.0   -0.000 
 102.634 0.0 0.0    0.000 
 102.688 0.0 0.0    0.001 
 102.746 0.0 0.0    0.001 
 102.798 0.0 0.0    0.001 
 102.853 0.0 0.0    0.002 
 102.908 0.0 0.0    0.002 
 102.964 0.0 0.0    0.003 
 103.020 0.0 0.0    0.003 
 103.076 0.0 0.0    0.003 
 103.130 0.0 0.0    0.003 
 103.185 0.0 0.0    0.003 
 103.240 0.0 0.0    0.003 
 103.296 0.0 0.0    0.004 
 103.351 0.0 0.0    0.004 
 103.407 0.0 0.0    0.003 
 103.463 0.0 0.0    0.003 
 103.518 0.0 0.0    0.003 
 103.573 0.0 0.0    0.003 
 103.629 0.0 0.0    0.003 
 103.684 0.0 0.0    0.003 
 103.738 0.0 0.0    0.003 
 103.794 0.0 0.0    0.002 
 103.849 0.0 0.0    0.002 
 103.904 0.0 0.0    0.001 
 103.960 0.0 0.0    0.001 
 104.014 0.0 0.0    0.001 
 104.070 0.0 0.0   -0.000 
 104.125 0.0 0.0   -0.002 
 104.180 0.0 0.0   -0.002 
 104.235 0.0 0.0   -0.003 
 104.291 0.0 0.0   -0.003 
 104.347 0.0 0.0   -0.003 
 104.402 0.0 0.0   -0.004 
 104.457 0.0 0.0   -0.005 
 104.513 0.0 0.0   -0.006 
 104.567 0.0 0.0   -0.007 
 104.624 0.0 0.0   -0.006 
 104.679 0.0 0.0   -0.005 
 104.734 0.0 0.0   -0.004 
 104.789 0.0 0.0   -0.004 
 104.845 0.0 0.0   -0.004 
 104.900 0.0 0.0   -0.005 
 104.955 0.0 0.0   -0.003 
 105.010 0.0 0.0   -0.002 
 105.066 0.0 0.0   -0.001 
 105.120 0.0 0.0   -0.000 
 105.176 0.0 0.0   -0.000 
 105.231 0.0 0.0   -0.000 
 105.287 0.0 0.0    0.000 
 105.342 0.0 0.0    0.001 
 105.396 0.0 0.0    0.002 
 105.452 0.0 0.0    0.003 
 105.508 0.0 0.0    0.004 
 105.629 0.0 0.0    0.005 
 105.662 0.0 0.0    0.006 
 105.712 0.0 0.0    0.007 
 105.768 0.0 0.0    0.007 
 105.828 0.0 0.0    0.008 
 105.888 0.0 0.0    0.008 
 105.943 0.0 0.0    0.007 
 105.999 0.0 0.0    0.007 
 106.056 0.0 0.0    0.007 
 106.110 0.0 0.0    0.006 
 106.165 0.0 0.0    0.005 
 106.221 0.0 0.0    0.004 
 106.275 0.0 0.0    0.003 
 106.331 0.0 0.0    0.003 
 106.386 0.0 0.0    0.002 
 106.441 0.0 0.0    0.002 
 106.496 0.0 0.0    0.001 
 106.552 0.0 0.0    0.001 
 106.606 0.0 0.0   -0.000 
 106.662 0.0 0.0   -0.001 
 106.718 0.0 0.0   -0.002 
 106.773 0.0 0.0   -0.002 
 106.829 0.0 0.0   -0.003 
 106.886 0.0 0.0   -0.003 
 106.942 0.0 0.0   -0.004 
 106.994 0.0 0.0   -0.006 
 107.050 0.0 0.0   -0.006 
 107.105 0.0 0.0   -0.006 
 107.161 0.0 0.0   -0.005 
 107.216 0.0 0.0   -0.005 
 107.272 0.0 0.0   -0.004 
 107.326 0.0 0.0   -0.004 
 107.382 0.0 0.0   -0.004 
 107.436 0.0 0.0   -0.004 
 107.493 0.0 0.0   -0.003 
 107.547 0.0 0.0   -0.002 
 107.603 0.0 0.0   -0.002 
 107.658 0.0 0.0   -0.002 
 107.713 0.0 0.0   -0.002 
 107.770 0.0 0.0   -0.002 
 107.824 0.0 0.0   -0.002 
 107.878 0.0 0.0   -0.001 
 107.934 0.0 0.0   -0.001 
 107.989 0.0 0.0   -0.001 
 108.044 0.0 0.0   -0.000 
 108.099 0.0 0.0    0.000 
 108.154 0.0 0.0    0.001 
 108.210 0.0 0.0    0.002 
 108.265 0.0 0.0    0.003 
 108.320 0.0 0.0    0.003 
 108.377 0.0 0.0    0.003 
 108.432 0.0 0.0    0.003 
 108.487 0.0 0.0    0.003 
 108.542 0.0 0.0    0.004 
 108.598 0.0 0.0    0.004 
 108.652 0.0 0.0    0.004 
 108.715 0.0 0.0    0.003 
 108.765 0.0 0.0    0.003 
 108.819 0.0 0.0    0.003 
 108.873 0.0 0.0    0.003 
 108.929 0.0 0.0    0.003 
 108.985 0.0 0.0    0.003 
 109.040 0.0 0.0    0.003 
 109.096 0.0 0.0    0.002 
 109.152 0.0 0.0    0.002 
 109.206 0.0 0.0    0.002 
 109.261 0.0 0.0    0.002 
 109.316 0.0 0.0    0.001 
 109.371 0.0 0.0   -0.000 
 109.427 0.0 0.0   -0.001 
 109.482 0.0 0.0   -0.002 
 109.539 0.0 0.0   -0.003 
 109.593 0.0 0.0   -0.004 
 109.648 0.0 0.0   -0.004 
 109.705 0.0 0.0   -0.006 
 109.760 0.0 0.0   -0.007 
 109.815 0.0 0.0   -0.007 
 109.871 0.0 0.0   -0.006 
 109.926 0.0 0.0   -0.005 
 109.981 0.0 0.0   -0.004 
 110.036 0.0 0.0   -0.004 
 110.091 0.0 0.0   -0.003 
 110.146 0.0 0.0   -0.003 
 110.201 0.0 0.0   -0.002 
 110.256 0.0 0.0   -0.002 
 110.312 0.0 0.0   -0.001 
 110.368 0.0 0.0   -0.001 
 110.423 0.0 0.0   -0.001 
 110.477 0.0 0.0   -0.001 
 110.532 0.0 0.0   -0.000 
 110.588 0.0 0.0    0.000 
 110.643 0.0 0.0    0.000 
 110.699 0.0 0.0    0.001 
 110.754 0.0 0.0    0.001 
 110.809 0.0 0.0    0.002 
 110.864 0.0 0.0    0.003 
 110.919 0.0 0.0    0.003 
 110.975 0.0 0.0    0.003 
 111.030 0.0 0.0    0.003 
 111.086 0.0 0.0    0.003 
 111.141 0.0 0.0    0.003 
 111.196 0.0 0.0    0.003 
 111.251 0.0 0.0    0.003 
 111.307 0.0 0.0    0.003 
 111.362 0.0 0.0    0.003 
 111.417 0.0 0.0    0.002 
 111.473 0.0 0.0    0.002 
 111.529 0.0 0.0    0.002 
 111.584 0.0 0.0    0.002 
 111.639 0.0 0.0    0.002 
 111.694 0.0 0.0    0.001 
 111.749 0.0 0.0    0.000 
 111.805 0.0 0.0    0.001 
 111.859 0.0 0.0    0.000 
 111.915 0.0 0.0    0.000 
 111.970 0.0 0.0    0.000 
 112.025 0.0 0.0   -0.000 
 112.080 0.0 0.0   -0.001 
 112.135 0.0 0.0   -0.002 
 112.190 0.0 0.0   -0.002 
 112.247 0.0 0.0   -0.002 
 112.303 0.0 0.0   -0.002 
 112.358 0.0 0.0   -0.003 
 112.413 0.0 0.0   -0.004 
 112.468 0.0 0.0   -0.005 
 112.524 0.0 0.0   -0.005 
 112.579 0.0 0.0   -0.005 
 112.634 0.0 0.0   -0.004 
 112.689 0.0 0.0   -0.004 
 112.745 0.0 0.0   -0.003 
 112.799 0.0 0.0   -0.003 
 112.854 0.0 0.0   -0.003 
 112.910 0.0 0.0   -0.002 
 112.965 0.0 0.0   -0.001 
 113.020 0.0 0.0   -0.000 
 113.076 0.0 0.0    0.000 
 113.131 0.0 0.0    0.001 
 113.186 0.0 0.0    0.001 
 113.241 0.0 0.0    0.001 
 113.296 0.0 0.0    0.001 
 113.351 0.0 0.0    0.002 
 113.407 0.0 0.0    0.002 
 113.462 0.0 0.0    0.003 
 113.517 0.0 0.0    0.003 
 113.642 0.0 0.0    0.003 
 113.677 0.0 0.0    0.003 
 113.725 0.0 0.0    0.003 
 113.782 0.0 0.0    0.003 
 113.846 0.0 0.0    0.003 
 113.903 0.0 0.0    0.003 
 113.958 0.0 0.0    0.003 
 114.013 0.0 0.0    0.003 
 114.069 0.0 0.0    0.003 
 114.123 0.0 0.0    0.003 
 114.179 0.0 0.0    0.002 
 114.234 0.0 0.0    0.002 
 114.289 0.0 0.0    0.002 
 114.345 0.0 0.0    0.002 
 114.400 0.0 0.0    0.002 
 114.454 0.0 0.0    0.001 
 114.510 0.0 0.0    0.000 
 114.565 0.0 0.0   -0.000 
 114.620 0.0 0.0   -0.001 
 114.676 0.0 0.0   -0.001 
 114.731 0.0 0.0   -0.002 
 114.787 0.0 0.0   -0.002 
 114.841 0.0 0.0   -0.003 
 114.897 0.0 0.0   -0.003 
 114.953 0.0 0.0   -0.003 
 115.009 0.0 0.0   -0.004 
 115.064 0.0 0.0   -0.004 
 115.119 0.0 0.0   -0.003 
 115.175 0.0 0.0   -0.002 
 115.230 0.0 0.0   -0.002 
 115.286 0.0 0.0   -0.002 
 115.340 0.0 0.0   -0.002 
 115.395 0.0 0.0   -0.002 
 115.451 0.0 0.0   -0.001 
 115.506 0.0 0.0   -0.001 
 115.562 0.0 0.0   -0.000 
 115.616 0.0 0.0   -0.001 
 115.671 0.0 0.0   -0.001 
 115.727 0.0 0.0   -0.001 
 115.783 0.0 0.0   -0.001 
 115.838 0.0 0.0   -0.001 
 115.896 0.0 0.0   -0.001 
 115.948 0.0 0.0   -0.000 
 116.003 0.0 0.0    0.000 
 116.059 0.0 0.0    0.001 
 116.114 0.0 0.0    0.001 
 116.168 0.0 0.0    0.002 
 116.224 0.0 0.0    0.002 
 116.280 0.0 0.0    0.003 
 116.336 0.0 0.0    0.003 
 116.391 0.0 0.0    0.003 
 116.447 0.0 0.0    0.003 
 116.501 0.0 0.0    0.003 
 116.557 0.0 0.0    0.003 
 116.612 0.0 0.0    0.003 
 116.668 0.0 0.0    0.003 
 116.723 0.0 0.0    0.002 
 116.778 0.0 0.0    0.002 
 116.833 0.0 0.0    0.002 
 116.888 0.0 0.0    0.002 
 116.943 0.0 0.0    0.001 
 116.998 0.0 0.0    0.001 
 117.054 0.0 0.0    0.001 
 117.109 0.0 0.0    0.001 
 117.163 0.0 0.0    0.000 
 117.218 0.0 0.0    0.000 
 117.274 0.0 0.0    0.000 
 117.328 0.0 0.0    0.000 
 117.384 0.0 0.0   -0.000 
 117.440 0.0 0.0   -0.001 
 117.496 0.0 0.0   -0.002 
 117.551 0.0 0.0   -0.003 
 117.607 0.0 0.0   -0.004 
 117.662 0.0 0.0   -0.005 
 117.718 0.0 0.0   -0.005 
 117.773 0.0 0.0   -0.005 
 117.829 0.0 0.0   -0.005 
 117.884 0.0 0.0   -0.005 
 117.939 0.0 0.0   -0.004 
 117.993 0.0 0.0   -0.004 
 118.049 0.0 0.0   -0.003 
 118.103 0.0 0.0   -0.001 
 118.159 0.0 0.0   -0.000 
 118.215 0.0 0.0    0.001 
 118.270 0.0 0.0    0.001 
 118.325 0.0 0.0    0.001 
 118.380 0.0 0.0    0.001 
 118.435 0.0 0.0    0.001 
 118.490 0.0 0.0    0.001 
 118.547 0.0 0.0    0.001 
 118.601 0.0 0.0    0.002 
 118.657 0.0 0.0    0.002 
 118.712 0.0 0.0    0.002 
 118.767 0.0 0.0    0.002 
 118.822 0.0 0.0    0.002 
 118.877 0.0 0.0    0.002 
 118.933 0.0 0.0    0.002 
 118.988 0.0 0.0    0.002 
 119.043 0.0 0.0    0.002 
 119.098 0.0 0.0    0.002 
 119.155 0.0 0.0    0.002 
 119.209 0.0 0.0    0.002 
 119.264 0.0 0.0    0.002 
 119.320 0.0 0.0    0.002 
 119.374 0.0 0.0    0.002 
 119.430 0.0 0.0    0.001 
 119.485 0.0 0.0    0.001 
 119.540 0.0 0.0    0.001 
 119.596 0.0 0.0    0.001 
 119.652 0.0 0.0    0.000 
 119.706 0.0 0.0    0.000 
 119.762 0.0 0.0    0.000 
 119.817 0.0 0.0    0.000 
 119.872 0.0 0.0    0.000 
 119.928 0.0 0.0    0.000 
 119.982 0.0 0.0   -0.001 
 120.038 0.0 0.0   -0.001 
 120.093 0.0 0.0   -0.001 
 120.148 0.0 0.0   -0.002 
 120.204 0.0 0.0   -0.002 
 120.260 0.0 0.0   -0.002 
 120.315 0.0 0.0   -0.002 
 120.370 0.0 0.0   -0.003 
 120.425 0.0 0.0   -0.004 
 120.480 0.0 0.0   -0.004 
 120.536 0.0 0.0   -0.004 
 120.590 0.0 0.0   -0.004 
