   0.000 0.0    0.126 0.0 
   0.030 0.0    0.125 0.0 
   0.061 0.0    0.124 0.0 
   0.092 0.0    0.123 0.0 
   0.127 0.0    0.122 0.0 
   0.157 0.0    0.121 0.0 
   0.181 0.0    0.119 0.0 
   0.212 0.0    0.117 0.0 
   0.242 0.0    0.114 0.0 
   0.273 0.0    0.112 0.0 
   0.308 0.0    0.107 0.0 
   0.333 0.0    0.102 0.0 
   0.369 0.0    0.096 0.0 
   0.393 0.0    0.091 0.0 
   0.423 0.0    0.086 0.0 
   0.454 0.0    0.080 0.0 
   0.484 0.0    0.074 0.0 
   0.514 0.0    0.069 0.0 
   0.545 0.0    0.063 0.0 
   0.575 0.0    0.058 0.0 
   0.605 0.0    0.055 0.0 
   0.636 0.0    0.051 0.0 
   0.666 0.0    0.048 0.0 
   0.697 0.0    0.044 0.0 
   0.731 0.0    0.040 0.0 
   0.756 0.0    0.037 0.0 
   0.786 0.0    0.033 0.0 
   0.817 0.0    0.029 0.0 
   0.847 0.0    0.025 0.0 
   0.877 0.0    0.021 0.0 
   0.907 0.0    0.016 0.0 
   0.938 0.0    0.012 0.0 
   0.968 0.0    0.007 0.0 
   0.997 0.0    0.003 0.0 
   1.028 0.0   -0.002 0.0 
   1.059 0.0   -0.008 0.0 
   1.089 0.0   -0.014 0.0 
   1.119 0.0   -0.020 0.0 
   1.149 0.0   -0.026 0.0 
   1.180 0.0   -0.032 0.0 
   1.209 0.0   -0.037 0.0 
   1.239 0.0   -0.042 0.0 
   1.270 0.0   -0.047 0.0 
   1.300 0.0   -0.052 0.0 
   1.330 0.0   -0.057 0.0 
   1.361 0.0   -0.061 0.0 
   1.391 0.0   -0.064 0.0 
   1.421 0.0   -0.068 0.0 
   1.457 0.0   -0.072 0.0 
   1.482 0.0   -0.076 0.0 
   1.512 0.0   -0.081 0.0 
   1.542 0.0   -0.085 0.0 
   1.573 0.0   -0.089 0.0 
   1.603 0.0   -0.093 0.0 
   1.633 0.0   -0.096 0.0 
   1.663 0.0   -0.099 0.0 
   1.694 0.0   -0.103 0.0 
   1.724 0.0   -0.106 0.0 
   1.754 0.0   -0.109 0.0 
   1.790 0.0   -0.111 0.0 
   1.816 0.0   -0.113 0.0 
   1.845 0.0   -0.115 0.0 
   1.875 0.0   -0.117 0.0 
   1.905 0.0   -0.119 0.0 
   1.936 0.0   -0.120 0.0 
   1.966 0.0   -0.121 0.0 
   1.996 0.0   -0.122 0.0 
   2.026 0.0   -0.121 0.0 
   2.057 0.0   -0.121 0.0 
   2.092 0.0   -0.121 0.0 
   2.118 0.0   -0.120 0.0 
   2.148 0.0   -0.119 0.0 
   2.177 0.0   -0.118 0.0 
   2.208 0.0   -0.117 0.0 
   2.238 0.0   -0.116 0.0 
   2.269 0.0   -0.114 0.0 
   2.299 0.0   -0.111 0.0 
   2.334 0.0   -0.108 0.0 
   2.364 0.0   -0.105 0.0 
   2.390 0.0   -0.101 0.0 
   2.424 0.0   -0.097 0.0 
   2.454 0.0   -0.094 0.0 
   2.485 0.0   -0.090 0.0 
   2.515 0.0   -0.086 0.0 
   2.545 0.0   -0.081 0.0 
   2.576 0.0   -0.077 0.0 
   2.606 0.0   -0.074 0.0 
   2.633 0.0   -0.071 0.0 
   2.666 0.0   -0.068 0.0 
   2.693 0.0   -0.064 0.0 
   2.723 0.0   -0.061 0.0 
   2.757 0.0   -0.058 0.0 
   2.784 0.0   -0.055 0.0 
   2.815 0.0   -0.051 0.0 
   2.848 0.0   -0.048 0.0 
   2.878 0.0   -0.044 0.0 
   2.908 0.0   -0.041 0.0 
   2.935 0.0   -0.037 0.0 
   2.965 0.0   -0.032 0.0 
   2.999 0.0   -0.026 0.0 
   3.030 0.0   -0.020 0.0 
   3.056 0.0   -0.014 0.0 
   3.086 0.0   -0.008 0.0 
   3.116 0.0   -0.002 0.0 
   3.147 0.0    0.004 0.0 
   3.177 0.0    0.010 0.0 
   3.208 0.0    0.016 0.0 
   3.241 0.0    0.022 0.0 
   3.269 0.0    0.027 0.0 
   3.298 0.0    0.031 0.0 
   3.328 0.0    0.037 0.0 
   3.358 0.0    0.043 0.0 
   3.388 0.0    0.049 0.0 
   3.419 0.0    0.055 0.0 
   3.450 0.0    0.061 0.0 
   3.480 0.0    0.067 0.0 
   3.510 0.0    0.072 0.0 
   3.542 0.0    0.078 0.0 
   3.575 0.0    0.082 0.0 
   3.605 0.0    0.087 0.0 
   3.636 0.0    0.089 0.0 
   3.665 0.0    0.092 0.0 
   3.692 0.0    0.094 0.0 
   3.722 0.0    0.097 0.0 
   3.756 0.0    0.099 0.0 
   3.786 0.0    0.102 0.0 
   3.816 0.0    0.105 0.0 
   3.847 0.0    0.107 0.0 
   3.877 0.0    0.109 0.0 
   3.908 0.0    0.111 0.0 
   3.934 0.0    0.113 0.0 
   3.965 0.0    0.114 0.0 
   3.995 0.0    0.116 0.0 
   4.028 0.0    0.118 0.0 
   4.059 0.0    0.118 0.0 
   4.088 0.0    0.118 0.0 
   4.119 0.0    0.118 0.0 
   4.149 0.0    0.118 0.0 
   4.175 0.0    0.118 0.0 
   4.205 0.0    0.117 0.0 
   4.236 0.0    0.116 0.0 
   4.271 0.0    0.115 0.0 
   4.297 0.0    0.114 0.0 
   4.326 0.0    0.112 0.0 
   4.361 0.0    0.110 0.0 
   4.391 0.0    0.108 0.0 
   4.419 0.0    0.106 0.0 
   4.447 0.0    0.103 0.0 
   4.477 0.0    0.100 0.0 
   4.508 0.0    0.098 0.0 
   4.538 0.0    0.095 0.0 
   4.569 0.0    0.092 0.0 
   4.599 0.0    0.089 0.0 
   4.630 0.0    0.086 0.0 
   4.659 0.0    0.082 0.0 
   4.691 0.0    0.078 0.0 
   4.720 0.0    0.073 0.0 
   4.751 0.0    0.069 0.0 
   4.780 0.0    0.065 0.0 
   4.810 0.0    0.060 0.0 
   4.840 0.0    0.056 0.0 
   4.871 0.0    0.051 0.0 
   4.906 0.0    0.046 0.0 
   4.933 0.0    0.042 0.0 
   4.962 0.0    0.037 0.0 
   4.992 0.0    0.032 0.0 
   5.023 0.0    0.026 0.0 
   5.052 0.0    0.021 0.0 
   5.082 0.0    0.016 0.0 
   5.119 0.0    0.011 0.0 
   5.144 0.0    0.004 0.0 
   5.174 0.0   -0.003 0.0 
   5.205 0.0   -0.009 0.0 
   5.234 0.0   -0.016 0.0 
   5.264 0.0   -0.021 0.0 
   5.294 0.0   -0.026 0.0 
   5.326 0.0   -0.031 0.0 
   5.355 0.0   -0.036 0.0 
   5.385 0.0   -0.042 0.0 
   5.415 0.0   -0.048 0.0 
   5.446 0.0   -0.054 0.0 
   5.481 0.0   -0.060 0.0 
   5.506 0.0   -0.066 0.0 
   5.537 0.0   -0.072 0.0 
   5.566 0.0   -0.077 0.0 
   5.597 0.0   -0.083 0.0 
   5.627 0.0   -0.088 0.0 
   5.663 0.0   -0.093 0.0 
   5.688 0.0   -0.097 0.0 
   5.723 0.0   -0.101 0.0 
   5.749 0.0   -0.103 0.0 
   5.778 0.0   -0.105 0.0 
   5.808 0.0   -0.106 0.0 
   5.844 0.0   -0.108 0.0 
   5.869 0.0   -0.109 0.0 
   5.899 0.0   -0.110 0.0 
   5.930 0.0   -0.112 0.0 
   5.960 0.0   -0.113 0.0 
   5.995 0.0   -0.114 0.0 
   6.022 0.0   -0.115 0.0 
   6.055 0.0   -0.115 0.0 
   6.080 0.0   -0.116 0.0 
   6.111 0.0   -0.115 0.0 
   6.141 0.0   -0.114 0.0 
   6.171 0.0   -0.113 0.0 
   6.201 0.0   -0.112 0.0 
   6.232 0.0   -0.110 0.0 
   6.268 0.0   -0.108 0.0 
   6.292 0.0   -0.106 0.0 
   6.323 0.0   -0.104 0.0 
   6.354 0.0   -0.101 0.0 
   6.386 0.0   -0.099 0.0 
   6.419 0.0   -0.097 0.0 
   6.443 0.0   -0.094 0.0 
   6.475 0.0   -0.092 0.0 
   6.505 0.0   -0.090 0.0 
   6.535 0.0   -0.087 0.0 
   6.628 0.0   -0.085 0.0 
   6.658 0.0   -0.082 0.0 
   6.677 0.0   -0.080 0.0 
   6.705 0.0   -0.077 0.0 
   6.739 0.0   -0.074 0.0 
   6.770 0.0   -0.071 0.0 
   6.796 0.0   -0.068 0.0 
   6.826 0.0   -0.065 0.0 
   6.856 0.0   -0.062 0.0 
   6.888 0.0   -0.059 0.0 
   6.918 0.0   -0.052 0.0 
   6.955 0.0   -0.045 0.0 
   6.980 0.0   -0.038 0.0 
   7.016 0.0   -0.032 0.0 
   7.041 0.0   -0.025 0.0 
   7.071 0.0   -0.018 0.0 
   7.106 0.0   -0.011 0.0 
   7.131 0.0   -0.004 0.0 
   7.162 0.0    0.003 0.0 
   7.192 0.0    0.010 0.0 
   7.223 0.0    0.013 0.0 
   7.252 0.0    0.017 0.0 
   7.282 0.0    0.020 0.0 
   7.313 0.0    0.024 0.0 
   7.343 0.0    0.028 0.0 
   7.373 0.0    0.032 0.0 
   7.404 0.0    0.036 0.0 
   7.434 0.0    0.039 0.0 
   7.465 0.0    0.043 0.0 
   7.496 0.0    0.046 0.0 
   7.530 0.0    0.051 0.0 
   7.559 0.0    0.056 0.0 
   7.586 0.0    0.061 0.0 
   7.617 0.0    0.066 0.0 
   7.646 0.0    0.070 0.0 
   7.682 0.0    0.074 0.0 
   7.707 0.0    0.078 0.0 
   7.737 0.0    0.082 0.0 
   7.767 0.0    0.086 0.0 
   7.803 0.0    0.090 0.0 
   7.828 0.0    0.092 0.0 
   7.858 0.0    0.095 0.0 
   7.889 0.0    0.097 0.0 
   7.919 0.0    0.099 0.0 
   7.950 0.0    0.101 0.0 
   7.979 0.0    0.103 0.0 
   8.011 0.0    0.104 0.0 
   8.044 0.0    0.106 0.0 
   8.076 0.0    0.107 0.0 
   8.101 0.0    0.107 0.0 
   8.131 0.0    0.108 0.0 
   8.161 0.0    0.108 0.0 
   8.192 0.0    0.108 0.0 
   8.222 0.0    0.108 0.0 
   8.254 0.0    0.107 0.0 
   8.282 0.0    0.106 0.0 
   8.313 0.0    0.105 0.0 
   8.343 0.0    0.104 0.0 
   8.373 0.0    0.103 0.0 
   8.403 0.0    0.101 0.0 
   8.433 0.0    0.099 0.0 
   8.464 0.0    0.097 0.0 
   8.499 0.0    0.095 0.0 
   8.529 0.0    0.092 0.0 
   8.555 0.0    0.090 0.0 
   8.585 0.0    0.088 0.0 
   8.615 0.0    0.085 0.0 
   8.645 0.0    0.082 0.0 
   8.676 0.0    0.079 0.0 
   8.706 0.0    0.077 0.0 
   8.736 0.0    0.074 0.0 
   8.767 0.0    0.072 0.0 
   8.797 0.0    0.067 0.0 
   8.827 0.0    0.063 0.0 
   8.857 0.0    0.058 0.0 
   8.888 0.0    0.053 0.0 
   8.919 0.0    0.049 0.0 
   8.949 0.0    0.044 0.0 
   8.979 0.0    0.039 0.0 
   9.014 0.0    0.034 0.0 
   9.044 0.0    0.029 0.0 
   9.069 0.0    0.022 0.0 
   9.100 0.0    0.016 0.0 
   9.130 0.0    0.010 0.0 
   9.165 0.0    0.004 0.0 
   9.195 0.0   -0.002 0.0 
   9.225 0.0   -0.008 0.0 
   9.255 0.0   -0.014 0.0 
   9.282 0.0   -0.020 0.0 
   9.312 0.0   -0.025 0.0 
   9.346 0.0   -0.031 0.0 
   9.372 0.0   -0.035 0.0 
   9.403 0.0   -0.040 0.0 
   9.433 0.0   -0.044 0.0 
   9.463 0.0   -0.048 0.0 
   9.493 0.0   -0.052 0.0 
   9.528 0.0   -0.057 0.0 
   9.554 0.0   -0.061 0.0 
   9.584 0.0   -0.065 0.0 
   9.614 0.0   -0.068 0.0 
   9.645 0.0   -0.072 0.0 
   9.675 0.0   -0.075 0.0 
   9.705 0.0   -0.078 0.0 
   9.736 0.0   -0.082 0.0 
   9.765 0.0   -0.085 0.0 
   9.796 0.0   -0.088 0.0 
   9.826 0.0   -0.091 0.0 
   9.857 0.0   -0.094 0.0 
   9.886 0.0   -0.097 0.0 
   9.917 0.0   -0.099 0.0 
   9.947 0.0   -0.101 0.0 
   9.978 0.0   -0.102 0.0 
  10.008 0.0   -0.103 0.0 
  10.038 0.0   -0.103 0.0 
  10.068 0.0   -0.103 0.0 
  10.098 0.0   -0.103 0.0 
  10.134 0.0   -0.103 0.0 
  10.159 0.0   -0.102 0.0 
  10.189 0.0   -0.102 0.0 
  10.220 0.0   -0.101 0.0 
  10.249 0.0   -0.101 0.0 
  10.280 0.0   -0.100 0.0 
  10.316 0.0   -0.099 0.0 
  10.340 0.0   -0.098 0.0 
  10.371 0.0   -0.095 0.0 
  10.401 0.0   -0.093 0.0 
  10.431 0.0   -0.091 0.0 
  10.462 0.0   -0.088 0.0 
  10.492 0.0   -0.086 0.0 
  10.522 0.0   -0.083 0.0 
  10.552 0.0   -0.080 0.0 
  10.583 0.0   -0.077 0.0 
  10.614 0.0   -0.074 0.0 
  10.644 0.0   -0.071 0.0 
  10.674 0.0   -0.069 0.0 
  10.705 0.0   -0.063 0.0 
  10.734 0.0   -0.058 0.0 
  10.766 0.0   -0.053 0.0 
  10.795 0.0   -0.047 0.0 
  10.825 0.0   -0.042 0.0 
  10.856 0.0   -0.036 0.0 
  10.886 0.0   -0.031 0.0 
  10.916 0.0   -0.025 0.0 
  10.946 0.0   -0.020 0.0 
  10.980 0.0   -0.014 0.0 
  11.006 0.0   -0.011 0.0 
  11.037 0.0   -0.008 0.0 
  11.067 0.0   -0.005 0.0 
  11.098 0.0   -0.002 0.0 
  11.128 0.0    0.001 0.0 
  11.157 0.0    0.004 0.0 
  11.188 0.0    0.007 0.0 
  11.218 0.0    0.012 0.0 
  11.254 0.0    0.017 0.0 
  11.279 0.0    0.021 0.0 
  11.309 0.0    0.026 0.0 
  11.340 0.0    0.031 0.0 
  11.370 0.0    0.035 0.0 
  11.401 0.0    0.040 0.0 
  11.431 0.0    0.044 0.0 
  11.461 0.0    0.049 0.0 
  11.491 0.0    0.053 0.0 
  11.521 0.0    0.056 0.0 
  11.552 0.0    0.058 0.0 
  11.582 0.0    0.061 0.0 
  11.612 0.0    0.063 0.0 
  11.642 0.0    0.066 0.0 
  11.672 0.0    0.070 0.0 
  11.703 0.0    0.073 0.0 
  11.733 0.0    0.076 0.0 
  11.763 0.0    0.079 0.0 
  11.794 0.0    0.082 0.0 
  11.824 0.0    0.085 0.0 
  11.854 0.0    0.088 0.0 
  11.885 0.0    0.090 0.0 
  11.915 0.0    0.092 0.0 
  11.946 0.0    0.094 0.0 
  11.976 0.0    0.095 0.0 
  12.005 0.0    0.096 0.0 
  12.036 0.0    0.096 0.0 
  12.066 0.0    0.097 0.0 
  12.097 0.0    0.097 0.0 
  12.126 0.0    0.097 0.0 
  12.157 0.0    0.097 0.0 
  12.187 0.0    0.097 0.0 
  12.218 0.0    0.097 0.0 
  12.248 0.0    0.097 0.0 
  12.278 0.0    0.096 0.0 
  12.308 0.0    0.095 0.0 
  12.338 0.0    0.094 0.0 
  12.369 0.0    0.092 0.0 
  12.399 0.0    0.091 0.0 
  12.430 0.0    0.089 0.0 
  12.459 0.0    0.088 0.0 
  12.489 0.0    0.086 0.0 
  12.520 0.0    0.084 0.0 
  12.551 0.0    0.082 0.0 
  12.581 0.0    0.079 0.0 
  12.610 0.0    0.077 0.0 
  12.642 0.0    0.073 0.0 
  12.675 0.0    0.068 0.0 
  12.706 0.0    0.064 0.0 
  12.732 0.0    0.057 0.0 
  12.766 0.0    0.050 0.0 
  12.792 0.0    0.043 0.0 
  12.823 0.0    0.035 0.0 
  12.853 0.0    0.028 0.0 
  12.883 0.0    0.021 0.0 
  12.914 0.0    0.014 0.0 
  12.943 0.0    0.009 0.0 
  12.975 0.0    0.004 0.0 
  13.005 0.0   -0.001 0.0 
  13.034 0.0   -0.004 0.0 
  13.065 0.0   -0.007 0.0 
  13.099 0.0   -0.010 0.0 
  13.129 0.0   -0.013 0.0 
  13.159 0.0   -0.016 0.0 
  13.185 0.0   -0.019 0.0 
  13.216 0.0   -0.022 0.0 
  13.246 0.0   -0.025 0.0 
  13.277 0.0   -0.028 0.0 
  13.307 0.0   -0.031 0.0 
  13.337 0.0   -0.034 0.0 
  13.367 0.0   -0.037 0.0 
  13.398 0.0   -0.040 0.0 
  13.428 0.0   -0.042 0.0 
  13.458 0.0   -0.045 0.0 
  13.489 0.0   -0.048 0.0 
  13.520 0.0   -0.050 0.0 
  13.549 0.0   -0.053 0.0 
  13.580 0.0   -0.055 0.0 
  13.610 0.0   -0.058 0.0 
  13.639 0.0   -0.062 0.0 
  13.672 0.0   -0.066 0.0 
  13.700 0.0   -0.069 0.0 
  13.731 0.0   -0.073 0.0 
  13.765 0.0   -0.077 0.0 
  13.795 0.0   -0.081 0.0 
  13.821 0.0   -0.084 0.0 
  13.852 0.0   -0.087 0.0 
  13.887 0.0   -0.090 0.0 
  13.916 0.0   -0.093 0.0 
  13.942 0.0   -0.094 0.0 
  13.972 0.0   -0.095 0.0 
  14.002 0.0   -0.096 0.0 
  14.038 0.0   -0.096 0.0 
  14.064 0.0   -0.096 0.0 
  14.094 0.0   -0.096 0.0 
  14.124 0.0   -0.095 0.0 
  14.159 0.0   -0.095 0.0 
  14.185 0.0   -0.095 0.0 
  14.214 0.0   -0.094 0.0 
  14.245 0.0   -0.094 0.0 
  14.275 0.0   -0.092 0.0 
  14.305 0.0   -0.091 0.0 
  14.336 0.0   -0.090 0.0 
  14.366 0.0   -0.089 0.0 
  14.396 0.0   -0.087 0.0 
  14.426 0.0   -0.085 0.0 
  14.457 0.0   -0.084 0.0 
  14.487 0.0   -0.082 0.0 
  14.524 0.0   -0.080 0.0 
  14.547 0.0   -0.078 0.0 
  14.577 0.0   -0.076 0.0 
  14.608 0.0   -0.074 0.0 
  14.638 0.0   -0.072 0.0 
  14.668 0.0   -0.069 0.0 
  14.698 0.0   -0.067 0.0 
  14.730 0.0   -0.063 0.0 
  14.760 0.0   -0.059 0.0 
  14.789 0.0   -0.055 0.0 
  14.820 0.0   -0.051 0.0 
  14.850 0.0   -0.047 0.0 
  14.882 0.0   -0.043 0.0 
  14.915 0.0   -0.038 0.0 
  14.945 0.0   -0.034 0.0 
  14.972 0.0   -0.030 0.0 
  15.002 0.0   -0.025 0.0 
  15.036 0.0   -0.021 0.0 
  15.066 0.0   -0.018 0.0 
  15.092 0.0   -0.014 0.0 
  15.126 0.0   -0.011 0.0 
  15.154 0.0   -0.007 0.0 
  15.186 0.0   -0.003 0.0 
  15.217 0.0    0.000 0.0 
  15.247 0.0    0.004 0.0 
  15.277 0.0    0.007 0.0 
  15.308 0.0    0.010 0.0 
  15.338 0.0    0.013 0.0 
  15.369 0.0    0.018 0.0 
  15.399 0.0    0.022 0.0 
  15.429 0.0    0.027 0.0 
  15.459 0.0    0.031 0.0 
  15.486 0.0    0.036 0.0 
  15.516 0.0    0.040 0.0 
  15.550 0.0    0.045 0.0 
  15.580 0.0    0.049 0.0 
  15.607 0.0    0.053 0.0 
  15.637 0.0    0.057 0.0 
  15.671 0.0    0.059 0.0 
  15.701 0.0    0.062 0.0 
  15.732 0.0    0.065 0.0 
  15.760 0.0    0.068 0.0 
  15.788 0.0    0.072 0.0 
  15.818 0.0    0.075 0.0 
  15.849 0.0    0.078 0.0 
  15.879 0.0    0.081 0.0 
  15.910 0.0    0.084 0.0 
  15.940 0.0    0.086 0.0 
  15.969 0.0    0.088 0.0 
  15.999 0.0    0.089 0.0 
  16.030 0.0    0.091 0.0 
  16.060 0.0    0.091 0.0 
  16.090 0.0    0.091 0.0 
  16.126 0.0    0.090 0.0 
  16.151 0.0    0.090 0.0 
  16.183 0.0    0.089 0.0 
  16.216 0.0    0.089 0.0 
  16.246 0.0    0.088 0.0 
  16.277 0.0    0.087 0.0 
  16.307 0.0    0.086 0.0 
  16.337 0.0    0.085 0.0 
  16.367 0.0    0.084 0.0 
  16.397 0.0    0.083 0.0 
  16.428 0.0    0.081 0.0 
  16.458 0.0    0.080 0.0 
  16.484 0.0    0.078 0.0 
  16.514 0.0    0.077 0.0 
  16.545 0.0    0.075 0.0 
  16.580 0.0    0.074 0.0 
  16.605 0.0    0.072 0.0 
  16.635 0.0    0.070 0.0 
  16.666 0.0    0.068 0.0 
  16.696 0.0    0.066 0.0 
  16.726 0.0    0.064 0.0 
  16.757 0.0    0.062 0.0 
  16.787 0.0    0.060 0.0 
  16.818 0.0    0.057 0.0 
  16.847 0.0    0.054 0.0 
  16.877 0.0    0.051 0.0 
  16.907 0.0    0.046 0.0 
  16.939 0.0    0.042 0.0 
  16.970 0.0    0.037 0.0 
  16.999 0.0    0.032 0.0 
  17.029 0.0    0.028 0.0 
  17.065 0.0    0.023 0.0 
  17.089 0.0    0.018 0.0 
  17.119 0.0    0.013 0.0 
  17.150 0.0    0.009 0.0 
  17.180 0.0    0.002 0.0 
  17.210 0.0   -0.003 0.0 
  17.241 0.0   -0.008 0.0 
  17.271 0.0   -0.012 0.0 
  17.301 0.0   -0.017 0.0 
  17.332 0.0   -0.022 0.0 
  17.361 0.0   -0.027 0.0 
  17.392 0.0   -0.032 0.0 
  17.422 0.0   -0.036 0.0 
  17.453 0.0   -0.041 0.0 
  17.483 0.0   -0.043 0.0 
  17.513 0.0   -0.046 0.0 
  17.546 0.0   -0.048 0.0 
  17.575 0.0   -0.051 0.0 
  17.605 0.0   -0.053 0.0 
  17.635 0.0   -0.056 0.0 
  17.669 0.0   -0.058 0.0 
  17.696 0.0   -0.060 0.0 
  17.725 0.0   -0.063 0.0 
  17.760 0.0   -0.065 0.0 
  17.789 0.0   -0.067 0.0 
  17.820 0.0   -0.069 0.0 
  17.850 0.0   -0.071 0.0 
  17.876 0.0   -0.073 0.0 
  17.910 0.0   -0.075 0.0 
  17.941 0.0   -0.077 0.0 
  17.971 0.0   -0.079 0.0 
  18.001 0.0   -0.080 0.0 
  18.028 0.0   -0.082 0.0 
  18.058 0.0   -0.083 0.0 
  18.153 0.0   -0.083 0.0 
  18.184 0.0   -0.084 0.0 
  18.201 0.0   -0.084 0.0 
  18.231 0.0   -0.084 0.0 
  18.262 0.0   -0.084 0.0 
  18.292 0.0   -0.083 0.0 
  18.320 0.0   -0.083 0.0 
  18.353 0.0   -0.082 0.0 
  18.383 0.0   -0.081 0.0 
  18.418 0.0   -0.079 0.0 
  18.448 0.0   -0.076 0.0 
  18.477 0.0   -0.074 0.0 
  18.509 0.0   -0.071 0.0 
  18.540 0.0   -0.068 0.0 
  18.570 0.0   -0.065 0.0 
  18.599 0.0   -0.063 0.0 
  18.630 0.0   -0.060 0.0 
  18.660 0.0   -0.057 0.0 
  18.691 0.0   -0.053 0.0 
  18.721 0.0   -0.051 0.0 
  18.751 0.0   -0.049 0.0 
  18.782 0.0   -0.047 0.0 
  18.808 0.0   -0.044 0.0 
  18.842 0.0   -0.042 0.0 
  18.869 0.0   -0.039 0.0 
  18.899 0.0   -0.037 0.0 
  18.929 0.0   -0.034 0.0 
  18.962 0.0   -0.031 0.0 
  18.989 0.0   -0.029 0.0 
  19.023 0.0   -0.026 0.0 
  19.053 0.0   -0.023 0.0 
  19.084 0.0   -0.021 0.0 
  19.110 0.0   -0.018 0.0 
  19.141 0.0   -0.016 0.0 
  19.175 0.0   -0.012 0.0 
  19.205 0.0   -0.007 0.0 
  19.232 0.0   -0.003 0.0 
  19.266 0.0    0.003 0.0 
  19.296 0.0    0.008 0.0 
  19.322 0.0    0.014 0.0 
  19.352 0.0    0.020 0.0 
  19.384 0.0    0.025 0.0 
  19.417 0.0    0.031 0.0 
  19.444 0.0    0.036 0.0 
  19.475 0.0    0.040 0.0 
  19.504 0.0    0.044 0.0 
  19.535 0.0    0.048 0.0 
  19.565 0.0    0.050 0.0 
  19.595 0.0    0.052 0.0 
  19.625 0.0    0.053 0.0 
  19.655 0.0    0.055 0.0 
  19.686 0.0    0.057 0.0 
  19.716 0.0    0.059 0.0 
  19.748 0.0    0.061 0.0 
  19.777 0.0    0.063 0.0 
  19.811 0.0    0.065 0.0 
  19.838 0.0    0.066 0.0 
  19.868 0.0    0.068 0.0 
  19.898 0.0    0.069 0.0 
  19.929 0.0    0.071 0.0 
  19.963 0.0    0.072 0.0 
  19.993 0.0    0.073 0.0 
  20.023 0.0    0.074 0.0 
  20.053 0.0    0.075 0.0 
  20.080 0.0    0.076 0.0 
  20.114 0.0    0.077 0.0 
  20.142 0.0    0.078 0.0 
  20.172 0.0    0.078 0.0 
  20.202 0.0    0.079 0.0 
  20.235 0.0    0.079 0.0 
  20.262 0.0    0.079 0.0 
  20.295 0.0    0.079 0.0 
  20.326 0.0    0.078 0.0 
  20.353 0.0    0.077 0.0 
  20.386 0.0    0.076 0.0 
  20.413 0.0    0.074 0.0 
  20.443 0.0    0.072 0.0 
  20.473 0.0    0.070 0.0 
  20.503 0.0    0.067 0.0 
  20.534 0.0    0.065 0.0 
  20.565 0.0    0.063 0.0 
  20.594 0.0    0.060 0.0 
  20.624 0.0    0.058 0.0 
  20.655 0.0    0.055 0.0 
  20.685 0.0    0.053 0.0 
  20.715 0.0    0.051 0.0 
  20.747 0.0    0.047 0.0 
  20.779 0.0    0.043 0.0 
  20.809 0.0    0.039 0.0 
  20.839 0.0    0.035 0.0 
  20.869 0.0    0.031 0.0 
  20.900 0.0    0.026 0.0 
  20.929 0.0    0.022 0.0 
  20.959 0.0    0.018 0.0 
  20.990 0.0    0.013 0.0 
  21.020 0.0    0.009 0.0 
  21.056 0.0    0.007 0.0 
  21.081 0.0    0.004 0.0 
  21.112 0.0    0.002 0.0 
  21.142 0.0   -0.001 0.0 
  21.172 0.0   -0.003 0.0 
  21.203 0.0   -0.006 0.0 
  21.237 0.0   -0.009 0.0 
  21.262 0.0   -0.012 0.0 
  21.292 0.0   -0.014 0.0 
  21.323 0.0   -0.017 0.0 
  21.358 0.0   -0.020 0.0 
  21.384 0.0   -0.023 0.0 
  21.414 0.0   -0.025 0.0 
  21.444 0.0   -0.028 0.0 
  21.474 0.0   -0.031 0.0 
  21.504 0.0   -0.034 0.0 
  21.534 0.0   -0.036 0.0 
  21.565 0.0   -0.039 0.0 
  21.595 0.0   -0.042 0.0 
  21.630 0.0   -0.045 0.0 
  21.657 0.0   -0.048 0.0 
  21.686 0.0   -0.052 0.0 
  21.716 0.0   -0.055 0.0 
  21.746 0.0   -0.058 0.0 
  21.777 0.0   -0.061 0.0 
  21.808 0.0   -0.064 0.0 
  21.837 0.0   -0.067 0.0 
  21.868 0.0   -0.069 0.0 
  21.898 0.0   -0.071 0.0 
  21.928 0.0   -0.073 0.0 
  21.958 0.0   -0.073 0.0 
  21.988 0.0   -0.074 0.0 
  22.019 0.0   -0.074 0.0 
  22.050 0.0   -0.075 0.0 
  22.085 0.0   -0.075 0.0 
  22.110 0.0   -0.075 0.0 
  22.139 0.0   -0.076 0.0 
  22.170 0.0   -0.076 0.0 
  22.200 0.0   -0.076 0.0 
  22.230 0.0   -0.075 0.0 
  22.261 0.0   -0.075 0.0 
  22.293 0.0   -0.075 0.0 
  22.326 0.0   -0.074 0.0 
  22.355 0.0   -0.074 0.0 
  22.382 0.0   -0.073 0.0 
  22.412 0.0   -0.072 0.0 
  22.445 0.0   -0.071 0.0 
  22.473 0.0   -0.070 0.0 
  22.506 0.0   -0.068 0.0 
  22.537 0.0   -0.066 0.0 
  22.567 0.0   -0.064 0.0 
  22.597 0.0   -0.062 0.0 
  22.624 0.0   -0.060 0.0 
  22.658 0.0   -0.058 0.0 
  22.685 0.0   -0.055 0.0 
  22.719 0.0   -0.053 0.0 
  22.745 0.0   -0.051 0.0 
  22.775 0.0   -0.048 0.0 
  22.810 0.0   -0.046 0.0 
  22.840 0.0   -0.044 0.0 
  22.870 0.0   -0.042 0.0 
  22.900 0.0   -0.038 0.0 
  22.931 0.0   -0.035 0.0 
  22.957 0.0   -0.031 0.0 
  22.992 0.0   -0.025 0.0 
  23.021 0.0   -0.020 0.0 
  23.052 0.0   -0.014 0.0 
  23.082 0.0   -0.008 0.0 
  23.108 0.0   -0.003 0.0 
  23.142 0.0    0.003 0.0 
  23.168 0.0    0.008 0.0 
  23.199 0.0    0.012 0.0 
  23.229 0.0    0.016 0.0 
  23.259 0.0    0.020 0.0 
  23.290 0.0    0.022 0.0 
  23.320 0.0    0.025 0.0 
  23.351 0.0    0.027 0.0 
  23.381 0.0    0.029 0.0 
  23.412 0.0    0.031 0.0 
  23.445 0.0    0.033 0.0 
  23.476 0.0    0.035 0.0 
  23.506 0.0    0.038 0.0 
  23.535 0.0    0.039 0.0 
  23.566 0.0    0.042 0.0 
  23.597 0.0    0.043 0.0 
  23.626 0.0    0.045 0.0 
  23.652 0.0    0.047 0.0 
  23.682 0.0    0.049 0.0 
  23.713 0.0    0.051 0.0 
  23.743 0.0    0.053 0.0 
  23.774 0.0    0.056 0.0 
  23.803 0.0    0.058 0.0 
  23.834 0.0    0.060 0.0 
  23.864 0.0    0.062 0.0 
  23.894 0.0    0.064 0.0 
  23.925 0.0    0.065 0.0 
  23.955 0.0    0.067 0.0 
  23.987 0.0    0.068 0.0 
  24.021 0.0    0.070 0.0 
  24.047 0.0    0.071 0.0 
  24.081 0.0    0.071 0.0 
  24.107 0.0    0.072 0.0 
  24.137 0.0    0.072 0.0 
  24.167 0.0    0.073 0.0 
  24.198 0.0    0.073 0.0 
  24.227 0.0    0.073 0.0 
  24.257 0.0    0.073 0.0 
  24.288 0.0    0.072 0.0 
  24.323 0.0    0.071 0.0 
  24.349 0.0    0.070 0.0 
  24.383 0.0    0.068 0.0 
  24.409 0.0    0.066 0.0 
  24.439 0.0    0.065 0.0 
  24.469 0.0    0.063 0.0 
  24.500 0.0    0.061 0.0 
  24.530 0.0    0.058 0.0 
  24.566 0.0    0.056 0.0 
  24.591 0.0    0.054 0.0 
  24.621 0.0    0.052 0.0 
  24.651 0.0    0.051 0.0 
  24.681 0.0    0.049 0.0 
  24.711 0.0    0.047 0.0 
  24.742 0.0    0.045 0.0 
  24.772 0.0    0.043 0.0 
  24.801 0.0    0.041 0.0 
  24.832 0.0    0.039 0.0 
  24.862 0.0    0.036 0.0 
  24.892 0.0    0.034 0.0 
  24.924 0.0    0.030 0.0 
  24.953 0.0    0.026 0.0 
  24.985 0.0    0.022 0.0 
  25.014 0.0    0.018 0.0 
  25.044 0.0    0.014 0.0 
  25.074 0.0    0.010 0.0 
  25.104 0.0    0.006 0.0 
  25.136 0.0    0.002 0.0 
  25.171 0.0   -0.002 0.0 
  25.201 0.0   -0.006 0.0 
  25.226 0.0   -0.008 0.0 
  25.256 0.0   -0.011 0.0 
  25.292 0.0   -0.013 0.0 
  25.317 0.0   -0.015 0.0 
  25.347 0.0   -0.018 0.0 
  25.377 0.0   -0.020 0.0 
  25.407 0.0   -0.023 0.0 
  25.437 0.0   -0.025 0.0 
  25.469 0.0   -0.028 0.0 
  25.503 0.0   -0.031 0.0 
  25.528 0.0   -0.035 0.0 
  25.559 0.0   -0.039 0.0 
  25.589 0.0   -0.043 0.0 
  25.620 0.0   -0.046 0.0 
  25.649 0.0   -0.050 0.0 
  25.685 0.0   -0.053 0.0 
  25.712 0.0   -0.057 0.0 
  25.745 0.0   -0.060 0.0 
  25.771 0.0   -0.063 0.0 
  25.801 0.0   -0.064 0.0 
  25.835 0.0   -0.066 0.0 
  25.862 0.0   -0.067 0.0 
  25.896 0.0   -0.067 0.0 
  25.926 0.0   -0.068 0.0 
  25.956 0.0   -0.068 0.0 
  25.987 0.0   -0.069 0.0 
  26.012 0.0   -0.069 0.0 
  26.047 0.0   -0.069 0.0 
  26.077 0.0   -0.069 0.0 
  26.108 0.0   -0.070 0.0 
  26.138 0.0   -0.070 0.0 
  26.168 0.0   -0.069 0.0 
  26.198 0.0   -0.069 0.0 
  26.224 0.0   -0.068 0.0 
  26.256 0.0   -0.067 0.0 
  26.286 0.0   -0.066 0.0 
  26.319 0.0   -0.064 0.0 
  26.345 0.0   -0.063 0.0 
  26.379 0.0   -0.061 0.0 
  26.410 0.0   -0.059 0.0 
  26.439 0.0   -0.058 0.0 
  26.470 0.0   -0.056 0.0 
  26.496 0.0   -0.054 0.0 
  26.530 0.0   -0.052 0.0 
  26.561 0.0   -0.051 0.0 
  26.588 0.0   -0.050 0.0 
  26.621 0.0   -0.048 0.0 
  26.652 0.0   -0.046 0.0 
  26.678 0.0   -0.044 0.0 
  26.712 0.0   -0.042 0.0 
  26.739 0.0   -0.039 0.0 
  26.773 0.0   -0.037 0.0 
  26.799 0.0   -0.034 0.0 
  26.833 0.0   -0.031 0.0 
  26.863 0.0   -0.029 0.0 
  26.889 0.0   -0.026 0.0 
  26.919 0.0   -0.023 0.0 
  26.951 0.0   -0.020 0.0 
  26.981 0.0   -0.018 0.0 
  27.010 0.0   -0.016 0.0 
  27.041 0.0   -0.013 0.0 
  27.071 0.0   -0.011 0.0 
  27.101 0.0   -0.009 0.0 
  27.131 0.0   -0.006 0.0 
  27.166 0.0   -0.004 0.0 
  27.196 0.0   -0.001 0.0 
  27.222 0.0    0.001 0.0 
  27.252 0.0    0.005 0.0 
  27.282 0.0    0.009 0.0 
  27.313 0.0    0.013 0.0 
  27.343 0.0    0.018 0.0 
  27.373 0.0    0.023 0.0 
  27.403 0.0    0.028 0.0 
  27.434 0.0    0.033 0.0 
  27.465 0.0    0.037 0.0 
  27.494 0.0    0.042 0.0 
  27.525 0.0    0.046 0.0 
  27.555 0.0    0.048 0.0 
  27.585 0.0    0.051 0.0 
  27.615 0.0    0.052 0.0 
  27.645 0.0    0.054 0.0 
  27.676 0.0    0.055 0.0 
  27.706 0.0    0.056 0.0 
  27.736 0.0    0.057 0.0 
  27.768 0.0    0.058 0.0 
  27.797 0.0    0.058 0.0 
  27.828 0.0    0.059 0.0 
  27.858 0.0    0.060 0.0 
  27.888 0.0    0.061 0.0 
  27.918 0.0    0.061 0.0 
  27.948 0.0    0.062 0.0 
  27.978 0.0    0.063 0.0 
  28.009 0.0    0.063 0.0 
  28.040 0.0    0.063 0.0 
  28.074 0.0    0.064 0.0 
  28.104 0.0    0.064 0.0 
  28.134 0.0    0.064 0.0 
  28.161 0.0    0.064 0.0 
  28.194 0.0    0.064 0.0 
  28.223 0.0    0.064 0.0 
  28.255 0.0    0.064 0.0 
  28.281 0.0    0.063 0.0 
  28.311 0.0    0.062 0.0 
  28.341 0.0    0.061 0.0 
  28.372 0.0    0.060 0.0 
  28.402 0.0    0.059 0.0 
  28.433 0.0    0.058 0.0 
  28.463 0.0    0.057 0.0 
  28.492 0.0    0.054 0.0 
  28.523 0.0    0.052 0.0 
  28.553 0.0    0.049 0.0 
  28.583 0.0    0.046 0.0 
  28.613 0.0    0.044 0.0 
  28.644 0.0    0.041 0.0 
  28.674 0.0    0.038 0.0 
  28.704 0.0    0.035 0.0 
  28.734 0.0    0.032 0.0 
  28.766 0.0    0.029 0.0 
  28.796 0.0    0.027 0.0 
  28.826 0.0    0.025 0.0 
  28.855 0.0    0.024 0.0 
  28.888 0.0    0.022 0.0 
  28.916 0.0    0.020 0.0 
  28.947 0.0    0.018 0.0 
  28.976 0.0    0.016 0.0 
  29.007 0.0    0.014 0.0 
  29.038 0.0    0.012 0.0 
  29.068 0.0    0.009 0.0 
  29.097 0.0    0.007 0.0 
  29.129 0.0    0.005 0.0 
  29.159 0.0    0.002 0.0 
  29.190 0.0   -0.001 0.0 
  29.219 0.0   -0.003 0.0 
  29.249 0.0   -0.006 0.0 
  29.280 0.0   -0.008 0.0 
  29.310 0.0   -0.011 0.0 
  29.340 0.0   -0.014 0.0 
  29.375 0.0   -0.017 0.0 
  29.401 0.0   -0.020 0.0 
  29.431 0.0   -0.023 0.0 
  29.462 0.0   -0.026 0.0 
  29.492 0.0   -0.029 0.0 
  29.521 0.0   -0.031 0.0 
  29.551 0.0   -0.034 0.0 
  29.582 0.0   -0.037 0.0 
  29.613 0.0   -0.039 0.0 
  29.642 0.0   -0.040 0.0 
  29.673 0.0   -0.042 0.0 
  29.705 0.0   -0.044 0.0 
  29.738 0.0   -0.045 0.0 
  29.764 0.0   -0.047 0.0 
  29.794 0.0   -0.048 0.0 
  29.824 0.0   -0.049 0.0 
  29.854 0.0   -0.050 0.0 
  29.885 0.0   -0.051 0.0 
  29.915 0.0   -0.053 0.0 
  29.945 0.0   -0.054 0.0 
  29.975 0.0   -0.055 0.0 
  30.005 0.0   -0.056 0.0 
  30.035 0.0   -0.056 0.0 
  30.066 0.0   -0.057 0.0 
  30.096 0.0   -0.058 0.0 
  30.127 0.0   -0.058 0.0 
  30.158 0.0   -0.059 0.0 
  30.188 0.0   -0.059 0.0 
  30.218 0.0   -0.059 0.0 
  30.248 0.0   -0.059 0.0 
  30.279 0.0   -0.059 0.0 
  30.310 0.0   -0.058 0.0 
  30.340 0.0   -0.058 0.0 
  30.369 0.0   -0.057 0.0 
  30.399 0.0   -0.056 0.0 
  30.431 0.0   -0.054 0.0 
  30.460 0.0   -0.053 0.0 
  30.490 0.0   -0.052 0.0 
  30.520 0.0   -0.050 0.0 
  30.551 0.0   -0.048 0.0 
  30.582 0.0   -0.047 0.0 
  30.611 0.0   -0.045 0.0 
  30.641 0.0   -0.043 0.0 
  30.672 0.0   -0.041 0.0 
  30.703 0.0   -0.039 0.0 
  30.733 0.0   -0.037 0.0 
  30.763 0.0   -0.034 0.0 
  30.793 0.0   -0.032 0.0 
  30.823 0.0   -0.030 0.0 
  30.853 0.0   -0.028 0.0 
  30.884 0.0   -0.025 0.0 
  30.914 0.0   -0.023 0.0 
  30.946 0.0   -0.020 0.0 
  30.974 0.0   -0.018 0.0 
  31.005 0.0   -0.016 0.0 
  31.035 0.0   -0.013 0.0 
  31.071 0.0   -0.009 0.0 
  31.100 0.0   -0.006 0.0 
  31.130 0.0   -0.003 0.0 
  31.160 0.0    0.001 0.0 
  31.187 0.0    0.004 0.0 
  31.217 0.0    0.007 0.0 
  31.251 0.0    0.011 0.0 
  31.281 0.0    0.014 0.0 
  31.312 0.0    0.017 0.0 
  31.337 0.0    0.018 0.0 
  31.367 0.0    0.020 0.0 
  31.398 0.0    0.022 0.0 
  31.429 0.0    0.024 0.0 
  31.464 0.0    0.026 0.0 
  31.489 0.0    0.028 0.0 
  31.519 0.0    0.031 0.0 
  31.555 0.0    0.033 0.0 
  31.584 0.0    0.035 0.0 
  31.612 0.0    0.038 0.0 
  31.640 0.0    0.040 0.0 
  31.670 0.0    0.042 0.0 
  31.701 0.0    0.044 0.0 
  31.731 0.0    0.046 0.0 
  31.761 0.0    0.047 0.0 
  31.791 0.0    0.048 0.0 
  31.822 0.0    0.049 0.0 
  31.853 0.0    0.050 0.0 
  31.884 0.0    0.052 0.0 
  31.912 0.0    0.053 0.0 
  31.943 0.0    0.053 0.0 
  31.973 0.0    0.054 0.0 
  32.004 0.0    0.055 0.0 
  32.034 0.0    0.055 0.0 
  32.064 0.0    0.055 0.0 
  32.095 0.0    0.055 0.0 
  32.125 0.0    0.055 0.0 
  32.155 0.0    0.055 0.0 
  32.186 0.0    0.054 0.0 
  32.216 0.0    0.053 0.0 
  32.246 0.0    0.053 0.0 
  32.276 0.0    0.052 0.0 
  32.305 0.0    0.052 0.0 
  32.336 0.0    0.051 0.0 
  32.367 0.0    0.050 0.0 
  32.397 0.0    0.049 0.0 
  32.427 0.0    0.047 0.0 
  32.458 0.0    0.045 0.0 
  32.488 0.0    0.044 0.0 
  32.517 0.0    0.042 0.0 
  32.548 0.0    0.040 0.0 
  32.579 0.0    0.038 0.0 
  32.610 0.0    0.037 0.0 
  32.644 0.0    0.035 0.0 
  32.669 0.0    0.033 0.0 
  32.699 0.0    0.031 0.0 
  32.730 0.0    0.030 0.0 
  32.760 0.0    0.028 0.0 
  32.790 0.0    0.027 0.0 
  32.820 0.0    0.025 0.0 
  32.851 0.0    0.024 0.0 
  32.882 0.0    0.022 0.0 
  32.911 0.0    0.021 0.0 
  32.942 0.0    0.019 0.0 
  32.973 0.0    0.017 0.0 
  33.002 0.0    0.015 0.0 
  33.033 0.0    0.014 0.0 
  33.063 0.0    0.011 0.0 
  33.093 0.0    0.008 0.0 
  33.123 0.0    0.005 0.0 
  33.159 0.0    0.002 0.0 
  33.184 0.0   -0.000 0.0 
  33.214 0.0   -0.003 0.0 
  33.250 0.0   -0.006 0.0 
  33.277 0.0   -0.009 0.0 
  33.305 0.0   -0.011 0.0 
  33.335 0.0   -0.014 0.0 
  33.371 0.0   -0.017 0.0 
  33.396 0.0   -0.020 0.0 
  33.431 0.0   -0.022 0.0 
  33.456 0.0   -0.025 0.0 
  33.486 0.0   -0.028 0.0 
  33.517 0.0   -0.030 0.0 
  33.547 0.0   -0.033 0.0 
  33.577 0.0   -0.035 0.0 
  33.609 0.0   -0.038 0.0 
  33.638 0.0   -0.040 0.0 
  33.668 0.0   -0.041 0.0 
  33.698 0.0   -0.043 0.0 
  33.728 0.0   -0.044 0.0 
  33.759 0.0   -0.046 0.0 
  33.789 0.0   -0.047 0.0 
  33.820 0.0   -0.048 0.0 
  33.850 0.0   -0.049 0.0 
  33.880 0.0   -0.050 0.0 
  33.910 0.0   -0.051 0.0 
  33.940 0.0   -0.052 0.0 
  33.971 0.0   -0.053 0.0 
  34.001 0.0   -0.053 0.0 
  34.032 0.0   -0.053 0.0 
  34.062 0.0   -0.053 0.0 
  34.091 0.0   -0.053 0.0 
  34.122 0.0   -0.053 0.0 
  34.153 0.0   -0.053 0.0 
  34.182 0.0   -0.053 0.0 
  34.214 0.0   -0.053 0.0 
  34.243 0.0   -0.052 0.0 
  34.277 0.0   -0.052 0.0 
  34.306 0.0   -0.052 0.0 
  34.334 0.0   -0.051 0.0 
  34.364 0.0   -0.050 0.0 
  34.394 0.0   -0.050 0.0 
  34.428 0.0   -0.049 0.0 
  34.459 0.0   -0.048 0.0 
  34.485 0.0   -0.047 0.0 
  34.515 0.0   -0.045 0.0 
  34.550 0.0   -0.043 0.0 
  34.576 0.0   -0.041 0.0 
  34.610 0.0   -0.039 0.0 
  34.637 0.0   -0.037 0.0 
  34.667 0.0   -0.035 0.0 
  34.698 0.0   -0.033 0.0 
  34.727 0.0   -0.031 0.0 
  34.757 0.0   -0.029 0.0 
  34.786 0.0   -0.026 0.0 
  34.817 0.0   -0.024 0.0 
  34.848 0.0   -0.021 0.0 
  34.878 0.0   -0.018 0.0 
  34.908 0.0   -0.015 0.0 
  34.943 0.0   -0.012 0.0 
  34.969 0.0   -0.009 0.0 
  34.999 0.0   -0.005 0.0 
  35.029 0.0   -0.002 0.0 
  35.060 0.0    0.001 0.0 
  35.089 0.0    0.004 0.0 
  35.120 0.0    0.007 0.0 
  35.150 0.0    0.009 0.0 
  35.180 0.0    0.011 0.0 
  35.211 0.0    0.013 0.0 
  35.242 0.0    0.015 0.0 
  35.271 0.0    0.017 0.0 
  35.301 0.0    0.018 0.0 
  35.331 0.0    0.020 0.0 
  35.361 0.0    0.022 0.0 
  35.392 0.0    0.024 0.0 
  35.422 0.0    0.025 0.0 
  35.453 0.0    0.027 0.0 
  35.483 0.0    0.029 0.0 
  35.513 0.0    0.030 0.0 
  35.543 0.0    0.031 0.0 
  35.574 0.0    0.033 0.0 
  35.605 0.0    0.035 0.0 
  35.634 0.0    0.036 0.0 
  35.664 0.0    0.038 0.0 
  35.694 0.0    0.040 0.0 
  35.725 0.0    0.041 0.0 
  35.756 0.0    0.043 0.0 
  35.785 0.0    0.044 0.0 
  35.816 0.0    0.045 0.0 
  35.846 0.0    0.046 0.0 
  35.876 0.0    0.047 0.0 
  35.907 0.0    0.048 0.0 
  35.936 0.0    0.048 0.0 
  35.967 0.0    0.049 0.0 
  35.997 0.0    0.049 0.0 
  36.028 0.0    0.049 0.0 
  36.058 0.0    0.050 0.0 
  36.089 0.0    0.050 0.0 
  36.119 0.0    0.050 0.0 
  36.152 0.0    0.049 0.0 
  36.183 0.0    0.049 0.0 
  36.213 0.0    0.049 0.0 
  36.239 0.0    0.048 0.0 
  36.270 0.0    0.047 0.0 
  36.300 0.0    0.046 0.0 
  36.330 0.0    0.045 0.0 
  36.360 0.0    0.044 0.0 
  36.390 0.0    0.043 0.0 
  36.421 0.0    0.042 0.0 
  36.452 0.0    0.040 0.0 
  36.482 0.0    0.039 0.0 
  36.512 0.0    0.038 0.0 
  36.547 0.0    0.037 0.0 
  36.575 0.0    0.035 0.0 
  36.603 0.0    0.034 0.0 
  36.633 0.0    0.032 0.0 
  36.663 0.0    0.031 0.0 
  36.693 0.0    0.030 0.0 
  36.724 0.0    0.028 0.0 
  36.754 0.0    0.026 0.0 
  36.784 0.0    0.023 0.0 
  36.814 0.0    0.019 0.0 
  36.845 0.0    0.016 0.0 
  36.875 0.0    0.012 0.0 
  36.905 0.0    0.009 0.0 
  36.935 0.0    0.005 0.0 
  36.965 0.0    0.001 0.0 
  36.996 0.0   -0.002 0.0 
  37.026 0.0   -0.006 0.0 
  37.056 0.0   -0.008 0.0 
  37.086 0.0   -0.010 0.0 
  37.116 0.0   -0.012 0.0 
  37.147 0.0   -0.013 0.0 
  37.178 0.0   -0.015 0.0 
  37.212 0.0   -0.016 0.0 
  37.239 0.0   -0.018 0.0 
  37.268 0.0   -0.019 0.0 
  37.298 0.0   -0.020 0.0 
  37.328 0.0   -0.022 0.0 
  37.364 0.0   -0.023 0.0 
  37.389 0.0   -0.024 0.0 
  37.419 0.0   -0.026 0.0 
  37.450 0.0   -0.027 0.0 
  37.480 0.0   -0.029 0.0 
  37.516 0.0   -0.031 0.0 
  37.540 0.0   -0.032 0.0 
  37.576 0.0   -0.034 0.0 
  37.603 0.0   -0.036 0.0 
  37.631 0.0   -0.037 0.0 
  37.661 0.0   -0.038 0.0 
  37.697 0.0   -0.040 0.0 
  37.723 0.0   -0.041 0.0 
  37.752 0.0   -0.042 0.0 
  37.782 0.0   -0.042 0.0 
  37.812 0.0   -0.043 0.0 
  37.843 0.0   -0.043 0.0 
  37.873 0.0   -0.044 0.0 
  37.904 0.0   -0.044 0.0 
  37.934 0.0   -0.045 0.0 
  37.965 0.0   -0.045 0.0 
  37.994 0.0   -0.045 0.0 
  38.024 0.0   -0.045 0.0 
  38.055 0.0   -0.045 0.0 
  38.085 0.0   -0.045 0.0 
  38.115 0.0   -0.045 0.0 
  38.146 0.0   -0.045 0.0 
  38.176 0.0   -0.045 0.0 
  38.206 0.0   -0.044 0.0 
  38.237 0.0   -0.044 0.0 
  38.267 0.0   -0.043 0.0 
  38.297 0.0   -0.042 0.0 
  38.327 0.0   -0.042 0.0 
  38.358 0.0   -0.040 0.0 
  38.393 0.0   -0.038 0.0 
  38.419 0.0   -0.037 0.0 
  38.449 0.0   -0.035 0.0 
  38.478 0.0   -0.034 0.0 
  38.509 0.0   -0.032 0.0 
  38.538 0.0   -0.030 0.0 
  38.569 0.0   -0.028 0.0 
  38.600 0.0   -0.027 0.0 
  38.631 0.0   -0.025 0.0 
  38.661 0.0   -0.023 0.0 
  38.694 0.0   -0.022 0.0 
  38.721 0.0   -0.020 0.0 
  38.752 0.0   -0.018 0.0 
  38.786 0.0   -0.015 0.0 
  38.811 0.0   -0.013 0.0 
  38.841 0.0   -0.010 0.0 
  38.871 0.0   -0.008 0.0 
  38.902 0.0   -0.005 0.0 
  38.932 0.0   -0.002 0.0 
  38.962 0.0   -0.000 0.0 
  38.993 0.0    0.002 0.0 
  39.024 0.0    0.004 0.0 
  39.054 0.0    0.005 0.0 
  39.083 0.0    0.007 0.0 
  39.114 0.0    0.008 0.0 
  39.144 0.0    0.010 0.0 
  39.175 0.0    0.011 0.0 
  39.204 0.0    0.012 0.0 
  39.235 0.0    0.013 0.0 
  39.265 0.0    0.015 0.0 
  39.296 0.0    0.016 0.0 
  39.325 0.0    0.018 0.0 
  39.356 0.0    0.019 0.0 
  39.387 0.0    0.021 0.0 
  39.417 0.0    0.023 0.0 
  39.447 0.0    0.026 0.0 
  39.477 0.0    0.027 0.0 
  39.513 0.0    0.029 0.0 
  39.542 0.0    0.031 0.0 
  39.567 0.0    0.033 0.0 
  39.598 0.0    0.035 0.0 
  39.628 0.0    0.036 0.0 
  39.658 0.0    0.038 0.0 
  39.689 0.0    0.038 0.0 
  39.720 0.0    0.039 0.0 
  39.751 0.0    0.039 0.0 
  39.780 0.0    0.039 0.0 
  39.810 0.0    0.040 0.0 
  39.841 0.0    0.040 0.0 
  39.870 0.0    0.040 0.0 
  39.901 0.0    0.040 0.0 
  39.931 0.0    0.040 0.0 
  39.961 0.0    0.041 0.0 
  39.992 0.0    0.041 0.0 
  40.021 0.0    0.041 0.0 
  40.052 0.0    0.041 0.0 
  40.082 0.0    0.041 0.0 
  40.114 0.0    0.041 0.0 
  40.144 0.0    0.041 0.0 
  40.173 0.0    0.040 0.0 
  40.204 0.0    0.040 0.0 
  40.233 0.0    0.040 0.0 
  40.265 0.0    0.039 0.0 
  40.294 0.0    0.038 0.0 
  40.325 0.0    0.038 0.0 
  40.355 0.0    0.037 0.0 
  40.385 0.0    0.036 0.0 
  40.415 0.0    0.034 0.0 
  40.445 0.0    0.033 0.0 
  40.475 0.0    0.031 0.0 
  40.506 0.0    0.030 0.0 
  40.542 0.0    0.028 0.0 
  40.568 0.0    0.027 0.0 
  40.597 0.0    0.025 0.0 
  40.627 0.0    0.023 0.0 
  40.657 0.0    0.022 0.0 
  40.688 0.0    0.021 0.0 
  40.718 0.0    0.019 0.0 
  40.749 0.0    0.017 0.0 
  40.779 0.0    0.016 0.0 
  40.808 0.0    0.014 0.0 
  40.838 0.0    0.012 0.0 
  40.869 0.0    0.010 0.0 
  40.899 0.0    0.008 0.0 
  40.935 0.0    0.006 0.0 
  40.960 0.0    0.005 0.0 
  40.990 0.0    0.002 0.0 
  41.020 0.0    0.001 0.0 
  41.050 0.0   -0.001 0.0 
  41.081 0.0   -0.003 0.0 
  41.111 0.0   -0.004 0.0 
  41.142 0.0   -0.006 0.0 
  41.172 0.0   -0.008 0.0 
  41.202 0.0   -0.009 0.0 
  41.232 0.0   -0.011 0.0 
  41.263 0.0   -0.012 0.0 
  41.294 0.0   -0.014 0.0 
  41.323 0.0   -0.015 0.0 
  41.353 0.0   -0.016 0.0 
  41.383 0.0   -0.018 0.0 
  41.414 0.0   -0.019 0.0 
  41.444 0.0   -0.021 0.0 
  41.475 0.0   -0.023 0.0 
  41.504 0.0   -0.024 0.0 
  41.534 0.0   -0.026 0.0 
  41.565 0.0   -0.027 0.0 
  41.595 0.0   -0.029 0.0 
  41.626 0.0   -0.030 0.0 
  41.657 0.0   -0.031 0.0 
  41.687 0.0   -0.032 0.0 
  41.716 0.0   -0.033 0.0 
  41.747 0.0   -0.034 0.0 
  41.777 0.0   -0.035 0.0 
  41.808 0.0   -0.036 0.0 
  41.837 0.0   -0.037 0.0 
  41.867 0.0   -0.037 0.0 
  41.898 0.0   -0.038 0.0 
  41.930 0.0   -0.038 0.0 
  41.960 0.0   -0.038 0.0 
  41.989 0.0   -0.038 0.0 
  42.019 0.0   -0.038 0.0 
  42.049 0.0   -0.038 0.0 
  42.080 0.0   -0.038 0.0 
  42.110 0.0   -0.038 0.0 
  42.140 0.0   -0.037 0.0 
  42.172 0.0   -0.037 0.0 
  42.202 0.0   -0.037 0.0 
  42.231 0.0   -0.036 0.0 
  42.261 0.0   -0.036 0.0 
  42.292 0.0   -0.035 0.0 
  42.322 0.0   -0.034 0.0 
  42.352 0.0   -0.034 0.0 
  42.383 0.0   -0.032 0.0 
  42.412 0.0   -0.031 0.0 
  42.442 0.0   -0.029 0.0 
  42.473 0.0   -0.028 0.0 
  42.505 0.0   -0.026 0.0 
  42.535 0.0   -0.024 0.0 
  42.564 0.0   -0.023 0.0 
  42.595 0.0   -0.021 0.0 
  42.625 0.0   -0.019 0.0 
  42.655 0.0   -0.018 0.0 
  42.684 0.0   -0.017 0.0 
  42.715 0.0   -0.016 0.0 
  42.746 0.0   -0.015 0.0 
  42.776 0.0   -0.013 0.0 
  42.806 0.0   -0.012 0.0 
  42.837 0.0   -0.011 0.0 
  42.867 0.0   -0.010 0.0 
  42.897 0.0   -0.008 0.0 
  42.927 0.0   -0.007 0.0 
  42.957 0.0   -0.005 0.0 
  42.988 0.0   -0.003 0.0 
  43.019 0.0   -0.002 0.0 
  43.049 0.0    0.000 0.0 
  43.078 0.0    0.002 0.0 
  43.108 0.0    0.003 0.0 
  43.139 0.0    0.005 0.0 
  43.169 0.0    0.007 0.0 
  43.200 0.0    0.009 0.0 
  43.230 0.0    0.010 0.0 
  43.260 0.0    0.012 0.0 
  43.290 0.0    0.013 0.0 
  43.320 0.0    0.015 0.0 
  43.351 0.0    0.017 0.0 
  43.381 0.0    0.018 0.0 
  43.412 0.0    0.020 0.0 
  43.442 0.0    0.022 0.0 
  43.472 0.0    0.023 0.0 
  43.502 0.0    0.024 0.0 
  43.534 0.0    0.025 0.0 
  43.563 0.0    0.026 0.0 
  43.593 0.0    0.028 0.0 
  43.623 0.0    0.029 0.0 
  43.653 0.0    0.030 0.0 
  43.684 0.0    0.031 0.0 
  43.719 0.0    0.032 0.0 
  43.749 0.0    0.033 0.0 
  43.775 0.0    0.034 0.0 
  43.809 0.0    0.035 0.0 
  43.839 0.0    0.035 0.0 
  43.870 0.0    0.036 0.0 
  43.900 0.0    0.036 0.0 
  43.925 0.0    0.036 0.0 
  43.956 0.0    0.036 0.0 
  43.987 0.0    0.036 0.0 
  44.017 0.0    0.036 0.0 
  44.052 0.0    0.036 0.0 
  44.077 0.0    0.036 0.0 
  44.108 0.0    0.035 0.0 
  44.138 0.0    0.035 0.0 
  44.168 0.0    0.035 0.0 
  44.198 0.0    0.034 0.0 
  44.234 0.0    0.034 0.0 
  44.258 0.0    0.033 0.0 
  44.289 0.0    0.032 0.0 
  44.320 0.0    0.031 0.0 
  44.351 0.0    0.030 0.0 
  44.385 0.0    0.029 0.0 
  44.410 0.0    0.028 0.0 
  44.441 0.0    0.027 0.0 
  44.470 0.0    0.026 0.0 
  44.501 0.0    0.025 0.0 
  44.531 0.0    0.023 0.0 
  44.561 0.0    0.022 0.0 
  44.592 0.0    0.021 0.0 
  44.622 0.0    0.019 0.0 
  44.652 0.0    0.018 0.0 
  44.684 0.0    0.017 0.0 
  44.713 0.0    0.016 0.0 
  44.743 0.0    0.014 0.0 
  44.774 0.0    0.013 0.0 
  44.804 0.0    0.011 0.0 
  44.834 0.0    0.009 0.0 
  44.864 0.0    0.007 0.0 
  44.900 0.0    0.005 0.0 
  44.925 0.0    0.003 0.0 
  44.955 0.0    0.002 0.0 
  44.985 0.0   -0.000 0.0 
  45.017 0.0   -0.002 0.0 
  45.047 0.0   -0.004 0.0 
  45.076 0.0   -0.006 0.0 
  45.107 0.0   -0.008 0.0 
  45.137 0.0   -0.009 0.0 
  45.168 0.0   -0.011 0.0 
  45.198 0.0   -0.013 0.0 
  45.228 0.0   -0.015 0.0 
  45.259 0.0   -0.017 0.0 
  45.288 0.0   -0.019 0.0 
  45.319 0.0   -0.021 0.0 
  45.349 0.0   -0.023 0.0 
  45.379 0.0   -0.024 0.0 
  45.409 0.0   -0.026 0.0 
  45.439 0.0   -0.027 0.0 
  45.470 0.0   -0.028 0.0 
  45.500 0.0   -0.029 0.0 
  45.530 0.0   -0.030 0.0 
  45.561 0.0   -0.030 0.0 
  45.592 0.0   -0.030 0.0 
  45.621 0.0   -0.031 0.0 
  45.652 0.0   -0.031 0.0 
  45.682 0.0   -0.032 0.0 
  45.712 0.0   -0.032 0.0 
  45.742 0.0   -0.032 0.0 
  45.772 0.0   -0.032 0.0 
  45.803 0.0   -0.032 0.0 
  45.833 0.0   -0.033 0.0 
  45.864 0.0   -0.033 0.0 
  45.895 0.0   -0.033 0.0 
  45.924 0.0   -0.033 0.0 
  45.954 0.0   -0.032 0.0 
  45.984 0.0   -0.032 0.0 
  46.015 0.0   -0.032 0.0 
  46.046 0.0   -0.032 0.0 
  46.076 0.0   -0.032 0.0 
  46.106 0.0   -0.031 0.0 
  46.136 0.0   -0.031 0.0 
  46.165 0.0   -0.030 0.0 
  46.197 0.0   -0.030 0.0 
  46.231 0.0   -0.029 0.0 
  46.261 0.0   -0.029 0.0 
  46.288 0.0   -0.028 0.0 
  46.322 0.0   -0.027 0.0 
  46.352 0.0   -0.026 0.0 
  46.382 0.0   -0.025 0.0 
  46.413 0.0   -0.025 0.0 
  46.443 0.0   -0.024 0.0 
  46.474 0.0   -0.023 0.0 
  46.504 0.0   -0.022 0.0 
  46.530 0.0   -0.021 0.0 
  46.560 0.0   -0.020 0.0 
  46.590 0.0   -0.019 0.0 
  46.620 0.0   -0.018 0.0 
  46.651 0.0   -0.016 0.0 
  46.685 0.0   -0.014 0.0 
  46.715 0.0   -0.011 0.0 
  46.746 0.0   -0.009 0.0 
  46.772 0.0   -0.007 0.0 
  46.802 0.0   -0.005 0.0 
  46.837 0.0   -0.003 0.0 
  46.867 0.0   -0.001 0.0 
  46.897 0.0    0.001 0.0 
  46.923 0.0    0.003 0.0 
  46.954 0.0    0.004 0.0 
  46.984 0.0    0.005 0.0 
  47.014 0.0    0.006 0.0 
  47.044 0.0    0.007 0.0 
  47.075 0.0    0.009 0.0 
  47.105 0.0    0.010 0.0 
  47.135 0.0    0.011 0.0 
  47.165 0.0    0.013 0.0 
  47.195 0.0    0.014 0.0 
  47.227 0.0    0.015 0.0 
  47.256 0.0    0.017 0.0 
  47.286 0.0    0.018 0.0 
  47.322 0.0    0.019 0.0 
  47.352 0.0    0.020 0.0 
  47.377 0.0    0.021 0.0 
  47.408 0.0    0.022 0.0 
  47.443 0.0    0.023 0.0 
  47.469 0.0    0.024 0.0 
  47.498 0.0    0.025 0.0 
  47.534 0.0    0.026 0.0 
  47.559 0.0    0.027 0.0 
  47.589 0.0    0.028 0.0 
  47.619 0.0    0.028 0.0 
  47.649 0.0    0.028 0.0 
  47.679 0.0    0.029 0.0 
  47.710 0.0    0.029 0.0 
  47.745 0.0    0.029 0.0 
  47.775 0.0    0.029 0.0 
  47.805 0.0    0.029 0.0 
  47.836 0.0    0.029 0.0 
  47.861 0.0    0.029 0.0 
  47.896 0.0    0.029 0.0 
  47.927 0.0    0.029 0.0 
  47.956 0.0    0.029 0.0 
  47.986 0.0    0.029 0.0 
  48.017 0.0    0.028 0.0 
  48.047 0.0    0.028 0.0 
  48.073 0.0    0.028 0.0 
  48.103 0.0    0.027 0.0 
  48.134 0.0    0.026 0.0 
  48.168 0.0    0.026 0.0 
  48.198 0.0    0.025 0.0 
  48.225 0.0    0.024 0.0 
  48.255 0.0    0.023 0.0 
  48.285 0.0    0.022 0.0 
  48.315 0.0    0.021 0.0 
  48.346 0.0    0.020 0.0 
  48.377 0.0    0.019 0.0 
  48.406 0.0    0.017 0.0 
  48.436 0.0    0.017 0.0 
  48.466 0.0    0.016 0.0 
  48.497 0.0    0.015 0.0 
  48.526 0.0    0.014 0.0 
  48.557 0.0    0.013 0.0 
  48.588 0.0    0.012 0.0 
  48.618 0.0    0.011 0.0 
  48.648 0.0    0.010 0.0 
  48.678 0.0    0.009 0.0 
  48.708 0.0    0.007 0.0 
  48.744 0.0    0.006 0.0 
  48.768 0.0    0.004 0.0 
  48.799 0.0    0.002 0.0 
  48.830 0.0    0.001 0.0 
  48.860 0.0   -0.001 0.0 
  48.891 0.0   -0.002 0.0 
  48.920 0.0   -0.004 0.0 
  48.952 0.0   -0.005 0.0 
  48.981 0.0   -0.007 0.0 
  49.012 0.0   -0.008 0.0 
  49.042 0.0   -0.009 0.0 
  49.072 0.0   -0.011 0.0 
  49.102 0.0   -0.012 0.0 
  49.132 0.0   -0.014 0.0 
  49.162 0.0   -0.015 0.0 
  49.193 0.0   -0.017 0.0 
  49.224 0.0   -0.018 0.0 
  49.255 0.0   -0.019 0.0 
  49.284 0.0   -0.020 0.0 
  49.314 0.0   -0.021 0.0 
  49.344 0.0   -0.022 0.0 
  49.375 0.0   -0.023 0.0 
  49.405 0.0   -0.023 0.0 
  49.435 0.0   -0.024 0.0 
  49.466 0.0   -0.024 0.0 
  49.496 0.0   -0.024 0.0 
  49.526 0.0   -0.025 0.0 
  49.561 0.0   -0.025 0.0 
  49.591 0.0   -0.025 0.0 
  49.617 0.0   -0.026 0.0 
  49.647 0.0   -0.026 0.0 
  49.677 0.0   -0.026 0.0 
  49.707 0.0   -0.026 0.0 
  49.738 0.0   -0.026 0.0 
  49.768 0.0   -0.027 0.0 
  49.800 0.0   -0.027 0.0 
  49.830 0.0   -0.027 0.0 
  49.859 0.0   -0.026 0.0 
  49.892 0.0   -0.026 0.0 
  49.919 0.0   -0.026 0.0 
  49.949 0.0   -0.026 0.0 
  49.980 0.0   -0.026 0.0 
  50.014 0.0   -0.025 0.0 
  50.040 0.0   -0.025 0.0 
  50.071 0.0   -0.025 0.0 
  50.101 0.0   -0.024 0.0 
  50.132 0.0   -0.024 0.0 
  50.167 0.0   -0.023 0.0 
  50.192 0.0   -0.023 0.0 
  50.223 0.0   -0.022 0.0 
  50.254 0.0   -0.021 0.0 
  50.283 0.0   -0.020 0.0 
  50.313 0.0   -0.019 0.0 
  50.344 0.0   -0.018 0.0 
  50.375 0.0   -0.017 0.0 
  50.404 0.0   -0.016 0.0 
  50.434 0.0   -0.015 0.0 
  50.465 0.0   -0.013 0.0 
  50.496 0.0   -0.012 0.0 
  50.526 0.0   -0.010 0.0 
  50.555 0.0   -0.009 0.0 
  50.586 0.0   -0.008 0.0 
  50.617 0.0   -0.007 0.0 
  50.651 0.0   -0.006 0.0 
  50.677 0.0   -0.004 0.0 
  50.709 0.0   -0.003 0.0 
  50.739 0.0   -0.002 0.0 
  50.767 0.0   -0.001 0.0 
  50.798 0.0   -0.000 0.0 
  50.828 0.0    0.001 0.0 
  50.858 0.0    0.002 0.0 
  50.888 0.0    0.002 0.0 
  50.918 0.0    0.004 0.0 
  50.954 0.0    0.005 0.0 
  50.979 0.0    0.006 0.0 
  51.009 0.0    0.008 0.0 
  51.040 0.0    0.009 0.0 
  51.070 0.0    0.010 0.0 
  51.099 0.0    0.012 0.0 
  51.130 0.0    0.013 0.0 
  51.160 0.0    0.015 0.0 
  51.190 0.0    0.016 0.0 
  51.221 0.0    0.017 0.0 
  51.251 0.0    0.018 0.0 
  51.281 0.0    0.019 0.0 
  51.311 0.0    0.020 0.0 
  51.342 0.0    0.020 0.0 
  51.372 0.0    0.021 0.0 
  51.402 0.0    0.021 0.0 
  51.438 0.0    0.022 0.0 
  51.463 0.0    0.022 0.0 
  51.493 0.0    0.023 0.0 
  51.524 0.0    0.023 0.0 
  51.553 0.0    0.023 0.0 
  51.583 0.0    0.024 0.0 
  51.615 0.0    0.024 0.0 
  51.644 0.0    0.024 0.0 
  51.674 0.0    0.024 0.0 
  51.704 0.0    0.025 0.0 
  51.735 0.0    0.025 0.0 
  51.765 0.0    0.025 0.0 
  51.795 0.0    0.025 0.0 
  51.826 0.0    0.025 0.0 
  51.856 0.0    0.025 0.0 
  51.886 0.0    0.024 0.0 
  51.916 0.0    0.024 0.0 
  51.947 0.0    0.024 0.0 
  51.977 0.0    0.023 0.0 
  52.009 0.0    0.023 0.0 
  52.038 0.0    0.023 0.0 
  52.069 0.0    0.022 0.0 
  52.098 0.0    0.021 0.0 
  52.129 0.0    0.020 0.0 
  52.158 0.0    0.020 0.0 
  52.189 0.0    0.019 0.0 
  52.219 0.0    0.018 0.0 
  52.250 0.0    0.017 0.0 
  52.280 0.0    0.016 0.0 
  52.310 0.0    0.015 0.0 
  52.340 0.0    0.014 0.0 
  52.371 0.0    0.013 0.0 
  52.400 0.0    0.012 0.0 
  52.432 0.0    0.011 0.0 
  52.463 0.0    0.010 0.0 
  52.492 0.0    0.009 0.0 
  52.522 0.0    0.007 0.0 
  52.557 0.0    0.006 0.0 
  52.582 0.0    0.005 0.0 
  52.614 0.0    0.004 0.0 
  52.648 0.0    0.003 0.0 
  52.673 0.0    0.002 0.0 
  52.703 0.0    0.000 0.0 
  52.734 0.0   -0.001 0.0 
  52.769 0.0   -0.002 0.0 
  52.794 0.0   -0.003 0.0 
  52.824 0.0   -0.004 0.0 
  52.854 0.0   -0.005 0.0 
  52.885 0.0   -0.007 0.0 
  52.921 0.0   -0.008 0.0 
  52.947 0.0   -0.009 0.0 
  52.976 0.0   -0.010 0.0 
  53.006 0.0   -0.011 0.0 
  53.036 0.0   -0.012 0.0 
  53.067 0.0   -0.013 0.0 
  53.099 0.0   -0.013 0.0 
  53.128 0.0   -0.014 0.0 
  53.162 0.0   -0.015 0.0 
  53.188 0.0   -0.015 0.0 
  53.218 0.0   -0.016 0.0 
  53.248 0.0   -0.016 0.0 
  53.278 0.0   -0.017 0.0 
  53.308 0.0   -0.018 0.0 
  53.339 0.0   -0.019 0.0 
  53.369 0.0   -0.019 0.0 
  53.400 0.0   -0.020 0.0 
  53.434 0.0   -0.021 0.0 
  53.460 0.0   -0.021 0.0 
  53.491 0.0   -0.022 0.0 
  53.525 0.0   -0.022 0.0 
  53.551 0.0   -0.023 0.0 
  53.586 0.0   -0.023 0.0 
  53.612 0.0   -0.023 0.0 
  53.646 0.0   -0.023 0.0 
  53.677 0.0   -0.023 0.0 
  53.707 0.0   -0.023 0.0 
  53.737 0.0   -0.023 0.0 
  53.768 0.0   -0.023 0.0 
  53.797 0.0   -0.022 0.0 
  53.828 0.0   -0.022 0.0 
  53.854 0.0   -0.022 0.0 
  53.888 0.0   -0.021 0.0 
  53.918 0.0   -0.021 0.0 
  53.948 0.0   -0.020 0.0 
  53.975 0.0   -0.020 0.0 
  54.005 0.0   -0.019 0.0 
  54.035 0.0   -0.019 0.0 
  54.065 0.0   -0.019 0.0 
  54.095 0.0   -0.018 0.0 
  54.126 0.0   -0.018 0.0 
  54.161 0.0   -0.017 0.0 
  54.186 0.0   -0.016 0.0 
  54.216 0.0   -0.015 0.0 
  54.246 0.0   -0.013 0.0 
  54.282 0.0   -0.012 0.0 
  54.308 0.0   -0.011 0.0 
  54.342 0.0   -0.009 0.0 
  54.368 0.0   -0.008 0.0 
  54.398 0.0   -0.006 0.0 
  54.428 0.0   -0.005 0.0 
  54.458 0.0   -0.004 0.0 
  54.488 0.0   -0.002 0.0 
  54.519 0.0   -0.002 0.0 
  54.549 0.0   -0.001 0.0 
  54.579 0.0   -0.000 0.0 
  54.615 0.0    0.000 0.0 
  54.640 0.0    0.001 0.0 
  54.670 0.0    0.002 0.0 
  54.700 0.0    0.003 0.0 
  54.730 0.0    0.003 0.0 
  54.761 0.0    0.004 0.0 
  54.795 0.0    0.005 0.0 
  54.825 0.0    0.006 0.0 
  54.856 0.0    0.007 0.0 
  54.882 0.0    0.008 0.0 
  54.912 0.0    0.009 0.0 
  54.943 0.0    0.010 0.0 
  54.973 0.0    0.011 0.0 
  55.003 0.0    0.012 0.0 
  55.032 0.0    0.013 0.0 
  55.064 0.0    0.013 0.0 
  55.094 0.0    0.014 0.0 
  55.125 0.0    0.014 0.0 
  55.159 0.0    0.015 0.0 
  55.185 0.0    0.016 0.0 
  55.215 0.0    0.016 0.0 
  55.245 0.0    0.017 0.0 
  55.275 0.0    0.017 0.0 
  55.306 0.0    0.018 0.0 
  55.336 0.0    0.019 0.0 
  55.367 0.0    0.019 0.0 
  55.397 0.0    0.020 0.0 
  55.427 0.0    0.020 0.0 
  55.457 0.0    0.020 0.0 
  55.487 0.0    0.021 0.0 
  55.518 0.0    0.021 0.0 
  55.548 0.0    0.021 0.0 
  55.578 0.0    0.021 0.0 
  55.608 0.0    0.021 0.0 
  55.639 0.0    0.021 0.0 
  55.669 0.0    0.021 0.0 
  55.699 0.0    0.021 0.0 
  55.731 0.0    0.021 0.0 
  55.760 0.0    0.021 0.0 
  55.790 0.0    0.020 0.0 
  55.821 0.0    0.020 0.0 
  55.856 0.0    0.019 0.0 
  55.880 0.0    0.019 0.0 
  55.911 0.0    0.018 0.0 
  55.942 0.0    0.018 0.0 
  55.977 0.0    0.017 0.0 
  56.001 0.0    0.016 0.0 
  56.032 0.0    0.016 0.0 
  56.062 0.0    0.015 0.0 
  56.093 0.0    0.014 0.0 
  56.123 0.0    0.013 0.0 
  56.153 0.0    0.013 0.0 
  56.183 0.0    0.012 0.0 
  56.214 0.0    0.011 0.0 
  56.245 0.0    0.010 0.0 
  56.280 0.0    0.009 0.0 
  56.304 0.0    0.009 0.0 
  56.335 0.0    0.008 0.0 
  56.365 0.0    0.007 0.0 
  56.395 0.0    0.006 0.0 
  56.425 0.0    0.005 0.0 
  56.456 0.0    0.004 0.0 
  56.486 0.0    0.002 0.0 
  56.517 0.0    0.001 0.0 
  56.547 0.0   -0.001 0.0 
  56.576 0.0   -0.002 0.0 
  56.606 0.0   -0.004 0.0 
  56.637 0.0   -0.005 0.0 
  56.666 0.0   -0.007 0.0 
  56.697 0.0   -0.008 0.0 
  56.727 0.0   -0.009 0.0 
  56.757 0.0   -0.009 0.0 
  56.788 0.0   -0.010 0.0 
  56.818 0.0   -0.011 0.0 
  56.848 0.0   -0.011 0.0 
  56.879 0.0   -0.012 0.0 
  56.909 0.0   -0.012 0.0 
  56.939 0.0   -0.012 0.0 
  56.970 0.0   -0.013 0.0 
  57.001 0.0   -0.013 0.0 
  57.031 0.0   -0.014 0.0 
  57.061 0.0   -0.014 0.0 
  57.091 0.0   -0.015 0.0 
  57.121 0.0   -0.015 0.0 
  57.157 0.0   -0.015 0.0 
  57.182 0.0   -0.016 0.0 
  57.211 0.0   -0.016 0.0 
  57.241 0.0   -0.017 0.0 
  57.272 0.0   -0.017 0.0 
  57.303 0.0   -0.017 0.0 
  57.334 0.0   -0.018 0.0 
  57.362 0.0   -0.018 0.0 
  57.393 0.0   -0.018 0.0 
  57.423 0.0   -0.018 0.0 
  57.453 0.0   -0.018 0.0 
  57.483 0.0   -0.018 0.0 
  57.514 0.0   -0.018 0.0 
  57.544 0.0   -0.018 0.0 
  57.574 0.0   -0.018 0.0 
  57.605 0.0   -0.018 0.0 
  57.636 0.0   -0.018 0.0 
  57.667 0.0   -0.018 0.0 
  57.696 0.0   -0.017 0.0 
  57.726 0.0   -0.017 0.0 
  57.756 0.0   -0.017 0.0 
  57.786 0.0   -0.016 0.0 
  57.817 0.0   -0.016 0.0 
  57.848 0.0   -0.015 0.0 
  57.879 0.0   -0.014 0.0 
  57.907 0.0   -0.013 0.0 
  57.938 0.0   -0.011 0.0 
  57.968 0.0   -0.010 0.0 
  57.999 0.0   -0.009 0.0 
  58.029 0.0   -0.008 0.0 
  58.059 0.0   -0.007 0.0 
  58.089 0.0   -0.006 0.0 
  58.119 0.0   -0.005 0.0 
  58.150 0.0   -0.004 0.0 
  58.181 0.0   -0.004 0.0 
  58.210 0.0   -0.003 0.0 
  58.241 0.0   -0.003 0.0 
  58.271 0.0   -0.002 0.0 
  58.300 0.0   -0.002 0.0 
  58.331 0.0   -0.001 0.0 
  58.361 0.0   -0.001 0.0 
  58.392 0.0   -0.000 0.0 
  58.422 0.0    0.001 0.0 
  58.452 0.0    0.001 0.0 
  58.483 0.0    0.002 0.0 
  58.518 0.0    0.002 0.0 
  58.543 0.0    0.003 0.0 
  58.573 0.0    0.003 0.0 
  58.603 0.0    0.004 0.0 
  58.634 0.0    0.005 0.0 
  58.668 0.0    0.005 0.0 
  58.694 0.0    0.006 0.0 
  58.724 0.0    0.006 0.0 
  58.755 0.0    0.007 0.0 
  58.785 0.0    0.007 0.0 
  58.815 0.0    0.008 0.0 
  58.846 0.0    0.009 0.0 
  58.876 0.0    0.010 0.0 
  58.906 0.0    0.010 0.0 
  58.936 0.0    0.011 0.0 
  58.966 0.0    0.011 0.0 
  59.002 0.0    0.012 0.0 
  59.028 0.0    0.013 0.0 
  59.063 0.0    0.013 0.0 
  59.088 0.0    0.014 0.0 
  59.118 0.0    0.015 0.0 
  59.149 0.0    0.015 0.0 
  59.180 0.0    0.015 0.0 
  59.209 0.0    0.016 0.0 
  59.240 0.0    0.016 0.0 
  59.269 0.0    0.016 0.0 
  59.299 0.0    0.016 0.0 
  59.330 0.0    0.017 0.0 
  59.360 0.0    0.017 0.0 
  59.390 0.0    0.017 0.0 
  59.421 0.0    0.016 0.0 
  59.451 0.0    0.016 0.0 
  59.481 0.0    0.016 0.0 
  59.511 0.0    0.016 0.0 
  59.541 0.0    0.016 0.0 
  59.572 0.0    0.015 0.0 
  59.602 0.0    0.015 0.0 
  59.633 0.0    0.015 0.0 
  59.663 0.0    0.015 0.0 
  59.698 0.0    0.015 0.0 
  59.724 0.0    0.015 0.0 
  59.754 0.0    0.014 0.0 
  59.785 0.0    0.014 0.0 
  59.814 0.0    0.014 0.0 
  59.845 0.0    0.013 0.0 
  59.874 0.0    0.013 0.0 
  59.904 0.0    0.012 0.0 
  59.935 0.0    0.012 0.0 
  59.966 0.0    0.011 0.0 
  59.996 0.0    0.010 0.0 
  60.027 0.0    0.009 0.0 
  60.056 0.0    0.009 0.0 
  60.086 0.0    0.008 0.0 
  60.117 0.0    0.007 0.0 
  60.152 0.0    0.006 0.0 
  60.182 0.0    0.006 0.0 
  60.209 0.0    0.005 0.0 
  60.238 0.0    0.004 0.0 
  60.269 0.0    0.003 0.0 
  60.303 0.0    0.003 0.0 
  60.333 0.0    0.002 0.0 
  60.363 0.0    0.002 0.0 
  60.394 0.0    0.001 0.0 
  60.420 0.0    0.001 0.0 
  60.450 0.0    0.000 0.0 
  60.484 0.0   -0.001 0.0 
  60.510 0.0   -0.002 0.0 
  60.544 0.0   -0.002 0.0 
  60.575 0.0   -0.003 0.0 
  60.602 0.0   -0.004 0.0 
  60.633 0.0   -0.005 0.0 
  60.661 0.0   -0.006 0.0 
  60.697 0.0   -0.007 0.0 
  60.722 0.0   -0.007 0.0 
  60.752 0.0   -0.008 0.0 
  60.782 0.0   -0.009 0.0 
  60.812 0.0   -0.009 0.0 
  60.843 0.0   -0.010 0.0 
  60.874 0.0   -0.010 0.0 
  60.905 0.0   -0.011 0.0 
  60.933 0.0   -0.011 0.0 
  60.964 0.0   -0.012 0.0 
  60.994 0.0   -0.012 0.0 
  61.025 0.0   -0.013 0.0 
  61.060 0.0   -0.013 0.0 
  61.085 0.0   -0.013 0.0 
  61.115 0.0   -0.014 0.0 
  61.146 0.0   -0.014 0.0 
  61.176 0.0   -0.014 0.0 
  61.207 0.0   -0.014 0.0 
  61.236 0.0   -0.015 0.0 
  61.266 0.0   -0.015 0.0 
  61.297 0.0   -0.015 0.0 
  61.327 0.0   -0.015 0.0 
  61.357 0.0   -0.015 0.0 
  61.388 0.0   -0.015 0.0 
  61.418 0.0   -0.015 0.0 
  61.448 0.0   -0.015 0.0 
  61.479 0.0   -0.015 0.0 
  61.509 0.0   -0.014 0.0 
  61.540 0.0   -0.014 0.0 
  61.570 0.0   -0.014 0.0 
  61.600 0.0   -0.014 0.0 
  61.630 0.0   -0.013 0.0 
  61.660 0.0   -0.013 0.0 
  61.691 0.0   -0.013 0.0 
  61.721 0.0   -0.013 0.0 
  61.751 0.0   -0.012 0.0 
  61.781 0.0   -0.012 0.0 
  61.812 0.0   -0.011 0.0 
  61.842 0.0   -0.010 0.0 
  61.872 0.0   -0.009 0.0 
  61.902 0.0   -0.008 0.0 
  61.932 0.0   -0.007 0.0 
  61.963 0.0   -0.006 0.0 
  61.993 0.0   -0.005 0.0 
  62.024 0.0   -0.004 0.0 
  62.053 0.0   -0.003 0.0 
  62.084 0.0   -0.002 0.0 
  62.115 0.0   -0.001 0.0 
  62.146 0.0   -0.001 0.0 
  62.175 0.0   -0.000 0.0 
  62.206 0.0    0.001 0.0 
  62.235 0.0    0.001 0.0 
  62.266 0.0    0.002 0.0 
  62.295 0.0    0.002 0.0 
  62.326 0.0    0.003 0.0 
  62.358 0.0    0.003 0.0 
  62.387 0.0    0.003 0.0 
  62.418 0.0    0.004 0.0 
  62.453 0.0    0.004 0.0 
  62.477 0.0    0.005 0.0 
  62.508 0.0    0.005 0.0 
  62.538 0.0    0.006 0.0 
  62.569 0.0    0.007 0.0 
  62.603 0.0    0.007 0.0 
  62.630 0.0    0.008 0.0 
  62.659 0.0    0.008 0.0 
  62.690 0.0    0.009 0.0 
  62.720 0.0    0.010 0.0 
  62.750 0.0    0.010 0.0 
  62.781 0.0    0.010 0.0 
  62.816 0.0    0.011 0.0 
  62.841 0.0    0.011 0.0 
  62.871 0.0    0.012 0.0 
  62.901 0.0    0.012 0.0 
  62.931 0.0    0.012 0.0 
  62.962 0.0    0.013 0.0 
  62.997 0.0    0.013 0.0 
  63.022 0.0    0.013 0.0 
  63.053 0.0    0.013 0.0 
  63.083 0.0    0.014 0.0 
  63.113 0.0    0.014 0.0 
  63.143 0.0    0.014 0.0 
  63.174 0.0    0.014 0.0 
  63.204 0.0    0.014 0.0 
  63.235 0.0    0.014 0.0 
  63.265 0.0    0.014 0.0 
  63.295 0.0    0.014 0.0 
  63.325 0.0    0.014 0.0 
  63.356 0.0    0.014 0.0 
  63.386 0.0    0.014 0.0 
  63.416 0.0    0.014 0.0 
  63.446 0.0    0.014 0.0 
  63.477 0.0    0.013 0.0 
  63.506 0.0    0.013 0.0 
  63.537 0.0    0.013 0.0 
  63.569 0.0    0.012 0.0 
  63.599 0.0    0.012 0.0 
  63.628 0.0    0.011 0.0 
  63.658 0.0    0.010 0.0 
  63.688 0.0    0.010 0.0 
  63.724 0.0    0.009 0.0 
  63.748 0.0    0.009 0.0 
  63.779 0.0    0.008 0.0 
  63.810 0.0    0.008 0.0 
  63.840 0.0    0.007 0.0 
  63.870 0.0    0.007 0.0 
  63.901 0.0    0.006 0.0 
  63.931 0.0    0.006 0.0 
  63.962 0.0    0.005 0.0 
  63.990 0.0    0.004 0.0 
  64.020 0.0    0.004 0.0 
  64.052 0.0    0.003 0.0 
  64.082 0.0    0.002 0.0 
  64.111 0.0    0.002 0.0 
  64.142 0.0    0.001 0.0 
  64.172 0.0    0.001 0.0 
  64.202 0.0   -0.000 0.0 
  64.232 0.0   -0.001 0.0 
  64.263 0.0   -0.001 0.0 
  64.293 0.0   -0.001 0.0 
  64.325 0.0   -0.002 0.0 
  64.353 0.0   -0.003 0.0 
  64.385 0.0   -0.004 0.0 
  64.415 0.0   -0.005 0.0 
  64.444 0.0   -0.006 0.0 
  64.475 0.0   -0.006 0.0 
  64.505 0.0   -0.007 0.0 
  64.535 0.0   -0.008 0.0 
  64.565 0.0   -0.008 0.0 
  64.596 0.0   -0.009 0.0 
  64.625 0.0   -0.010 0.0 
  64.656 0.0   -0.010 0.0 
  64.687 0.0   -0.010 0.0 
  64.717 0.0   -0.011 0.0 
  64.747 0.0   -0.011 0.0 
  64.777 0.0   -0.011 0.0 
  64.807 0.0   -0.011 0.0 
  64.838 0.0   -0.012 0.0 
  64.868 0.0   -0.012 0.0 
  64.899 0.0   -0.012 0.0 
  64.928 0.0   -0.012 0.0 
  64.959 0.0   -0.012 0.0 
  64.989 0.0   -0.012 0.0 
  65.024 0.0   -0.013 0.0 
  65.050 0.0   -0.013 0.0 
  65.080 0.0   -0.013 0.0 
  65.111 0.0   -0.013 0.0 
  65.140 0.0   -0.013 0.0 
  65.174 0.0   -0.013 0.0 
  65.205 0.0   -0.012 0.0 
  65.235 0.0   -0.012 0.0 
  65.265 0.0   -0.012 0.0 
  65.295 0.0   -0.012 0.0 
  65.322 0.0   -0.012 0.0 
  65.356 0.0   -0.011 0.0 
  65.386 0.0   -0.011 0.0 
  65.416 0.0   -0.011 0.0 
  65.443 0.0   -0.010 0.0 
  65.473 0.0   -0.010 0.0 
  65.503 0.0   -0.009 0.0 
  65.533 0.0   -0.009 0.0 
  65.563 0.0   -0.008 0.0 
  65.594 0.0   -0.008 0.0 
  65.624 0.0   -0.007 0.0 
  65.654 0.0   -0.007 0.0 
  65.684 0.0   -0.006 0.0 
  65.715 0.0   -0.005 0.0 
  65.746 0.0   -0.005 0.0 
  65.776 0.0   -0.005 0.0 
  65.808 0.0   -0.004 0.0 
  65.836 0.0   -0.004 0.0 
  65.866 0.0   -0.003 0.0 
  65.898 0.0   -0.003 0.0 
  65.927 0.0   -0.002 0.0 
  65.958 0.0   -0.002 0.0 
  65.987 0.0   -0.001 0.0 
  66.017 0.0   -0.001 0.0 
  66.047 0.0   -0.000 0.0 
  66.084 0.0    0.001 0.0 
  66.108 0.0    0.001 0.0 
  66.139 0.0    0.002 0.0 
  66.171 0.0    0.002 0.0 
  66.200 0.0    0.003 0.0 
  66.230 0.0    0.003 0.0 
  66.260 0.0    0.004 0.0 
  66.291 0.0    0.005 0.0 
  66.326 0.0    0.005 0.0 
  66.352 0.0    0.006 0.0 
  66.381 0.0    0.006 0.0 
  66.416 0.0    0.007 0.0 
  66.445 0.0    0.007 0.0 
  66.472 0.0    0.008 0.0 
  66.501 0.0    0.008 0.0 
  66.532 0.0    0.009 0.0 
  66.562 0.0    0.009 0.0 
  66.593 0.0    0.009 0.0 
  66.623 0.0    0.010 0.0 
  66.654 0.0    0.010 0.0 
  66.684 0.0    0.010 0.0 
  66.714 0.0    0.011 0.0 
  66.744 0.0    0.011 0.0 
  66.775 0.0    0.011 0.0 
  66.805 0.0    0.011 0.0 
  66.835 0.0    0.011 0.0 
  66.865 0.0    0.011 0.0 
  66.895 0.0    0.011 0.0 
  66.926 0.0    0.011 0.0 
  66.956 0.0    0.011 0.0 
  66.987 0.0    0.011 0.0 
  67.016 0.0    0.011 0.0 
  67.047 0.0    0.011 0.0 
  67.079 0.0    0.011 0.0 
  67.112 0.0    0.011 0.0 
  67.142 0.0    0.011 0.0 
  67.172 0.0    0.011 0.0 
  67.202 0.0    0.011 0.0 
  67.228 0.0    0.011 0.0 
  67.259 0.0    0.010 0.0 
  67.290 0.0    0.010 0.0 
  67.321 0.0    0.010 0.0 
  67.349 0.0    0.009 0.0 
  67.379 0.0    0.009 0.0 
  67.409 0.0    0.009 0.0 
  67.441 0.0    0.009 0.0 
  67.471 0.0    0.008 0.0 
  67.501 0.0    0.008 0.0 
  67.531 0.0    0.007 0.0 
  67.561 0.0    0.007 0.0 
  67.591 0.0    0.007 0.0 
  67.621 0.0    0.006 0.0 
  67.657 0.0    0.006 0.0 
  67.683 0.0    0.006 0.0 
  67.713 0.0    0.005 0.0 
  67.743 0.0    0.004 0.0 
  67.773 0.0    0.004 0.0 
  67.803 0.0    0.003 0.0 
  67.838 0.0    0.003 0.0 
  67.864 0.0    0.002 0.0 
  67.898 0.0    0.002 0.0 
  67.928 0.0    0.001 0.0 
  67.959 0.0    0.000 0.0 
  67.990 0.0   -0.001 0.0 
  68.019 0.0   -0.001 0.0 
  68.050 0.0   -0.002 0.0 
  68.080 0.0   -0.002 0.0 
  68.106 0.0   -0.003 0.0 
  68.135 0.0   -0.004 0.0 
  68.166 0.0   -0.004 0.0 
  68.196 0.0   -0.005 0.0 
  68.227 0.0   -0.005 0.0 
  68.257 0.0   -0.005 0.0 
  68.287 0.0   -0.006 0.0 
  68.318 0.0   -0.006 0.0 
  68.348 0.0   -0.006 0.0 
  68.380 0.0   -0.006 0.0 
  68.408 0.0   -0.007 0.0 
  68.438 0.0   -0.007 0.0 
  68.469 0.0   -0.007 0.0 
  68.499 0.0   -0.008 0.0 
  68.529 0.0   -0.008 0.0 
  68.560 0.0   -0.009 0.0 
  68.590 0.0   -0.009 0.0 
  68.625 0.0   -0.009 0.0 
  68.650 0.0   -0.010 0.0 
  68.680 0.0   -0.010 0.0 
  68.711 0.0   -0.010 0.0 
  68.741 0.0   -0.010 0.0 
  68.771 0.0   -0.010 0.0 
  68.802 0.0   -0.010 0.0 
  68.837 0.0   -0.010 0.0 
  68.862 0.0   -0.010 0.0 
  68.892 0.0   -0.010 0.0 
  68.922 0.0   -0.010 0.0 
  68.953 0.0   -0.010 0.0 
  68.982 0.0   -0.010 0.0 
  69.013 0.0   -0.010 0.0 
  69.043 0.0   -0.010 0.0 
  69.073 0.0   -0.010 0.0 
  69.104 0.0   -0.009 0.0 
  69.134 0.0   -0.009 0.0 
  69.165 0.0   -0.009 0.0 
  69.196 0.0   -0.009 0.0 
  69.229 0.0   -0.009 0.0 
  69.260 0.0   -0.008 0.0 
  69.290 0.0   -0.008 0.0 
  69.320 0.0   -0.008 0.0 
  69.350 0.0   -0.008 0.0 
  69.381 0.0   -0.007 0.0 
  69.411 0.0   -0.007 0.0 
  69.437 0.0   -0.006 0.0 
  69.466 0.0   -0.006 0.0 
  69.497 0.0   -0.005 0.0 
  69.528 0.0   -0.004 0.0 
  69.558 0.0   -0.004 0.0 
  69.588 0.0   -0.003 0.0 
  69.618 0.0   -0.003 0.0 
  69.649 0.0   -0.002 0.0 
  69.678 0.0   -0.002 0.0 
  69.710 0.0   -0.002 0.0 
  69.740 0.0   -0.001 0.0 
  69.769 0.0   -0.001 0.0 
  69.800 0.0   -0.000 0.0 
  69.829 0.0    0.000 0.0 
  69.860 0.0    0.001 0.0 
  69.890 0.0    0.001 0.0 
  69.920 0.0    0.001 0.0 
  69.951 0.0    0.002 0.0 
  69.982 0.0    0.002 0.0 
  70.012 0.0    0.003 0.0 
  70.041 0.0    0.003 0.0 
  70.072 0.0    0.004 0.0 
  70.102 0.0    0.004 0.0 
  70.133 0.0    0.005 0.0 
  70.163 0.0    0.005 0.0 
  70.193 0.0    0.006 0.0 
  70.228 0.0    0.006 0.0 
  70.254 0.0    0.007 0.0 
  70.288 0.0    0.007 0.0 
  70.318 0.0    0.007 0.0 
  70.348 0.0    0.007 0.0 
  70.379 0.0    0.008 0.0 
  70.409 0.0    0.008 0.0 
  70.439 0.0    0.008 0.0 
  70.466 0.0    0.008 0.0 
  70.500 0.0    0.009 0.0 
  70.526 0.0    0.009 0.0 
  70.561 0.0    0.009 0.0 
  70.586 0.0    0.009 0.0 
  70.617 0.0    0.009 0.0 
  70.646 0.0    0.010 0.0 
  70.678 0.0    0.010 0.0 
  70.707 0.0    0.010 0.0 
  70.738 0.0    0.010 0.0 
  70.768 0.0    0.010 0.0 
  70.798 0.0    0.010 0.0 
  70.829 0.0    0.009 0.0 
  70.864 0.0    0.009 0.0 
  70.888 0.0    0.009 0.0 
  70.919 0.0    0.009 0.0 
  70.949 0.0    0.009 0.0 
  70.980 0.0    0.008 0.0 
  71.010 0.0    0.008 0.0 
  71.041 0.0    0.008 0.0 
  71.070 0.0    0.008 0.0 
  71.101 0.0    0.008 0.0 
  71.132 0.0    0.008 0.0 
  71.162 0.0    0.007 0.0 
  71.192 0.0    0.007 0.0 
  71.222 0.0    0.007 0.0 
  71.253 0.0    0.006 0.0 
  71.282 0.0    0.006 0.0 
  71.312 0.0    0.005 0.0 
  71.343 0.0    0.005 0.0 
  71.373 0.0    0.005 0.0 
  71.403 0.0    0.005 0.0 
  71.435 0.0    0.004 0.0 
  71.464 0.0    0.004 0.0 
  71.494 0.0    0.004 0.0 
  71.525 0.0    0.003 0.0 
  71.554 0.0    0.003 0.0 
  71.585 0.0    0.003 0.0 
  71.615 0.0    0.002 0.0 
  71.646 0.0    0.002 0.0 
  71.681 0.0    0.001 0.0 
  71.706 0.0    0.001 0.0 
  71.736 0.0    0.000 0.0 
  71.768 0.0   -0.001 0.0 
  71.797 0.0   -0.001 0.0 
  71.827 0.0   -0.001 0.0 
  71.858 0.0   -0.002 0.0 
  71.888 0.0   -0.002 0.0 
  71.924 0.0   -0.003 0.0 
  71.949 0.0   -0.003 0.0 
  71.979 0.0   -0.004 0.0 
  72.009 0.0   -0.004 0.0 
  72.040 0.0   -0.005 0.0 
  72.070 0.0   -0.005 0.0 
  72.100 0.0   -0.005 0.0 
  72.130 0.0   -0.006 0.0 
  72.161 0.0   -0.006 0.0 
  72.191 0.0   -0.006 0.0 
  72.221 0.0   -0.007 0.0 
  72.252 0.0   -0.007 0.0 
  72.281 0.0   -0.007 0.0 
  72.312 0.0   -0.007 0.0 
  72.342 0.0   -0.008 0.0 
  72.372 0.0   -0.008 0.0 
  72.403 0.0   -0.008 0.0 
  72.433 0.0   -0.008 0.0 
  72.463 0.0   -0.008 0.0 
  72.493 0.0   -0.009 0.0 
  72.524 0.0   -0.009 0.0 
  72.554 0.0   -0.009 0.0 
  72.584 0.0   -0.009 0.0 
  72.616 0.0   -0.009 0.0 
  72.645 0.0   -0.009 0.0 
  72.675 0.0   -0.009 0.0 
  72.706 0.0   -0.009 0.0 
  72.735 0.0   -0.009 0.0 
  72.766 0.0   -0.008 0.0 
  72.796 0.0   -0.008 0.0 
  72.827 0.0   -0.008 0.0 
  72.857 0.0   -0.008 0.0 
  72.887 0.0   -0.008 0.0 
  72.917 0.0   -0.007 0.0 
  72.948 0.0   -0.007 0.0 
  72.982 0.0   -0.007 0.0 
  73.012 0.0   -0.007 0.0 
  73.042 0.0   -0.006 0.0 
  73.071 0.0   -0.006 0.0 
  73.099 0.0   -0.006 0.0 
  73.129 0.0   -0.006 0.0 
  73.160 0.0   -0.005 0.0 
  73.189 0.0   -0.005 0.0 
  73.220 0.0   -0.005 0.0 
  73.250 0.0   -0.004 0.0 
  73.282 0.0   -0.004 0.0 
  73.311 0.0   -0.003 0.0 
  73.340 0.0   -0.003 0.0 
  73.371 0.0   -0.002 0.0 
  73.401 0.0   -0.002 0.0 
  73.432 0.0   -0.001 0.0 
  73.463 0.0   -0.001 0.0 
  73.493 0.0   -0.000 0.0 
  73.523 0.0   -0.000 0.0 
  73.558 0.0    0.000 0.0 
  73.584 0.0    0.000 0.0 
  73.613 0.0    0.001 0.0 
  73.644 0.0    0.001 0.0 
  73.674 0.0    0.001 0.0 
  73.704 0.0    0.002 0.0 
  73.735 0.0    0.002 0.0 
  73.765 0.0    0.003 0.0 
  73.795 0.0    0.003 0.0 
  73.825 0.0    0.003 0.0 
  73.856 0.0    0.004 0.0 
  73.886 0.0    0.005 0.0 
  73.916 0.0    0.005 0.0 
  73.947 0.0    0.005 0.0 
  73.977 0.0    0.005 0.0 
  74.007 0.0    0.006 0.0 
  74.037 0.0    0.006 0.0 
  74.069 0.0    0.006 0.0 
  74.098 0.0    0.007 0.0 
  74.129 0.0    0.007 0.0 
  74.159 0.0    0.007 0.0 
  74.189 0.0    0.007 0.0 
  74.219 0.0    0.007 0.0 
  74.249 0.0    0.007 0.0 
  74.279 0.0    0.008 0.0 
  74.310 0.0    0.008 0.0 
  74.340 0.0    0.008 0.0 
  74.370 0.0    0.008 0.0 
  74.402 0.0    0.008 0.0 
  74.435 0.0    0.008 0.0 
  74.461 0.0    0.008 0.0 
  74.491 0.0    0.008 0.0 
  74.527 0.0    0.008 0.0 
  74.552 0.0    0.008 0.0 
  74.582 0.0    0.008 0.0 
  74.613 0.0    0.008 0.0 
  74.642 0.0    0.008 0.0 
  74.673 0.0    0.008 0.0 
  74.704 0.0    0.007 0.0 
  74.735 0.0    0.007 0.0 
  74.764 0.0    0.007 0.0 
  74.794 0.0    0.007 0.0 
  74.826 0.0    0.007 0.0 
  74.855 0.0    0.007 0.0 
  74.885 0.0    0.006 0.0 
  74.915 0.0    0.006 0.0 
  74.946 0.0    0.006 0.0 
  74.976 0.0    0.005 0.0 
  75.006 0.0    0.005 0.0 
  75.036 0.0    0.004 0.0 
  75.067 0.0    0.004 0.0 
  75.097 0.0    0.003 0.0 
  75.128 0.0    0.003 0.0 
  75.159 0.0    0.002 0.0 
  75.188 0.0    0.002 0.0 
  75.218 0.0    0.001 0.0 
  75.248 0.0    0.001 0.0 
  75.279 0.0    0.000 0.0 
  75.309 0.0    0.000 0.0 
  75.339 0.0   -0.000 0.0 
  75.369 0.0   -0.001 0.0 
  75.399 0.0   -0.001 0.0 
  75.431 0.0   -0.001 0.0 
  75.461 0.0   -0.002 0.0 
  75.490 0.0   -0.002 0.0 
  75.521 0.0   -0.002 0.0 
  75.552 0.0   -0.002 0.0 
  75.581 0.0   -0.003 0.0 
  75.612 0.0   -0.003 0.0 
  75.641 0.0   -0.003 0.0 
  75.672 0.0   -0.003 0.0 
  75.702 0.0   -0.004 0.0 
  75.733 0.0   -0.004 0.0 
  75.764 0.0   -0.004 0.0 
  75.793 0.0   -0.004 0.0 
  75.823 0.0   -0.005 0.0 
  75.854 0.0   -0.005 0.0 
  75.883 0.0   -0.005 0.0 
  75.914 0.0   -0.006 0.0 
  75.944 0.0   -0.006 0.0 
  75.975 0.0   -0.006 0.0 
  76.004 0.0   -0.006 0.0 
  76.035 0.0   -0.006 0.0 
  76.066 0.0   -0.006 0.0 
  76.096 0.0   -0.006 0.0 
  76.126 0.0   -0.006 0.0 
  76.157 0.0   -0.006 0.0 
  76.186 0.0   -0.006 0.0 
  76.217 0.0   -0.006 0.0 
  76.252 0.0   -0.006 0.0 
  76.277 0.0   -0.006 0.0 
  76.307 0.0   -0.006 0.0 
  76.338 0.0   -0.006 0.0 
  76.368 0.0   -0.006 0.0 
  76.399 0.0   -0.006 0.0 
  76.430 0.0   -0.006 0.0 
  76.459 0.0   -0.006 0.0 
  76.489 0.0   -0.006 0.0 
  76.519 0.0   -0.006 0.0 
  76.550 0.0   -0.006 0.0 
  76.580 0.0   -0.006 0.0 
  76.616 0.0   -0.006 0.0 
  76.641 0.0   -0.006 0.0 
  76.671 0.0   -0.005 0.0 
  76.701 0.0   -0.005 0.0 
  76.731 0.0   -0.005 0.0 
  76.761 0.0   -0.004 0.0 
  76.791 0.0   -0.004 0.0 
  76.822 0.0   -0.004 0.0 
  76.852 0.0   -0.003 0.0 
  76.883 0.0   -0.003 0.0 
  76.914 0.0   -0.003 0.0 
  76.943 0.0   -0.003 0.0 
  76.974 0.0   -0.003 0.0 
  77.003 0.0   -0.002 0.0 
  77.033 0.0   -0.002 0.0 
  77.064 0.0   -0.002 0.0 
  77.095 0.0   -0.001 0.0 
  77.127 0.0   -0.001 0.0 
  77.161 0.0   -0.001 0.0 
  77.185 0.0   -0.000 0.0 
  77.215 0.0    0.000 0.0 
  77.246 0.0    0.000 0.0 
  77.276 0.0    0.001 0.0 
  77.307 0.0    0.001 0.0 
  77.337 0.0    0.001 0.0 
  77.367 0.0    0.001 0.0 
  77.397 0.0    0.002 0.0 
  77.428 0.0    0.002 0.0 
  77.458 0.0    0.002 0.0 
  77.488 0.0    0.003 0.0 
  77.521 0.0    0.003 0.0 
  77.554 0.0    0.003 0.0 
  77.579 0.0    0.003 0.0 
  77.609 0.0    0.004 0.0 
  77.645 0.0    0.004 0.0 
  77.669 0.0    0.004 0.0 
  77.699 0.0    0.004 0.0 
  77.731 0.0    0.004 0.0 
  77.761 0.0    0.005 0.0 
  77.791 0.0    0.005 0.0 
  77.821 0.0    0.005 0.0 
  77.851 0.0    0.005 0.0 
  77.887 0.0    0.006 0.0 
  77.912 0.0    0.006 0.0 
  77.942 0.0    0.006 0.0 
  77.973 0.0    0.006 0.0 
  78.002 0.0    0.006 0.0 
  78.033 0.0    0.006 0.0 
  78.069 0.0    0.006 0.0 
  78.099 0.0    0.006 0.0 
  78.124 0.0    0.006 0.0 
  78.154 0.0    0.006 0.0 
  78.184 0.0    0.006 0.0 
  78.215 0.0    0.006 0.0 
  78.245 0.0    0.006 0.0 
  78.275 0.0    0.006 0.0 
  78.306 0.0    0.006 0.0 
  78.337 0.0    0.006 0.0 
  78.366 0.0    0.006 0.0 
  78.396 0.0    0.006 0.0 
  78.426 0.0    0.006 0.0 
  78.457 0.0    0.006 0.0 
  78.487 0.0    0.006 0.0 
  78.517 0.0    0.005 0.0 
  78.549 0.0    0.005 0.0 
  78.579 0.0    0.005 0.0 
  78.609 0.0    0.005 0.0 
  78.639 0.0    0.005 0.0 
  78.669 0.0    0.004 0.0 
  78.699 0.0    0.004 0.0 
  78.729 0.0    0.004 0.0 
  78.759 0.0    0.004 0.0 
  78.789 0.0    0.004 0.0 
  78.820 0.0    0.003 0.0 
  78.851 0.0    0.003 0.0 
  78.882 0.0    0.003 0.0 
  78.916 0.0    0.002 0.0 
  78.941 0.0    0.002 0.0 
  78.972 0.0    0.002 0.0 
  79.001 0.0    0.001 0.0 
  79.032 0.0    0.001 0.0 
  79.062 0.0    0.001 0.0 
  79.093 0.0    0.000 0.0 
  79.122 0.0    0.000 0.0 
  79.153 0.0    0.000 0.0 
  79.184 0.0   -0.000 0.0 
  79.214 0.0   -0.001 0.0 
  79.243 0.0   -0.001 0.0 
  79.274 0.0   -0.001 0.0 
  79.304 0.0   -0.002 0.0 
  79.334 0.0   -0.002 0.0 
  79.365 0.0   -0.003 0.0 
  79.395 0.0   -0.003 0.0 
  79.425 0.0   -0.003 0.0 
  79.456 0.0   -0.004 0.0 
  79.486 0.0   -0.004 0.0 
  79.516 0.0   -0.004 0.0 
  79.547 0.0   -0.005 0.0 
  79.577 0.0   -0.005 0.0 
  79.607 0.0   -0.005 0.0 
  79.637 0.0   -0.005 0.0 
  79.673 0.0   -0.005 0.0 
  79.697 0.0   -0.006 0.0 
  79.727 0.0   -0.006 0.0 
  79.758 0.0   -0.006 0.0 
  79.788 0.0   -0.006 0.0 
  79.819 0.0   -0.006 0.0 
  79.849 0.0   -0.006 0.0 
  79.879 0.0   -0.006 0.0 
  79.909 0.0   -0.006 0.0 
  79.940 0.0   -0.006 0.0 
  79.971 0.0   -0.006 0.0 
  80.002 0.0   -0.006 0.0 
  80.031 0.0   -0.006 0.0 
  80.060 0.0   -0.006 0.0 
  80.091 0.0   -0.006 0.0 
  80.121 0.0   -0.006 0.0 
  80.151 0.0   -0.006 0.0 
  80.181 0.0   -0.006 0.0 
  80.213 0.0   -0.006 0.0 
  80.243 0.0   -0.006 0.0 
  80.273 0.0   -0.006 0.0 
  80.305 0.0   -0.006 0.0 
  80.333 0.0   -0.005 0.0 
  80.363 0.0   -0.005 0.0 
  80.393 0.0   -0.005 0.0 
  80.424 0.0   -0.004 0.0 
  80.455 0.0   -0.004 0.0 
  80.485 0.0   -0.004 0.0 
  80.514 0.0   -0.004 0.0 
  80.545 0.0   -0.003 0.0 
  80.575 0.0   -0.003 0.0 
  80.607 0.0   -0.003 0.0 
  80.636 0.0   -0.003 0.0 
  80.670 0.0   -0.003 0.0 
  80.699 0.0   -0.002 0.0 
  80.727 0.0   -0.002 0.0 
  80.757 0.0   -0.002 0.0 
  80.786 0.0   -0.002 0.0 
  80.817 0.0   -0.001 0.0 
  80.847 0.0   -0.001 0.0 
  80.877 0.0   -0.001 0.0 
  80.908 0.0   -0.000 0.0 
  80.938 0.0   -0.000 0.0 
  80.969 0.0    0.000 0.0 
  80.998 0.0    0.000 0.0 
  81.028 0.0    0.001 0.0 
  81.065 0.0    0.001 0.0 
  81.095 0.0    0.001 0.0 
  81.125 0.0    0.002 0.0 
  81.155 0.0    0.002 0.0 
  81.180 0.0    0.002 0.0 
  81.210 0.0    0.003 0.0 
  81.241 0.0    0.003 0.0 
  81.271 0.0    0.003 0.0 
  81.301 0.0    0.003 0.0 
  81.337 0.0    0.004 0.0 
  81.361 0.0    0.004 0.0 
  81.393 0.0    0.004 0.0 
  81.428 0.0    0.004 0.0 
  81.453 0.0    0.004 0.0 
  81.483 0.0    0.004 0.0 
  81.513 0.0    0.005 0.0 
  81.544 0.0    0.005 0.0 
  81.574 0.0    0.005 0.0 
  81.603 0.0    0.005 0.0 
  81.634 0.0    0.005 0.0 
  81.664 0.0    0.005 0.0 
  81.695 0.0    0.006 0.0 
  81.725 0.0    0.006 0.0 
  81.755 0.0    0.006 0.0 
  81.786 0.0    0.006 0.0 
  81.816 0.0    0.006 0.0 
  81.848 0.0    0.006 0.0 
  81.878 0.0    0.006 0.0 
  81.907 0.0    0.006 0.0 
  81.937 0.0    0.005 0.0 
  81.969 0.0    0.005 0.0 
  81.998 0.0    0.005 0.0 
  82.028 0.0    0.005 0.0 
  82.059 0.0    0.005 0.0 
  82.089 0.0    0.004 0.0 
  82.119 0.0    0.004 0.0 
  82.151 0.0    0.004 0.0 
  82.179 0.0    0.004 0.0 
  82.209 0.0    0.004 0.0 
  82.240 0.0    0.004 0.0 
  82.270 0.0    0.003 0.0 
  82.301 0.0    0.003 0.0 
  82.332 0.0    0.003 0.0 
  82.366 0.0    0.003 0.0 
  82.391 0.0    0.003 0.0 
  82.421 0.0    0.002 0.0 
  82.452 0.0    0.002 0.0 
  82.482 0.0    0.002 0.0 
  82.512 0.0    0.002 0.0 
  82.543 0.0    0.001 0.0 
  82.572 0.0    0.001 0.0 
  82.603 0.0    0.001 0.0 
  82.633 0.0    0.001 0.0 
  82.669 0.0    0.001 0.0 
  82.694 0.0    0.001 0.0 
  82.725 0.0    0.000 0.0 
  82.759 0.0    0.000 0.0 
  82.788 0.0    0.000 0.0 
  82.819 0.0   -0.000 0.0 
  82.849 0.0   -0.000 0.0 
  82.875 0.0   -0.001 0.0 
  82.906 0.0   -0.001 0.0 
  82.936 0.0   -0.001 0.0 
  82.967 0.0   -0.002 0.0 
  82.997 0.0   -0.002 0.0 
  83.031 0.0   -0.002 0.0 
  83.056 0.0   -0.002 0.0 
  83.086 0.0   -0.003 0.0 
  83.117 0.0   -0.003 0.0 
  83.147 0.0   -0.003 0.0 
  83.178 0.0   -0.003 0.0 
  83.207 0.0   -0.003 0.0 
  83.238 0.0   -0.003 0.0 
  83.268 0.0   -0.003 0.0 
  83.298 0.0   -0.004 0.0 
  83.329 0.0   -0.004 0.0 
  83.359 0.0   -0.004 0.0 
  83.389 0.0   -0.004 0.0 
  83.421 0.0   -0.004 0.0 
  83.450 0.0   -0.005 0.0 
  83.480 0.0   -0.005 0.0 
  83.510 0.0   -0.005 0.0 
  83.541 0.0   -0.005 0.0 
  83.571 0.0   -0.005 0.0 
  83.605 0.0   -0.005 0.0 
  83.636 0.0   -0.005 0.0 
  83.661 0.0   -0.005 0.0 
  83.693 0.0   -0.005 0.0 
  83.722 0.0   -0.005 0.0 
  83.752 0.0   -0.005 0.0 
  83.783 0.0   -0.005 0.0 
  83.812 0.0   -0.005 0.0 
  83.844 0.0   -0.005 0.0 
  83.874 0.0   -0.004 0.0 
  83.903 0.0   -0.004 0.0 
  83.935 0.0   -0.004 0.0 
  83.966 0.0   -0.004 0.0 
  83.999 0.0   -0.004 0.0 
  84.029 0.0   -0.004 0.0 
  84.056 0.0   -0.003 0.0 
  84.086 0.0   -0.003 0.0 
  84.116 0.0   -0.003 0.0 
  84.146 0.0   -0.003 0.0 
  84.176 0.0   -0.003 0.0 
  84.206 0.0   -0.003 0.0 
  84.236 0.0   -0.002 0.0 
  84.267 0.0   -0.002 0.0 
  84.298 0.0   -0.002 0.0 
  84.329 0.0   -0.002 0.0 
  84.358 0.0   -0.002 0.0 
  84.388 0.0   -0.001 0.0 
  84.419 0.0   -0.001 0.0 
  84.448 0.0   -0.001 0.0 
  84.479 0.0   -0.000 0.0 
  84.509 0.0   -0.000 0.0 
  84.539 0.0   -0.000 0.0 
  84.569 0.0    0.000 0.0 
  84.599 0.0    0.000 0.0 
  84.630 0.0    0.001 0.0 
  84.660 0.0    0.001 0.0 
  84.690 0.0    0.001 0.0 
  84.726 0.0    0.001 0.0 
  84.750 0.0    0.002 0.0 
  84.781 0.0    0.002 0.0 
  84.813 0.0    0.002 0.0 
  84.842 0.0    0.002 0.0 
  84.876 0.0    0.003 0.0 
  84.906 0.0    0.003 0.0 
  84.936 0.0    0.003 0.0 
  84.962 0.0    0.003 0.0 
  84.996 0.0    0.004 0.0 
  85.023 0.0    0.004 0.0 
  85.053 0.0    0.004 0.0 
  85.083 0.0    0.004 0.0 
  85.114 0.0    0.004 0.0 
  85.144 0.0    0.004 0.0 
  85.174 0.0    0.004 0.0 
  85.204 0.0    0.004 0.0 
  85.234 0.0    0.004 0.0 
  85.270 0.0    0.004 0.0 
  85.295 0.0    0.004 0.0 
  85.325 0.0    0.004 0.0 
  85.357 0.0    0.004 0.0 
  85.386 0.0    0.004 0.0 
  85.418 0.0    0.004 0.0 
  85.447 0.0    0.004 0.0 
  85.482 0.0    0.004 0.0 
  85.507 0.0    0.004 0.0 
  85.538 0.0    0.004 0.0 
  85.568 0.0    0.004 0.0 
  85.598 0.0    0.004 0.0 
  85.630 0.0    0.004 0.0 
  85.660 0.0    0.004 0.0 
  85.689 0.0    0.004 0.0 
  85.719 0.0    0.004 0.0 
  85.749 0.0    0.004 0.0 
  85.780 0.0    0.004 0.0 
  85.810 0.0    0.003 0.0 
  85.846 0.0    0.003 0.0 
  85.876 0.0    0.003 0.0 
  85.902 0.0    0.003 0.0 
  85.931 0.0    0.003 0.0 
  85.967 0.0    0.003 0.0 
  85.992 0.0    0.002 0.0 
  86.022 0.0    0.002 0.0 
  86.053 0.0    0.002 0.0 
  86.083 0.0    0.002 0.0 
  86.113 0.0    0.002 0.0 
  86.149 0.0    0.001 0.0 
  86.179 0.0    0.001 0.0 
  86.204 0.0    0.001 0.0 
  86.234 0.0    0.001 0.0 
  86.264 0.0    0.001 0.0 
  86.294 0.0    0.000 0.0 
  86.326 0.0    0.000 0.0 
  86.355 0.0    0.000 0.0 
  86.386 0.0   -0.000 0.0 
  86.415 0.0   -0.000 0.0 
  86.447 0.0   -0.000 0.0 
  86.476 0.0   -0.001 0.0 
  86.506 0.0   -0.001 0.0 
  86.537 0.0   -0.001 0.0 
  86.568 0.0   -0.001 0.0 
  86.597 0.0   -0.001 0.0 
  86.627 0.0   -0.002 0.0 
  86.657 0.0   -0.002 0.0 
  86.688 0.0   -0.002 0.0 
  86.720 0.0   -0.002 0.0 
  86.749 0.0   -0.002 0.0 
  86.779 0.0   -0.003 0.0 
  86.809 0.0   -0.003 0.0 
  86.840 0.0   -0.003 0.0 
  86.870 0.0   -0.003 0.0 
  86.902 0.0   -0.003 0.0 
  86.931 0.0   -0.003 0.0 
  86.966 0.0   -0.003 0.0 
  86.995 0.0   -0.003 0.0 
  87.021 0.0   -0.003 0.0 
  87.056 0.0   -0.003 0.0 
  87.081 0.0   -0.003 0.0 
  87.117 0.0   -0.003 0.0 
  87.143 0.0   -0.003 0.0 
  87.172 0.0   -0.003 0.0 
  87.203 0.0   -0.003 0.0 
  87.233 0.0   -0.003 0.0 
  87.263 0.0   -0.003 0.0 
  87.299 0.0   -0.003 0.0 
  87.324 0.0   -0.003 0.0 
  87.354 0.0   -0.003 0.0 
  87.384 0.0   -0.003 0.0 
  87.415 0.0   -0.003 0.0 
  87.446 0.0   -0.003 0.0 
  87.476 0.0   -0.003 0.0 
  87.506 0.0   -0.003 0.0 
  87.535 0.0   -0.003 0.0 
  87.566 0.0   -0.003 0.0 
  87.597 0.0   -0.003 0.0 
  87.627 0.0   -0.003 0.0 
  87.661 0.0   -0.003 0.0 
  87.691 0.0   -0.003 0.0 
  87.722 0.0   -0.003 0.0 
  87.752 0.0   -0.003 0.0 
  87.782 0.0   -0.003 0.0 
  87.808 0.0   -0.003 0.0 
  87.838 0.0   -0.003 0.0 
  87.869 0.0   -0.002 0.0 
  87.903 0.0   -0.002 0.0 
  87.934 0.0   -0.002 0.0 
  87.960 0.0   -0.001 0.0 
  87.990 0.0   -0.001 0.0 
  88.024 0.0   -0.001 0.0 
  88.054 0.0   -0.000 0.0 
  88.080 0.0    0.000 0.0 
  88.116 0.0    0.000 0.0 
  88.141 0.0    0.000 0.0 
  88.172 0.0    0.001 0.0 
  88.201 0.0    0.001 0.0 
  88.232 0.0    0.001 0.0 
  88.262 0.0    0.001 0.0 
  88.292 0.0    0.001 0.0 
  88.322 0.0    0.001 0.0 
  88.354 0.0    0.001 0.0 
  88.383 0.0    0.001 0.0 
  88.414 0.0    0.001 0.0 
  88.444 0.0    0.001 0.0 
  88.475 0.0    0.002 0.0 
  88.505 0.0    0.002 0.0 
  88.535 0.0    0.002 0.0 
  88.565 0.0    0.002 0.0 
  88.595 0.0    0.002 0.0 
  88.625 0.0    0.003 0.0 
  88.656 0.0    0.003 0.0 
  88.687 0.0    0.003 0.0 
  88.716 0.0    0.003 0.0 
  88.747 0.0    0.003 0.0 
  88.777 0.0    0.004 0.0 
  88.811 0.0    0.004 0.0 
  88.841 0.0    0.004 0.0 
  88.872 0.0    0.004 0.0 
  88.902 0.0    0.004 0.0 
  88.932 0.0    0.004 0.0 
  88.959 0.0    0.004 0.0 
  88.992 0.0    0.004 0.0 
  89.019 0.0    0.004 0.0 
  89.053 0.0    0.004 0.0 
  89.083 0.0    0.004 0.0 
  89.113 0.0    0.004 0.0 
  89.140 0.0    0.004 0.0 
  89.170 0.0    0.004 0.0 
  89.205 0.0    0.004 0.0 
  89.235 0.0    0.004 0.0 
  89.265 0.0    0.004 0.0 
  89.295 0.0    0.004 0.0 
  89.326 0.0    0.004 0.0 
  89.356 0.0    0.004 0.0 
  89.386 0.0    0.004 0.0 
  89.413 0.0    0.004 0.0 
  89.442 0.0    0.004 0.0 
  89.473 0.0    0.004 0.0 
  89.503 0.0    0.004 0.0 
  89.533 0.0    0.003 0.0 
  89.564 0.0    0.003 0.0 
  89.594 0.0    0.003 0.0 
  89.624 0.0    0.003 0.0 
  89.654 0.0    0.003 0.0 
  89.685 0.0    0.002 0.0 
  89.715 0.0    0.002 0.0 
  89.745 0.0    0.002 0.0 
  89.775 0.0    0.002 0.0 
  89.805 0.0    0.002 0.0 
  89.836 0.0    0.002 0.0 
  89.866 0.0    0.001 0.0 
  89.896 0.0    0.001 0.0 
  89.927 0.0    0.001 0.0 
  89.957 0.0    0.001 0.0 
  89.987 0.0    0.001 0.0 
  90.017 0.0    0.001 0.0 
  90.048 0.0    0.000 0.0 
  90.078 0.0    0.000 0.0 
  90.108 0.0    0.000 0.0 
  90.143 0.0   -0.000 0.0 
  90.169 0.0   -0.000 0.0 
  90.200 0.0   -0.001 0.0 
  90.230 0.0   -0.001 0.0 
  90.260 0.0   -0.001 0.0 
  90.294 0.0   -0.002 0.0 
  90.320 0.0   -0.002 0.0 
  90.351 0.0   -0.002 0.0 
  90.381 0.0   -0.002 0.0 
  90.413 0.0   -0.002 0.0 
  90.442 0.0   -0.003 0.0 
  90.473 0.0   -0.003 0.0 
  90.506 0.0   -0.003 0.0 
  90.536 0.0   -0.003 0.0 
  90.562 0.0   -0.003 0.0 
  90.593 0.0   -0.003 0.0 
  90.627 0.0   -0.003 0.0 
  90.653 0.0   -0.003 0.0 
  90.683 0.0   -0.003 0.0 
  90.714 0.0   -0.003 0.0 
  90.745 0.0   -0.003 0.0 
  90.778 0.0   -0.003 0.0 
  90.808 0.0   -0.003 0.0 
  90.834 0.0   -0.003 0.0 
  90.868 0.0   -0.003 0.0 
  90.899 0.0   -0.003 0.0 
  90.926 0.0   -0.003 0.0 
  90.958 0.0   -0.003 0.0 
  90.990 0.0   -0.003 0.0 
  91.020 0.0   -0.003 0.0 
  91.046 0.0   -0.003 0.0 
  91.081 0.0   -0.003 0.0 
  91.111 0.0   -0.003 0.0 
  91.137 0.0   -0.003 0.0 
  91.172 0.0   -0.003 0.0 
  91.199 0.0   -0.003 0.0 
  91.232 0.0   -0.003 0.0 
  91.262 0.0   -0.003 0.0 
  91.293 0.0   -0.003 0.0 
  91.323 0.0   -0.003 0.0 
  91.352 0.0   -0.003 0.0 
  91.383 0.0   -0.003 0.0 
  91.413 0.0   -0.003 0.0 
  91.443 0.0   -0.003 0.0 
  91.520 0.0   -0.002 0.0 
  91.543 0.0   -0.002 0.0 
  91.568 0.0   -0.002 0.0 
  91.599 0.0   -0.002 0.0 
  91.634 0.0   -0.002 0.0 
  91.664 0.0   -0.001 0.0 
  91.689 0.0   -0.001 0.0 
  91.724 0.0   -0.001 0.0 
  91.750 0.0   -0.000 0.0 
  91.780 0.0   -0.000 0.0 
  91.811 0.0    0.000 0.0 
  91.840 0.0    0.000 0.0 
  91.872 0.0    0.001 0.0 
  91.904 0.0    0.001 0.0 
  91.934 0.0    0.001 0.0 
  91.964 0.0    0.001 0.0 
  91.994 0.0    0.001 0.0 
  92.024 0.0    0.001 0.0 
  92.054 0.0    0.001 0.0 
  92.085 0.0    0.001 0.0 
  92.115 0.0    0.001 0.0 
  92.145 0.0    0.002 0.0 
  92.175 0.0    0.002 0.0 
  92.211 0.0    0.002 0.0 
  92.236 0.0    0.002 0.0 
  92.266 0.0    0.002 0.0 
  92.296 0.0    0.003 0.0 
  92.328 0.0    0.003 0.0 
  92.358 0.0    0.003 0.0 
  92.387 0.0    0.003 0.0 
  92.418 0.0    0.003 0.0 
  92.448 0.0    0.003 0.0 
  92.478 0.0    0.004 0.0 
  92.508 0.0    0.004 0.0 
  92.538 0.0    0.004 0.0 
  92.570 0.0    0.004 0.0 
  92.599 0.0    0.004 0.0 
  92.630 0.0    0.004 0.0 
  92.660 0.0    0.004 0.0 
  92.690 0.0    0.004 0.0 
  92.721 0.0    0.004 0.0 
  92.755 0.0    0.004 0.0 
  92.782 0.0    0.004 0.0 
  92.815 0.0    0.004 0.0 
  92.845 0.0    0.004 0.0 
  92.872 0.0    0.004 0.0 
  92.902 0.0    0.004 0.0 
  92.933 0.0    0.004 0.0 
  92.968 0.0    0.004 0.0 
  92.993 0.0    0.004 0.0 
  93.023 0.0    0.003 0.0 
  93.054 0.0    0.003 0.0 
  93.141 0.0    0.003 0.0 
  93.170 0.0    0.003 0.0 
  93.189 0.0    0.003 0.0 
  93.217 0.0    0.003 0.0 
  93.247 0.0    0.003 0.0 
  93.277 0.0    0.003 0.0 
  93.309 0.0    0.002 0.0 
  93.342 0.0    0.002 0.0 
  93.374 0.0    0.002 0.0 
  93.404 0.0    0.002 0.0 
  93.434 0.0    0.002 0.0 
  93.464 0.0    0.002 0.0 
  93.495 0.0    0.001 0.0 
  93.525 0.0    0.001 0.0 
  93.555 0.0    0.001 0.0 
  93.586 0.0    0.001 0.0 
  93.620 0.0    0.001 0.0 
  93.651 0.0    0.001 0.0 
  93.677 0.0    0.000 0.0 
  93.707 0.0    0.000 0.0 
  93.740 0.0    0.000 0.0 
  93.767 0.0   -0.000 0.0 
  93.797 0.0   -0.000 0.0 
  93.827 0.0   -0.000 0.0 
  93.857 0.0   -0.001 0.0 
  93.888 0.0   -0.001 0.0 
  93.919 0.0   -0.001 0.0 
  93.948 0.0   -0.001 0.0 
  93.979 0.0   -0.001 0.0 
  94.008 0.0   -0.002 0.0 
  94.039 0.0   -0.002 0.0 
  94.070 0.0   -0.002 0.0 
  94.100 0.0   -0.002 0.0 
  94.130 0.0   -0.002 0.0 
  94.166 0.0   -0.003 0.0 
  94.191 0.0   -0.003 0.0 
  94.221 0.0   -0.003 0.0 
  94.251 0.0   -0.003 0.0 
  94.281 0.0   -0.003 0.0 
  94.312 0.0   -0.003 0.0 
  94.343 0.0   -0.003 0.0 
  94.372 0.0   -0.003 0.0 
  94.402 0.0   -0.003 0.0 
  94.432 0.0   -0.003 0.0 
  94.463 0.0   -0.003 0.0 
  94.493 0.0   -0.003 0.0 
  94.523 0.0   -0.003 0.0 
  94.554 0.0   -0.003 0.0 
  94.585 0.0   -0.003 0.0 
  94.614 0.0   -0.003 0.0 
  94.703 0.0   -0.003 0.0 
  94.732 0.0   -0.003 0.0 
  94.751 0.0   -0.003 0.0 
  94.778 0.0   -0.003 0.0 
  94.808 0.0   -0.003 0.0 
  94.839 0.0   -0.003 0.0 
  94.870 0.0   -0.003 0.0 
  94.902 0.0   -0.003 0.0 
  94.935 0.0   -0.003 0.0 
  94.964 0.0   -0.003 0.0 
  94.994 0.0   -0.003 0.0 
  95.024 0.0   -0.003 0.0 
  95.055 0.0   -0.003 0.0 
  95.085 0.0   -0.002 0.0 
  95.115 0.0   -0.002 0.0 
  95.146 0.0   -0.002 0.0 
  95.176 0.0   -0.002 0.0 
  95.206 0.0   -0.001 0.0 
  95.237 0.0   -0.001 0.0 
  95.266 0.0   -0.001 0.0 
  95.298 0.0   -0.000 0.0 
  95.327 0.0   -0.000 0.0 
  95.357 0.0    0.000 0.0 
  95.388 0.0    0.000 0.0 
  95.419 0.0    0.000 0.0 
  95.449 0.0    0.001 0.0 
  95.483 0.0    0.001 0.0 
  95.509 0.0    0.001 0.0 
  95.540 0.0    0.001 0.0 
  95.574 0.0    0.001 0.0 
  95.604 0.0    0.001 0.0 
  95.631 0.0    0.001 0.0 
  95.664 0.0    0.001 0.0 
  95.691 0.0    0.001 0.0 
  95.725 0.0    0.002 0.0 
  95.755 0.0    0.002 0.0 
  95.781 0.0    0.002 0.0 
  95.812 0.0    0.002 0.0 
  95.846 0.0    0.003 0.0 
  95.872 0.0    0.003 0.0 
  95.903 0.0    0.003 0.0 
  95.932 0.0    0.003 0.0 
  95.963 0.0    0.003 0.0 
  95.993 0.0    0.003 0.0 
  96.024 0.0    0.003 0.0 
  96.054 0.0    0.003 0.0 
  96.084 0.0    0.003 0.0 
  96.117 0.0    0.003 0.0 
  96.144 0.0    0.003 0.0 
  96.175 0.0    0.003 0.0 
  96.205 0.0    0.003 0.0 
  96.235 0.0    0.003 0.0 
  96.265 0.0    0.003 0.0 
  96.296 0.0    0.003 0.0 
  96.327 0.0    0.003 0.0 
  96.357 0.0    0.003 0.0 
  96.387 0.0    0.003 0.0 
  96.417 0.0    0.003 0.0 
  96.447 0.0    0.003 0.0 
  96.477 0.0    0.003 0.0 
  96.508 0.0    0.003 0.0 
  96.539 0.0    0.003 0.0 
  96.568 0.0    0.003 0.0 
  96.599 0.0    0.003 0.0 
  96.629 0.0    0.003 0.0 
  96.660 0.0    0.003 0.0 
  96.695 0.0    0.003 0.0 
  96.720 0.0    0.003 0.0 
  96.749 0.0    0.003 0.0 
  96.781 0.0    0.002 0.0 
  96.814 0.0    0.002 0.0 
  96.845 0.0    0.002 0.0 
  96.875 0.0    0.002 0.0 
  96.905 0.0    0.002 0.0 
  96.935 0.0    0.002 0.0 
  96.962 0.0    0.001 0.0 
  96.992 0.0    0.001 0.0 
  97.023 0.0    0.001 0.0 
  97.052 0.0    0.001 0.0 
  97.083 0.0    0.001 0.0 
  97.113 0.0    0.001 0.0 
  97.148 0.0    0.001 0.0 
  97.174 0.0    0.000 0.0 
  97.204 0.0    0.000 0.0 
  97.239 0.0    0.000 0.0 
  97.264 0.0    0.000 0.0 
  97.295 0.0   -0.000 0.0 
  97.326 0.0   -0.000 0.0 
  97.356 0.0   -0.000 0.0 
  97.386 0.0   -0.001 0.0 
  97.416 0.0   -0.001 0.0 
  97.446 0.0   -0.001 0.0 
  97.477 0.0   -0.001 0.0 
  97.507 0.0   -0.001 0.0 
  97.539 0.0   -0.001 0.0 
  97.568 0.0   -0.001 0.0 
  97.599 0.0   -0.001 0.0 
  97.629 0.0   -0.002 0.0 
  97.659 0.0   -0.002 0.0 
  97.689 0.0   -0.002 0.0 
  97.719 0.0   -0.002 0.0 
  97.749 0.0   -0.002 0.0 
  97.779 0.0   -0.002 0.0 
  97.810 0.0   -0.003 0.0 
  97.842 0.0   -0.003 0.0 
  97.871 0.0   -0.003 0.0 
  97.901 0.0   -0.003 0.0 
  97.931 0.0   -0.003 0.0 
  97.962 0.0   -0.003 0.0 
  97.992 0.0   -0.003 0.0 
  98.022 0.0   -0.003 0.0 
  98.052 0.0   -0.003 0.0 
  98.083 0.0   -0.003 0.0 
  98.117 0.0   -0.003 0.0 
  98.147 0.0   -0.003 0.0 
  98.178 0.0   -0.003 0.0 
  98.205 0.0   -0.003 0.0 
  98.235 0.0   -0.003 0.0 
  98.268 0.0   -0.003 0.0 
  98.298 0.0   -0.003 0.0 
  98.329 0.0   -0.003 0.0 
  98.359 0.0   -0.003 0.0 
  98.389 0.0   -0.002 0.0 
  98.416 0.0   -0.002 0.0 
  98.451 0.0   -0.002 0.0 
  98.481 0.0   -0.002 0.0 
  98.511 0.0   -0.002 0.0 
  98.537 0.0   -0.001 0.0 
  98.568 0.0   -0.001 0.0 
  98.599 0.0   -0.001 0.0 
  98.628 0.0   -0.000 0.0 
  98.659 0.0   -0.000 0.0 
  98.692 0.0   -0.000 0.0 
  98.719 0.0    0.000 0.0 
  98.754 0.0    0.000 0.0 
  98.780 0.0    0.000 0.0 
  98.814 0.0    0.001 0.0 
  98.844 0.0    0.001 0.0 
  98.874 0.0    0.001 0.0 
  98.904 0.0    0.001 0.0 
  98.935 0.0    0.001 0.0 
  98.961 0.0    0.001 0.0 
  98.991 0.0    0.001 0.0 
  99.025 0.0    0.001 0.0 
  99.052 0.0    0.001 0.0 
  99.086 0.0    0.001 0.0 
  99.113 0.0    0.001 0.0 
  99.144 0.0    0.001 0.0 
  99.174 0.0    0.001 0.0 
  99.203 0.0    0.001 0.0 
  99.237 0.0    0.001 0.0 
  99.263 0.0    0.001 0.0 
  99.298 0.0    0.001 0.0 
  99.328 0.0    0.001 0.0 
  99.355 0.0    0.001 0.0 
  99.389 0.0    0.001 0.0 
  99.418 0.0    0.001 0.0 
  99.445 0.0    0.001 0.0 
  99.476 0.0    0.001 0.0 
  99.506 0.0    0.002 0.0 
  99.536 0.0    0.002 0.0 
  99.566 0.0    0.002 0.0 
  99.596 0.0    0.002 0.0 
  99.627 0.0    0.002 0.0 
  99.657 0.0    0.002 0.0 
  99.687 0.0    0.002 0.0 
  99.718 0.0    0.003 0.0 
  99.747 0.0    0.003 0.0 
  99.778 0.0    0.003 0.0 
  99.808 0.0    0.003 0.0 
  99.843 0.0    0.003 0.0 
  99.869 0.0    0.003 0.0 
  99.900 0.0    0.003 0.0 
  99.930 0.0    0.003 0.0 
  99.964 0.0    0.003 0.0 
  99.991 0.0    0.003 0.0 
 100.020 0.0    0.003 0.0 
 100.055 0.0    0.003 0.0 
 100.081 0.0    0.003 0.0 
 100.115 0.0    0.003 0.0 
 100.145 0.0    0.002 0.0 
 100.176 0.0    0.002 0.0 
 100.202 0.0    0.002 0.0 
 100.232 0.0    0.002 0.0 
 100.263 0.0    0.002 0.0 
 100.293 0.0    0.002 0.0 
 100.323 0.0    0.002 0.0 
 100.354 0.0    0.002 0.0 
 100.384 0.0    0.002 0.0 
 100.414 0.0    0.002 0.0 
 100.445 0.0    0.001 0.0 
 100.475 0.0    0.001 0.0 
 100.504 0.0    0.001 0.0 
 100.535 0.0    0.001 0.0 
 100.566 0.0    0.001 0.0 
 100.595 0.0    0.001 0.0 
 100.626 0.0    0.001 0.0 
 100.656 0.0    0.001 0.0 
