   0.000 0.0    0.081 0.0 
   0.030 0.0    0.081 0.0 
   0.060 0.0    0.080 0.0 
   0.090 0.0    0.080 0.0 
   0.121 0.0    0.078 0.0 
   0.151 0.0    0.077 0.0 
   0.181 0.0    0.075 0.0 
   0.211 0.0    0.073 0.0 
   0.242 0.0    0.070 0.0 
   0.273 0.0    0.068 0.0 
   0.302 0.0    0.065 0.0 
   0.333 0.0    0.063 0.0 
   0.366 0.0    0.060 0.0 
   0.398 0.0    0.058 0.0 
   0.428 0.0    0.055 0.0 
   0.458 0.0    0.053 0.0 
   0.488 0.0    0.051 0.0 
   0.515 0.0    0.048 0.0 
   0.544 0.0    0.046 0.0 
   0.575 0.0    0.043 0.0 
   0.605 0.0    0.041 0.0 
   0.635 0.0    0.038 0.0 
   0.665 0.0    0.036 0.0 
   0.696 0.0    0.032 0.0 
   0.726 0.0    0.029 0.0 
   0.758 0.0    0.026 0.0 
   0.787 0.0    0.022 0.0 
   0.817 0.0    0.019 0.0 
   0.847 0.0    0.016 0.0 
   0.877 0.0    0.013 0.0 
   0.907 0.0    0.009 0.0 
   0.938 0.0    0.006 0.0 
   0.973 0.0    0.002 0.0 
   1.000 0.0   -0.002 0.0 
   1.029 0.0   -0.006 0.0 
   1.063 0.0   -0.010 0.0 
   1.090 0.0   -0.013 0.0 
   1.121 0.0   -0.017 0.0 
   1.151 0.0   -0.021 0.0 
   1.180 0.0   -0.025 0.0 
   1.210 0.0   -0.029 0.0 
   1.241 0.0   -0.033 0.0 
   1.272 0.0   -0.036 0.0 
   1.301 0.0   -0.038 0.0 
   1.332 0.0   -0.040 0.0 
   1.362 0.0   -0.043 0.0 
   1.392 0.0   -0.046 0.0 
   1.427 0.0   -0.049 0.0 
   1.452 0.0   -0.051 0.0 
   1.482 0.0   -0.054 0.0 
   1.513 0.0   -0.056 0.0 
   1.543 0.0   -0.058 0.0 
   1.574 0.0   -0.061 0.0 
   1.604 0.0   -0.063 0.0 
   1.635 0.0   -0.065 0.0 
   1.669 0.0   -0.066 0.0 
   1.696 0.0   -0.067 0.0 
   1.729 0.0   -0.069 0.0 
   1.755 0.0   -0.070 0.0 
   1.786 0.0   -0.070 0.0 
   1.816 0.0   -0.071 0.0 
   1.847 0.0   -0.072 0.0 
   1.875 0.0   -0.073 0.0 
   1.907 0.0   -0.073 0.0 
   1.937 0.0   -0.074 0.0 
   1.970 0.0   -0.074 0.0 
   1.997 0.0   -0.074 0.0 
   2.028 0.0   -0.074 0.0 
   2.061 0.0   -0.074 0.0 
   2.087 0.0   -0.074 0.0 
   2.117 0.0   -0.074 0.0 
   2.148 0.0   -0.073 0.0 
   2.177 0.0   -0.073 0.0 
   2.208 0.0   -0.072 0.0 
   2.239 0.0   -0.071 0.0 
   2.270 0.0   -0.069 0.0 
   2.300 0.0   -0.067 0.0 
   2.330 0.0   -0.065 0.0 
   2.359 0.0   -0.063 0.0 
   2.390 0.0   -0.061 0.0 
   2.421 0.0   -0.059 0.0 
   2.454 0.0   -0.057 0.0 
   2.485 0.0   -0.055 0.0 
   2.515 0.0   -0.053 0.0 
   2.542 0.0   -0.051 0.0 
   2.572 0.0   -0.049 0.0 
   2.606 0.0   -0.046 0.0 
   2.636 0.0   -0.042 0.0 
   2.667 0.0   -0.039 0.0 
   2.695 0.0   -0.035 0.0 
   2.726 0.0   -0.032 0.0 
   2.757 0.0   -0.028 0.0 
   2.784 0.0   -0.024 0.0 
   2.814 0.0   -0.021 0.0 
   2.844 0.0   -0.017 0.0 
   2.875 0.0   -0.014 0.0 
   2.907 0.0   -0.011 0.0 
   2.939 0.0   -0.009 0.0 
   2.968 0.0   -0.007 0.0 
   2.999 0.0   -0.005 0.0 
   3.029 0.0   -0.002 0.0 
   3.056 0.0    0.001 0.0 
   3.089 0.0    0.004 0.0 
   3.117 0.0    0.006 0.0 
   3.147 0.0    0.010 0.0 
   3.178 0.0    0.012 0.0 
   3.207 0.0    0.015 0.0 
   3.238 0.0    0.018 0.0 
   3.273 0.0    0.021 0.0 
   3.299 0.0    0.024 0.0 
   3.329 0.0    0.027 0.0 
   3.359 0.0    0.029 0.0 
   3.389 0.0    0.032 0.0 
   3.420 0.0    0.034 0.0 
   3.453 0.0    0.037 0.0 
   3.480 0.0    0.040 0.0 
   3.510 0.0    0.042 0.0 
   3.540 0.0    0.045 0.0 
   3.571 0.0    0.048 0.0 
   3.602 0.0    0.051 0.0 
   3.631 0.0    0.053 0.0 
   3.662 0.0    0.055 0.0 
   3.692 0.0    0.057 0.0 
   3.722 0.0    0.059 0.0 
   3.753 0.0    0.061 0.0 
   3.783 0.0    0.062 0.0 
   3.814 0.0    0.063 0.0 
   3.844 0.0    0.065 0.0 
   3.874 0.0    0.066 0.0 
   3.904 0.0    0.067 0.0 
   3.935 0.0    0.068 0.0 
   3.965 0.0    0.069 0.0 
   3.995 0.0    0.069 0.0 
   4.025 0.0    0.070 0.0 
   4.055 0.0    0.070 0.0 
   4.085 0.0    0.070 0.0 
   4.116 0.0    0.070 0.0 
   4.147 0.0    0.069 0.0 
   4.176 0.0    0.068 0.0 
   4.207 0.0    0.067 0.0 
   4.236 0.0    0.067 0.0 
   4.267 0.0    0.066 0.0 
   4.297 0.0    0.065 0.0 
   4.329 0.0    0.064 0.0 
   4.359 0.0    0.063 0.0 
   4.388 0.0    0.062 0.0 
   4.419 0.0    0.061 0.0 
   4.449 0.0    0.060 0.0 
   4.480 0.0    0.059 0.0 
   4.509 0.0    0.057 0.0 
   4.539 0.0    0.056 0.0 
   4.569 0.0    0.054 0.0 
   4.600 0.0    0.051 0.0 
   4.631 0.0    0.048 0.0 
   4.661 0.0    0.045 0.0 
   4.690 0.0    0.042 0.0 
   4.721 0.0    0.039 0.0 
   4.752 0.0    0.036 0.0 
   4.781 0.0    0.033 0.0 
   4.814 0.0    0.030 0.0 
   4.842 0.0    0.026 0.0 
   4.877 0.0    0.024 0.0 
   4.903 0.0    0.022 0.0 
   4.933 0.0    0.019 0.0 
   4.964 0.0    0.017 0.0 
   4.993 0.0    0.015 0.0 
   5.023 0.0    0.012 0.0 
   5.058 0.0    0.009 0.0 
   5.085 0.0    0.005 0.0 
   5.115 0.0    0.002 0.0 
   5.146 0.0   -0.001 0.0 
   5.176 0.0   -0.004 0.0 
   5.206 0.0   -0.007 0.0 
   5.236 0.0   -0.011 0.0 
   5.266 0.0   -0.015 0.0 
   5.296 0.0   -0.019 0.0 
   5.327 0.0   -0.023 0.0 
   5.357 0.0   -0.026 0.0 
   5.387 0.0   -0.028 0.0 
   5.418 0.0   -0.031 0.0 
   5.448 0.0   -0.034 0.0 
   5.478 0.0   -0.037 0.0 
   5.508 0.0   -0.040 0.0 
   5.539 0.0   -0.043 0.0 
   5.570 0.0   -0.045 0.0 
   5.602 0.0   -0.048 0.0 
   5.630 0.0   -0.050 0.0 
   5.663 0.0   -0.053 0.0 
   5.691 0.0   -0.055 0.0 
   5.720 0.0   -0.057 0.0 
   5.751 0.0   -0.059 0.0 
   5.784 0.0   -0.061 0.0 
   5.814 0.0   -0.063 0.0 
   5.841 0.0   -0.064 0.0 
   5.872 0.0   -0.065 0.0 
   5.902 0.0   -0.066 0.0 
   5.934 0.0   -0.066 0.0 
   5.962 0.0   -0.066 0.0 
   5.993 0.0   -0.066 0.0 
   6.023 0.0   -0.066 0.0 
   6.056 0.0   -0.065 0.0 
   6.084 0.0   -0.064 0.0 
   6.117 0.0   -0.063 0.0 
   6.144 0.0   -0.062 0.0 
   6.178 0.0   -0.061 0.0 
   6.205 0.0   -0.060 0.0 
   6.239 0.0   -0.059 0.0 
   6.266 0.0   -0.057 0.0 
   6.295 0.0   -0.056 0.0 
   6.326 0.0   -0.055 0.0 
   6.361 0.0   -0.053 0.0 
   6.391 0.0   -0.052 0.0 
   6.416 0.0   -0.051 0.0 
   6.451 0.0   -0.049 0.0 
   6.477 0.0   -0.048 0.0 
   6.508 0.0   -0.046 0.0 
   6.537 0.0   -0.044 0.0 
   6.568 0.0   -0.043 0.0 
   6.601 0.0   -0.041 0.0 
   6.628 0.0   -0.039 0.0 
   6.661 0.0   -0.037 0.0 
   6.689 0.0   -0.035 0.0 
   6.723 0.0   -0.033 0.0 
   6.753 0.0   -0.031 0.0 
   6.780 0.0   -0.029 0.0 
   6.813 0.0   -0.027 0.0 
   6.845 0.0   -0.025 0.0 
   6.870 0.0   -0.022 0.0 
   6.900 0.0   -0.020 0.0 
   6.931 0.0   -0.018 0.0 
   6.961 0.0   -0.016 0.0 
   6.990 0.0   -0.013 0.0 
   7.022 0.0   -0.011 0.0 
   7.053 0.0   -0.008 0.0 
   7.081 0.0   -0.006 0.0 
   7.112 0.0   -0.003 0.0 
   7.143 0.0    0.000 0.0 
   7.177 0.0    0.003 0.0 
   7.208 0.0    0.006 0.0 
   7.233 0.0    0.010 0.0 
   7.263 0.0    0.014 0.0 
   7.295 0.0    0.017 0.0 
   7.324 0.0    0.020 0.0 
   7.354 0.0    0.023 0.0 
   7.384 0.0    0.026 0.0 
   7.415 0.0    0.029 0.0 
   7.445 0.0    0.032 0.0 
   7.476 0.0    0.035 0.0 
   7.507 0.0    0.038 0.0 
   7.537 0.0    0.040 0.0 
   7.566 0.0    0.042 0.0 
   7.596 0.0    0.045 0.0 
   7.627 0.0    0.047 0.0 
   7.657 0.0    0.049 0.0 
   7.688 0.0    0.051 0.0 
   7.717 0.0    0.054 0.0 
   7.748 0.0    0.055 0.0 
   7.778 0.0    0.057 0.0 
   7.809 0.0    0.059 0.0 
   7.839 0.0    0.060 0.0 
   7.869 0.0    0.061 0.0 
   7.901 0.0    0.062 0.0 
   7.930 0.0    0.063 0.0 
   7.960 0.0    0.064 0.0 
   7.991 0.0    0.065 0.0 
   8.021 0.0    0.065 0.0 
   8.051 0.0    0.065 0.0 
   8.081 0.0    0.065 0.0 
   8.111 0.0    0.065 0.0 
   8.142 0.0    0.065 0.0 
   8.172 0.0    0.065 0.0 
   8.203 0.0    0.064 0.0 
   8.236 0.0    0.063 0.0 
   8.268 0.0    0.063 0.0 
   8.293 0.0    0.062 0.0 
   8.324 0.0    0.061 0.0 
   8.358 0.0    0.059 0.0 
   8.384 0.0    0.058 0.0 
   8.414 0.0    0.056 0.0 
   8.444 0.0    0.055 0.0 
   8.474 0.0    0.053 0.0 
   8.504 0.0    0.051 0.0 
   8.535 0.0    0.049 0.0 
   8.564 0.0    0.047 0.0 
   8.596 0.0    0.045 0.0 
   8.626 0.0    0.043 0.0 
   8.656 0.0    0.041 0.0 
   8.686 0.0    0.039 0.0 
   8.716 0.0    0.036 0.0 
   8.746 0.0    0.033 0.0 
   8.777 0.0    0.030 0.0 
   8.808 0.0    0.027 0.0 
   8.837 0.0    0.024 0.0 
   8.867 0.0    0.022 0.0 
   8.898 0.0    0.019 0.0 
   8.928 0.0    0.016 0.0 
   8.959 0.0    0.013 0.0 
   8.989 0.0    0.009 0.0 
   9.020 0.0    0.007 0.0 
   9.049 0.0    0.003 0.0 
   9.079 0.0   -0.001 0.0 
   9.110 0.0   -0.006 0.0 
   9.140 0.0   -0.010 0.0 
   9.171 0.0   -0.014 0.0 
   9.201 0.0   -0.018 0.0 
   9.231 0.0   -0.022 0.0 
   9.261 0.0   -0.025 0.0 
   9.291 0.0   -0.028 0.0 
   9.322 0.0   -0.031 0.0 
   9.351 0.0   -0.033 0.0 
   9.382 0.0   -0.035 0.0 
   9.412 0.0   -0.036 0.0 
   9.443 0.0   -0.038 0.0 
   9.473 0.0   -0.040 0.0 
   9.503 0.0   -0.041 0.0 
   9.534 0.0   -0.043 0.0 
   9.564 0.0   -0.044 0.0 
   9.594 0.0   -0.045 0.0 
   9.625 0.0   -0.047 0.0 
   9.656 0.0   -0.048 0.0 
   9.686 0.0   -0.049 0.0 
   9.721 0.0   -0.050 0.0 
   9.745 0.0   -0.052 0.0 
   9.776 0.0   -0.053 0.0 
   9.806 0.0   -0.054 0.0 
   9.837 0.0   -0.055 0.0 
   9.866 0.0   -0.056 0.0 
   9.897 0.0   -0.057 0.0 
   9.929 0.0   -0.058 0.0 
   9.959 0.0   -0.059 0.0 
   9.988 0.0   -0.059 0.0 
  10.018 0.0   -0.060 0.0 
  10.048 0.0   -0.060 0.0 
  10.079 0.0   -0.060 0.0 
  10.109 0.0   -0.059 0.0 
  10.140 0.0   -0.058 0.0 
  10.171 0.0   -0.057 0.0 
  10.199 0.0   -0.056 0.0 
  10.230 0.0   -0.054 0.0 
  10.260 0.0   -0.053 0.0 
  10.290 0.0   -0.051 0.0 
  10.321 0.0   -0.049 0.0 
  10.351 0.0   -0.047 0.0 
  10.381 0.0   -0.045 0.0 
  10.411 0.0   -0.044 0.0 
  10.443 0.0   -0.042 0.0 
  10.473 0.0   -0.041 0.0 
  10.503 0.0   -0.040 0.0 
  10.532 0.0   -0.038 0.0 
  10.562 0.0   -0.037 0.0 
  10.593 0.0   -0.035 0.0 
  10.623 0.0   -0.034 0.0 
  10.654 0.0   -0.032 0.0 
  10.684 0.0   -0.031 0.0 
  10.715 0.0   -0.029 0.0 
  10.746 0.0   -0.027 0.0 
  10.779 0.0   -0.026 0.0 
  10.805 0.0   -0.024 0.0 
  10.835 0.0   -0.021 0.0 
  10.865 0.0   -0.018 0.0 
  10.895 0.0   -0.014 0.0 
  10.926 0.0   -0.011 0.0 
  10.960 0.0   -0.008 0.0 
  10.986 0.0   -0.004 0.0 
  11.017 0.0   -0.001 0.0 
  11.047 0.0    0.003 0.0 
  11.076 0.0    0.006 0.0 
  11.112 0.0    0.009 0.0 
  11.138 0.0    0.012 0.0 
  11.168 0.0    0.014 0.0 
  11.198 0.0    0.016 0.0 
  11.228 0.0    0.018 0.0 
  11.260 0.0    0.019 0.0 
  11.289 0.0    0.021 0.0 
  11.319 0.0    0.023 0.0 
  11.349 0.0    0.024 0.0 
  11.380 0.0    0.026 0.0 
  11.410 0.0    0.028 0.0 
  11.445 0.0    0.030 0.0 
  11.472 0.0    0.032 0.0 
  11.501 0.0    0.033 0.0 
  11.532 0.0    0.035 0.0 
  11.562 0.0    0.037 0.0 
  11.591 0.0    0.040 0.0 
  11.622 0.0    0.042 0.0 
  11.652 0.0    0.044 0.0 
  11.683 0.0    0.045 0.0 
  11.713 0.0    0.047 0.0 
  11.743 0.0    0.048 0.0 
  11.775 0.0    0.049 0.0 
  11.804 0.0    0.051 0.0 
  11.834 0.0    0.052 0.0 
  11.868 0.0    0.052 0.0 
  11.896 0.0    0.053 0.0 
  11.929 0.0    0.053 0.0 
  11.956 0.0    0.053 0.0 
  11.986 0.0    0.054 0.0 
  12.016 0.0    0.054 0.0 
  12.050 0.0    0.054 0.0 
  12.080 0.0    0.053 0.0 
  12.110 0.0    0.053 0.0 
  12.141 0.0    0.053 0.0 
  12.171 0.0    0.052 0.0 
  12.201 0.0    0.052 0.0 
  12.228 0.0    0.050 0.0 
  12.262 0.0    0.049 0.0 
  12.291 0.0    0.048 0.0 
  12.319 0.0    0.047 0.0 
  12.349 0.0    0.046 0.0 
  12.383 0.0    0.045 0.0 
  12.409 0.0    0.043 0.0 
  12.440 0.0    0.042 0.0 
  12.470 0.0    0.041 0.0 
  12.500 0.0    0.039 0.0 
  12.530 0.0    0.038 0.0 
  12.561 0.0    0.036 0.0 
  12.591 0.0    0.035 0.0 
  12.627 0.0    0.034 0.0 
  12.651 0.0    0.032 0.0 
  12.682 0.0    0.031 0.0 
  12.711 0.0    0.029 0.0 
  12.742 0.0    0.028 0.0 
  12.772 0.0    0.025 0.0 
  12.802 0.0    0.022 0.0 
  12.833 0.0    0.020 0.0 
  12.864 0.0    0.017 0.0 
  12.894 0.0    0.015 0.0 
  12.924 0.0    0.012 0.0 
  12.953 0.0    0.010 0.0 
  12.984 0.0    0.007 0.0 
  13.015 0.0    0.003 0.0 
  13.045 0.0   -0.000 0.0 
  13.081 0.0   -0.003 0.0 
  13.105 0.0   -0.006 0.0 
  13.135 0.0   -0.008 0.0 
  13.166 0.0   -0.011 0.0 
  13.195 0.0   -0.013 0.0 
  13.227 0.0   -0.016 0.0 
  13.257 0.0   -0.019 0.0 
  13.288 0.0   -0.021 0.0 
  13.318 0.0   -0.023 0.0 
  13.348 0.0   -0.025 0.0 
  13.377 0.0   -0.027 0.0 
  13.407 0.0   -0.028 0.0 
  13.438 0.0   -0.030 0.0 
  13.468 0.0   -0.032 0.0 
  13.499 0.0   -0.033 0.0 
  13.530 0.0   -0.035 0.0 
  13.560 0.0   -0.037 0.0 
  13.590 0.0   -0.038 0.0 
  13.620 0.0   -0.040 0.0 
  13.650 0.0   -0.041 0.0 
  13.680 0.0   -0.042 0.0 
  13.711 0.0   -0.044 0.0 
  13.742 0.0   -0.045 0.0 
  13.771 0.0   -0.046 0.0 
  13.801 0.0   -0.047 0.0 
  13.832 0.0   -0.048 0.0 
  13.862 0.0   -0.049 0.0 
  13.892 0.0   -0.050 0.0 
  13.927 0.0   -0.050 0.0 
  13.953 0.0   -0.051 0.0 
  13.986 0.0   -0.051 0.0 
  14.018 0.0   -0.052 0.0 
  14.048 0.0   -0.052 0.0 
  14.075 0.0   -0.052 0.0 
  14.104 0.0   -0.052 0.0 
  14.135 0.0   -0.052 0.0 
  14.166 0.0   -0.051 0.0 
  14.199 0.0   -0.051 0.0 
  14.226 0.0   -0.050 0.0 
  14.260 0.0   -0.050 0.0 
  14.291 0.0   -0.049 0.0 
  14.321 0.0   -0.048 0.0 
  14.347 0.0   -0.047 0.0 
  14.377 0.0   -0.046 0.0 
  14.407 0.0   -0.045 0.0 
  14.437 0.0   -0.044 0.0 
  14.467 0.0   -0.042 0.0 
  14.497 0.0   -0.041 0.0 
  14.528 0.0   -0.040 0.0 
  14.559 0.0   -0.038 0.0 
  14.592 0.0   -0.036 0.0 
  14.618 0.0   -0.034 0.0 
  14.653 0.0   -0.031 0.0 
  14.682 0.0   -0.028 0.0 
  14.710 0.0   -0.024 0.0 
  14.743 0.0   -0.020 0.0 
  14.769 0.0   -0.015 0.0 
  14.801 0.0   -0.011 0.0 
  14.830 0.0   -0.007 0.0 
  14.860 0.0   -0.002 0.0 
  14.890 0.0    0.002 0.0 
  14.920 0.0    0.005 0.0 
  14.952 0.0    0.008 0.0 
  14.980 0.0    0.011 0.0 
  15.012 0.0    0.012 0.0 
  15.042 0.0    0.014 0.0 
  15.072 0.0    0.015 0.0 
  15.103 0.0    0.017 0.0 
  15.135 0.0    0.019 0.0 
  15.163 0.0    0.020 0.0 
  15.194 0.0    0.022 0.0 
  15.224 0.0    0.023 0.0 
  15.254 0.0    0.024 0.0 
  15.284 0.0    0.026 0.0 
  15.314 0.0    0.027 0.0 
  15.346 0.0    0.029 0.0 
  15.375 0.0    0.030 0.0 
  15.405 0.0    0.031 0.0 
  15.436 0.0    0.032 0.0 
  15.466 0.0    0.034 0.0 
  15.495 0.0    0.035 0.0 
  15.527 0.0    0.036 0.0 
  15.557 0.0    0.037 0.0 
  15.587 0.0    0.038 0.0 
  15.617 0.0    0.039 0.0 
  15.648 0.0    0.041 0.0 
  15.677 0.0    0.042 0.0 
  15.708 0.0    0.043 0.0 
  15.738 0.0    0.044 0.0 
  15.770 0.0    0.045 0.0 
  15.800 0.0    0.046 0.0 
  15.829 0.0    0.047 0.0 
  15.859 0.0    0.048 0.0 
  15.889 0.0    0.048 0.0 
  15.919 0.0    0.049 0.0 
  15.950 0.0    0.049 0.0 
  15.981 0.0    0.049 0.0 
  16.012 0.0    0.050 0.0 
  16.041 0.0    0.050 0.0 
  16.071 0.0    0.050 0.0 
  16.101 0.0    0.050 0.0 
  16.132 0.0    0.049 0.0 
  16.161 0.0    0.049 0.0 
  16.192 0.0    0.048 0.0 
  16.223 0.0    0.046 0.0 
  16.253 0.0    0.045 0.0 
  16.283 0.0    0.043 0.0 
  16.313 0.0    0.041 0.0 
  16.344 0.0    0.040 0.0 
  16.374 0.0    0.038 0.0 
  16.404 0.0    0.036 0.0 
  16.440 0.0    0.034 0.0 
  16.466 0.0    0.032 0.0 
  16.495 0.0    0.030 0.0 
  16.526 0.0    0.029 0.0 
  16.555 0.0    0.027 0.0 
  16.585 0.0    0.026 0.0 
  16.621 0.0    0.024 0.0 
  16.646 0.0    0.023 0.0 
  16.677 0.0    0.021 0.0 
  16.707 0.0    0.020 0.0 
  16.737 0.0    0.018 0.0 
  16.767 0.0    0.017 0.0 
  16.799 0.0    0.015 0.0 
  16.829 0.0    0.013 0.0 
  16.859 0.0    0.011 0.0 
  16.889 0.0    0.009 0.0 
  16.919 0.0    0.006 0.0 
  16.949 0.0    0.004 0.0 
  16.979 0.0   -0.000 0.0 
  17.009 0.0   -0.004 0.0 
  17.041 0.0   -0.008 0.0 
  17.071 0.0   -0.011 0.0 
  17.101 0.0   -0.015 0.0 
  17.131 0.0   -0.018 0.0 
  17.162 0.0   -0.022 0.0 
  17.191 0.0   -0.024 0.0 
  17.222 0.0   -0.026 0.0 
  17.252 0.0   -0.029 0.0 
  17.283 0.0   -0.030 0.0 
  17.313 0.0   -0.031 0.0 
  17.347 0.0   -0.032 0.0 
  17.373 0.0   -0.033 0.0 
  17.403 0.0   -0.034 0.0 
  17.434 0.0   -0.035 0.0 
  17.463 0.0   -0.036 0.0 
  17.494 0.0   -0.037 0.0 
  17.525 0.0   -0.038 0.0 
  17.554 0.0   -0.039 0.0 
  17.585 0.0   -0.039 0.0 
  17.615 0.0   -0.040 0.0 
  17.646 0.0   -0.041 0.0 
  17.677 0.0   -0.041 0.0 
  17.711 0.0   -0.042 0.0 
  17.736 0.0   -0.043 0.0 
  17.767 0.0   -0.043 0.0 
  17.796 0.0   -0.044 0.0 
  17.827 0.0   -0.044 0.0 
  17.858 0.0   -0.044 0.0 
  17.887 0.0   -0.045 0.0 
  17.923 0.0   -0.045 0.0 
  17.948 0.0   -0.045 0.0 
  17.979 0.0   -0.046 0.0 
  18.009 0.0   -0.046 0.0 
  18.039 0.0   -0.046 0.0 
  18.069 0.0   -0.046 0.0 
  18.099 0.0   -0.045 0.0 
  18.130 0.0   -0.044 0.0 
  18.160 0.0   -0.044 0.0 
  18.190 0.0   -0.043 0.0 
  18.222 0.0   -0.042 0.0 
  18.251 0.0   -0.041 0.0 
  18.280 0.0   -0.040 0.0 
  18.311 0.0   -0.039 0.0 
  18.341 0.0   -0.038 0.0 
  18.371 0.0   -0.036 0.0 
  18.401 0.0   -0.035 0.0 
  18.432 0.0   -0.034 0.0 
  18.463 0.0   -0.033 0.0 
  18.493 0.0   -0.031 0.0 
  18.523 0.0   -0.030 0.0 
  18.553 0.0   -0.028 0.0 
  18.587 0.0   -0.027 0.0 
  18.614 0.0   -0.025 0.0 
  18.645 0.0   -0.024 0.0 
  18.678 0.0   -0.023 0.0 
  18.705 0.0   -0.021 0.0 
  18.737 0.0   -0.020 0.0 
  18.765 0.0   -0.017 0.0 
  18.795 0.0   -0.015 0.0 
  18.826 0.0   -0.013 0.0 
  18.855 0.0   -0.010 0.0 
  18.886 0.0   -0.008 0.0 
  18.916 0.0   -0.005 0.0 
  18.947 0.0   -0.003 0.0 
  18.977 0.0   -0.000 0.0 
  19.007 0.0    0.002 0.0 
  19.037 0.0    0.005 0.0 
  19.068 0.0    0.006 0.0 
  19.098 0.0    0.009 0.0 
  19.128 0.0    0.011 0.0 
  19.158 0.0    0.013 0.0 
  19.188 0.0    0.015 0.0 
  19.219 0.0    0.018 0.0 
  19.248 0.0    0.020 0.0 
  19.279 0.0    0.022 0.0 
  19.310 0.0    0.024 0.0 
  19.340 0.0    0.026 0.0 
  19.370 0.0    0.028 0.0 
  19.401 0.0    0.029 0.0 
  19.432 0.0    0.030 0.0 
  19.461 0.0    0.031 0.0 
  19.491 0.0    0.032 0.0 
  19.522 0.0    0.033 0.0 
  19.552 0.0    0.034 0.0 
  19.582 0.0    0.035 0.0 
  19.612 0.0    0.036 0.0 
  19.643 0.0    0.036 0.0 
  19.673 0.0    0.037 0.0 
  19.703 0.0    0.038 0.0 
  19.734 0.0    0.038 0.0 
  19.764 0.0    0.039 0.0 
  19.795 0.0    0.040 0.0 
  19.825 0.0    0.040 0.0 
  19.855 0.0    0.041 0.0 
  19.886 0.0    0.041 0.0 
  19.916 0.0    0.042 0.0 
  19.945 0.0    0.042 0.0 
  19.975 0.0    0.042 0.0 
  20.006 0.0    0.042 0.0 
  20.036 0.0    0.041 0.0 
  20.066 0.0    0.041 0.0 
  20.097 0.0    0.040 0.0 
  20.127 0.0    0.039 0.0 
  20.158 0.0    0.039 0.0 
  20.187 0.0    0.038 0.0 
  20.218 0.0    0.037 0.0 
  20.249 0.0    0.036 0.0 
  20.279 0.0    0.035 0.0 
  20.309 0.0    0.034 0.0 
  20.339 0.0    0.033 0.0 
  20.370 0.0    0.032 0.0 
  20.400 0.0    0.031 0.0 
  20.429 0.0    0.030 0.0 
  20.460 0.0    0.029 0.0 
  20.490 0.0    0.028 0.0 
  20.521 0.0    0.027 0.0 
  20.551 0.0    0.025 0.0 
  20.581 0.0    0.024 0.0 
  20.611 0.0    0.022 0.0 
  20.641 0.0    0.020 0.0 
  20.672 0.0    0.018 0.0 
  20.701 0.0    0.016 0.0 
  20.733 0.0    0.014 0.0 
  20.762 0.0    0.012 0.0 
  20.792 0.0    0.010 0.0 
  20.823 0.0    0.008 0.0 
  20.854 0.0    0.006 0.0 
  20.883 0.0    0.004 0.0 
  20.914 0.0    0.003 0.0 
  20.944 0.0    0.001 0.0 
  20.974 0.0   -0.000 0.0 
  21.005 0.0   -0.002 0.0 
  21.036 0.0   -0.003 0.0 
  21.065 0.0   -0.005 0.0 
  21.096 0.0   -0.006 0.0 
  21.126 0.0   -0.008 0.0 
  21.156 0.0   -0.009 0.0 
  21.186 0.0   -0.011 0.0 
  21.217 0.0   -0.012 0.0 
  21.247 0.0   -0.014 0.0 
  21.277 0.0   -0.016 0.0 
  21.309 0.0   -0.018 0.0 
  21.338 0.0   -0.020 0.0 
  21.368 0.0   -0.022 0.0 
  21.398 0.0   -0.024 0.0 
  21.429 0.0   -0.025 0.0 
  21.459 0.0   -0.027 0.0 
  21.489 0.0   -0.029 0.0 
  21.520 0.0   -0.030 0.0 
  21.550 0.0   -0.032 0.0 
  21.580 0.0   -0.032 0.0 
  21.610 0.0   -0.033 0.0 
  21.640 0.0   -0.034 0.0 
  21.671 0.0   -0.034 0.0 
  21.701 0.0   -0.035 0.0 
  21.731 0.0   -0.036 0.0 
  21.762 0.0   -0.036 0.0 
  21.792 0.0   -0.037 0.0 
  21.822 0.0   -0.037 0.0 
  21.852 0.0   -0.037 0.0 
  21.882 0.0   -0.038 0.0 
  21.912 0.0   -0.038 0.0 
  21.944 0.0   -0.038 0.0 
  21.974 0.0   -0.038 0.0 
  22.003 0.0   -0.037 0.0 
  22.034 0.0   -0.037 0.0 
  22.064 0.0   -0.036 0.0 
  22.094 0.0   -0.035 0.0 
  22.124 0.0   -0.034 0.0 
  22.155 0.0   -0.033 0.0 
  22.185 0.0   -0.031 0.0 
  22.215 0.0   -0.030 0.0 
  22.245 0.0   -0.029 0.0 
  22.276 0.0   -0.028 0.0 
  22.306 0.0   -0.027 0.0 
  22.336 0.0   -0.026 0.0 
  22.366 0.0   -0.025 0.0 
  22.397 0.0   -0.024 0.0 
  22.427 0.0   -0.023 0.0 
  22.458 0.0   -0.022 0.0 
  22.488 0.0   -0.021 0.0 
  22.518 0.0   -0.019 0.0 
  22.548 0.0   -0.018 0.0 
  22.578 0.0   -0.017 0.0 
  22.608 0.0   -0.016 0.0 
  22.639 0.0   -0.015 0.0 
  22.669 0.0   -0.013 0.0 
  22.699 0.0   -0.012 0.0 
  22.730 0.0   -0.011 0.0 
  22.760 0.0   -0.010 0.0 
  22.790 0.0   -0.009 0.0 
  22.821 0.0   -0.007 0.0 
  22.851 0.0   -0.005 0.0 
  22.881 0.0   -0.003 0.0 
  22.912 0.0   -0.001 0.0 
  22.941 0.0    0.001 0.0 
  22.972 0.0    0.003 0.0 
  23.002 0.0    0.005 0.0 
  23.032 0.0    0.007 0.0 
  23.063 0.0    0.009 0.0 
  23.093 0.0    0.011 0.0 
  23.123 0.0    0.013 0.0 
  23.155 0.0    0.014 0.0 
  23.184 0.0    0.015 0.0 
  23.214 0.0    0.016 0.0 
  23.244 0.0    0.018 0.0 
  23.275 0.0    0.019 0.0 
  23.305 0.0    0.020 0.0 
  23.335 0.0    0.021 0.0 
  23.365 0.0    0.023 0.0 
  23.396 0.0    0.024 0.0 
  23.426 0.0    0.025 0.0 
  23.456 0.0    0.026 0.0 
  23.486 0.0    0.027 0.0 
  23.517 0.0    0.028 0.0 
  23.547 0.0    0.029 0.0 
  23.577 0.0    0.030 0.0 
  23.607 0.0    0.031 0.0 
  23.638 0.0    0.032 0.0 
  23.668 0.0    0.033 0.0 
  23.699 0.0    0.033 0.0 
  23.729 0.0    0.034 0.0 
  23.759 0.0    0.035 0.0 
  23.789 0.0    0.035 0.0 
  23.819 0.0    0.035 0.0 
  23.849 0.0    0.036 0.0 
  23.880 0.0    0.036 0.0 
  23.910 0.0    0.036 0.0 
  23.941 0.0    0.036 0.0 
  23.970 0.0    0.036 0.0 
  24.001 0.0    0.035 0.0 
  24.032 0.0    0.035 0.0 
  24.061 0.0    0.035 0.0 
  24.092 0.0    0.034 0.0 
  24.122 0.0    0.034 0.0 
  24.152 0.0    0.032 0.0 
  24.183 0.0    0.031 0.0 
  24.213 0.0    0.029 0.0 
  24.243 0.0    0.028 0.0 
  24.273 0.0    0.026 0.0 
  24.304 0.0    0.024 0.0 
  24.334 0.0    0.023 0.0 
  24.365 0.0    0.021 0.0 
  24.395 0.0    0.019 0.0 
  24.425 0.0    0.018 0.0 
  24.455 0.0    0.017 0.0 
  24.490 0.0    0.016 0.0 
  24.517 0.0    0.015 0.0 
  24.549 0.0    0.014 0.0 
  24.578 0.0    0.013 0.0 
  24.608 0.0    0.012 0.0 
  24.637 0.0    0.011 0.0 
  24.667 0.0    0.010 0.0 
  24.697 0.0    0.009 0.0 
  24.728 0.0    0.008 0.0 
  24.757 0.0    0.007 0.0 
  24.788 0.0    0.005 0.0 
  24.818 0.0    0.004 0.0 
  24.849 0.0    0.002 0.0 
  24.880 0.0    0.001 0.0 
  24.910 0.0   -0.001 0.0 
  24.939 0.0   -0.002 0.0 
  24.969 0.0   -0.004 0.0 
  25.000 0.0   -0.005 0.0 
  25.031 0.0   -0.007 0.0 
  25.060 0.0   -0.008 0.0 
  25.091 0.0   -0.010 0.0 
  25.121 0.0   -0.011 0.0 
  25.151 0.0   -0.012 0.0 
  25.182 0.0   -0.013 0.0 
  25.212 0.0   -0.015 0.0 
  25.242 0.0   -0.016 0.0 
  25.272 0.0   -0.018 0.0 
  25.303 0.0   -0.020 0.0 
  25.334 0.0   -0.022 0.0 
  25.363 0.0   -0.024 0.0 
  25.394 0.0   -0.026 0.0 
  25.424 0.0   -0.027 0.0 
  25.454 0.0   -0.029 0.0 
  25.485 0.0   -0.030 0.0 
  25.515 0.0   -0.031 0.0 
  25.545 0.0   -0.032 0.0 
  25.576 0.0   -0.032 0.0 
  25.605 0.0   -0.032 0.0 
  25.636 0.0   -0.032 0.0 
  25.671 0.0   -0.032 0.0 
  25.700 0.0   -0.032 0.0 
  25.727 0.0   -0.033 0.0 
  25.757 0.0   -0.033 0.0 
  25.792 0.0   -0.033 0.0 
  25.821 0.0   -0.033 0.0 
  25.848 0.0   -0.033 0.0 
  25.878 0.0   -0.033 0.0 
  25.908 0.0   -0.032 0.0 
  25.938 0.0   -0.032 0.0 
  25.969 0.0   -0.032 0.0 
  25.999 0.0   -0.032 0.0 
  26.029 0.0   -0.031 0.0 
  26.059 0.0   -0.031 0.0 
  26.090 0.0   -0.030 0.0 
  26.121 0.0   -0.029 0.0 
  26.151 0.0   -0.028 0.0 
  26.181 0.0   -0.028 0.0 
  26.212 0.0   -0.027 0.0 
  26.241 0.0   -0.026 0.0 
  26.271 0.0   -0.025 0.0 
  26.301 0.0   -0.023 0.0 
  26.333 0.0   -0.023 0.0 
  26.362 0.0   -0.022 0.0 
  26.392 0.0   -0.021 0.0 
  26.423 0.0   -0.020 0.0 
  26.453 0.0   -0.019 0.0 
  26.483 0.0   -0.019 0.0 
  26.514 0.0   -0.018 0.0 
  26.544 0.0   -0.017 0.0 
  26.574 0.0   -0.015 0.0 
  26.605 0.0   -0.014 0.0 
  26.635 0.0   -0.013 0.0 
  26.665 0.0   -0.011 0.0 
  26.695 0.0   -0.010 0.0 
  26.725 0.0   -0.008 0.0 
  26.756 0.0   -0.007 0.0 
  26.786 0.0   -0.005 0.0 
  26.817 0.0   -0.003 0.0 
  26.847 0.0   -0.001 0.0 
  26.877 0.0    0.000 0.0 
  26.907 0.0    0.002 0.0 
  26.938 0.0    0.003 0.0 
  26.968 0.0    0.004 0.0 
  26.998 0.0    0.006 0.0 
  27.028 0.0    0.007 0.0 
  27.059 0.0    0.009 0.0 
  27.089 0.0    0.010 0.0 
  27.119 0.0    0.011 0.0 
  27.150 0.0    0.012 0.0 
  27.180 0.0    0.014 0.0 
  27.209 0.0    0.015 0.0 
  27.241 0.0    0.017 0.0 
  27.270 0.0    0.018 0.0 
  27.301 0.0    0.020 0.0 
  27.331 0.0    0.021 0.0 
  27.361 0.0    0.022 0.0 
  27.392 0.0    0.024 0.0 
  27.422 0.0    0.025 0.0 
  27.453 0.0    0.026 0.0 
  27.482 0.0    0.027 0.0 
  27.513 0.0    0.027 0.0 
  27.543 0.0    0.028 0.0 
  27.574 0.0    0.028 0.0 
  27.603 0.0    0.029 0.0 
  27.634 0.0    0.029 0.0 
  27.665 0.0    0.029 0.0 
  27.694 0.0    0.029 0.0 
  27.724 0.0    0.029 0.0 
  27.755 0.0    0.029 0.0 
  27.786 0.0    0.029 0.0 
  27.815 0.0    0.029 0.0 
  27.846 0.0    0.029 0.0 
  27.877 0.0    0.029 0.0 
  27.907 0.0    0.029 0.0 
  27.937 0.0    0.029 0.0 
  27.967 0.0    0.029 0.0 
  27.997 0.0    0.028 0.0 
  28.028 0.0    0.028 0.0 
  28.058 0.0    0.027 0.0 
  28.088 0.0    0.027 0.0 
  28.118 0.0    0.026 0.0 
  28.148 0.0    0.026 0.0 
  28.179 0.0    0.025 0.0 
  28.210 0.0    0.024 0.0 
  28.240 0.0    0.024 0.0 
  28.270 0.0    0.023 0.0 
  28.300 0.0    0.022 0.0 
  28.330 0.0    0.021 0.0 
  28.361 0.0    0.019 0.0 
  28.391 0.0    0.017 0.0 
  28.422 0.0    0.015 0.0 
  28.451 0.0    0.013 0.0 
  28.482 0.0    0.011 0.0 
  28.512 0.0    0.009 0.0 
  28.544 0.0    0.007 0.0 
  28.573 0.0    0.005 0.0 
  28.603 0.0    0.003 0.0 
  28.633 0.0    0.001 0.0 
  28.663 0.0    0.000 0.0 
  28.694 0.0   -0.001 0.0 
  28.724 0.0   -0.002 0.0 
  28.754 0.0   -0.003 0.0 
  28.784 0.0   -0.004 0.0 
  28.815 0.0   -0.004 0.0 
  28.845 0.0   -0.005 0.0 
  28.875 0.0   -0.006 0.0 
  28.906 0.0   -0.007 0.0 
  28.937 0.0   -0.008 0.0 
  28.968 0.0   -0.009 0.0 
  28.996 0.0   -0.010 0.0 
  29.026 0.0   -0.011 0.0 
  29.057 0.0   -0.012 0.0 
  29.087 0.0   -0.013 0.0 
  29.118 0.0   -0.014 0.0 
  29.148 0.0   -0.015 0.0 
  29.179 0.0   -0.016 0.0 
  29.208 0.0   -0.018 0.0 
  29.239 0.0   -0.019 0.0 
  29.270 0.0   -0.020 0.0 
  29.299 0.0   -0.021 0.0 
  29.330 0.0   -0.022 0.0 
  29.361 0.0   -0.023 0.0 
  29.390 0.0   -0.024 0.0 
  29.420 0.0   -0.025 0.0 
  29.450 0.0   -0.025 0.0 
  29.481 0.0   -0.025 0.0 
  29.511 0.0   -0.026 0.0 
  29.541 0.0   -0.026 0.0 
  29.572 0.0   -0.026 0.0 
  29.603 0.0   -0.026 0.0 
  29.637 0.0   -0.027 0.0 
  29.663 0.0   -0.027 0.0 
  29.693 0.0   -0.027 0.0 
  29.724 0.0   -0.027 0.0 
  29.754 0.0   -0.027 0.0 
  29.784 0.0   -0.027 0.0 
  29.814 0.0   -0.027 0.0 
  29.845 0.0   -0.027 0.0 
  29.874 0.0   -0.027 0.0 
  29.905 0.0   -0.026 0.0 
  29.935 0.0   -0.026 0.0 
  29.966 0.0   -0.025 0.0 
  29.996 0.0   -0.025 0.0 
  30.026 0.0   -0.024 0.0 
  30.057 0.0   -0.023 0.0 
  30.090 0.0   -0.021 0.0 
  30.117 0.0   -0.020 0.0 
  30.151 0.0   -0.019 0.0 
  30.177 0.0   -0.018 0.0 
  30.209 0.0   -0.017 0.0 
  30.239 0.0   -0.015 0.0 
  30.269 0.0   -0.014 0.0 
  30.299 0.0   -0.013 0.0 
  30.330 0.0   -0.012 0.0 
  30.359 0.0   -0.012 0.0 
  30.390 0.0   -0.011 0.0 
  30.420 0.0   -0.010 0.0 
  30.450 0.0   -0.010 0.0 
  30.484 0.0   -0.009 0.0 
  30.511 0.0   -0.008 0.0 
  30.541 0.0   -0.007 0.0 
  30.572 0.0   -0.006 0.0 
  30.605 0.0   -0.005 0.0 
  30.632 0.0   -0.004 0.0 
  30.662 0.0   -0.004 0.0 
  30.693 0.0   -0.003 0.0 
  30.725 0.0   -0.002 0.0 
  30.755 0.0   -0.001 0.0 
  30.784 0.0    0.001 0.0 
  30.814 0.0    0.002 0.0 
  30.844 0.0    0.003 0.0 
  30.874 0.0    0.004 0.0 
  30.908 0.0    0.005 0.0 
  30.935 0.0    0.006 0.0 
  30.965 0.0    0.007 0.0 
  30.998 0.0    0.009 0.0 
  31.025 0.0    0.010 0.0 
  31.055 0.0    0.011 0.0 
  31.086 0.0    0.012 0.0 
  31.116 0.0    0.013 0.0 
  31.146 0.0    0.014 0.0 
  31.176 0.0    0.016 0.0 
  31.208 0.0    0.017 0.0 
  31.237 0.0    0.018 0.0 
  31.267 0.0    0.019 0.0 
  31.297 0.0    0.020 0.0 
  31.328 0.0    0.020 0.0 
  31.358 0.0    0.021 0.0 
  31.389 0.0    0.022 0.0 
  31.419 0.0    0.022 0.0 
  31.448 0.0    0.022 0.0 
  31.479 0.0    0.023 0.0 
  31.510 0.0    0.023 0.0 
  31.539 0.0    0.023 0.0 
  31.570 0.0    0.024 0.0 
  31.599 0.0    0.024 0.0 
  31.630 0.0    0.024 0.0 
  31.660 0.0    0.025 0.0 
  31.691 0.0    0.025 0.0 
  31.721 0.0    0.025 0.0 
  31.751 0.0    0.025 0.0 
  31.782 0.0    0.025 0.0 
  31.812 0.0    0.024 0.0 
  31.844 0.0    0.024 0.0 
  31.873 0.0    0.024 0.0 
  31.904 0.0    0.023 0.0 
  31.933 0.0    0.023 0.0 
  31.964 0.0    0.022 0.0 
  31.994 0.0    0.021 0.0 
  32.024 0.0    0.020 0.0 
  32.055 0.0    0.019 0.0 
  32.084 0.0    0.018 0.0 
  32.114 0.0    0.016 0.0 
  32.145 0.0    0.015 0.0 
  32.175 0.0    0.014 0.0 
  32.205 0.0    0.013 0.0 
  32.236 0.0    0.012 0.0 
  32.266 0.0    0.012 0.0 
  32.297 0.0    0.011 0.0 
  32.327 0.0    0.010 0.0 
  32.357 0.0    0.010 0.0 
  32.388 0.0    0.009 0.0 
  32.418 0.0    0.008 0.0 
  32.448 0.0    0.007 0.0 
  32.478 0.0    0.006 0.0 
  32.508 0.0    0.006 0.0 
  32.539 0.0    0.005 0.0 
  32.569 0.0    0.004 0.0 
  32.599 0.0    0.003 0.0 
  32.630 0.0    0.002 0.0 
  32.660 0.0    0.001 0.0 
  32.689 0.0    0.001 0.0 
  32.721 0.0   -0.000 0.0 
  32.751 0.0   -0.001 0.0 
  32.781 0.0   -0.002 0.0 
  32.811 0.0   -0.003 0.0 
  32.841 0.0   -0.004 0.0 
  32.871 0.0   -0.005 0.0 
  32.902 0.0   -0.006 0.0 
  32.932 0.0   -0.008 0.0 
  32.962 0.0   -0.009 0.0 
  32.992 0.0   -0.011 0.0 
  33.023 0.0   -0.012 0.0 
  33.053 0.0   -0.013 0.0 
  33.084 0.0   -0.014 0.0 
  33.114 0.0   -0.016 0.0 
  33.143 0.0   -0.017 0.0 
  33.174 0.0   -0.018 0.0 
  33.205 0.0   -0.019 0.0 
  33.234 0.0   -0.019 0.0 
  33.265 0.0   -0.020 0.0 
  33.295 0.0   -0.020 0.0 
  33.325 0.0   -0.020 0.0 
  33.356 0.0   -0.021 0.0 
  33.386 0.0   -0.021 0.0 
  33.416 0.0   -0.021 0.0 
  33.447 0.0   -0.021 0.0 
  33.477 0.0   -0.021 0.0 
  33.507 0.0   -0.021 0.0 
  33.537 0.0   -0.021 0.0 
  33.568 0.0   -0.021 0.0 
  33.598 0.0   -0.021 0.0 
  33.629 0.0   -0.021 0.0 
  33.659 0.0   -0.020 0.0 
  33.688 0.0   -0.020 0.0 
  33.719 0.0   -0.019 0.0 
  33.749 0.0   -0.019 0.0 
  33.779 0.0   -0.019 0.0 
  33.810 0.0   -0.018 0.0 
  33.840 0.0   -0.018 0.0 
  33.870 0.0   -0.017 0.0 
  33.900 0.0   -0.017 0.0 
  33.931 0.0   -0.016 0.0 
  33.963 0.0   -0.016 0.0 
  33.993 0.0   -0.015 0.0 
  34.023 0.0   -0.015 0.0 
  34.052 0.0   -0.014 0.0 
  34.082 0.0   -0.014 0.0 
  34.113 0.0   -0.013 0.0 
  34.143 0.0   -0.012 0.0 
  34.174 0.0   -0.012 0.0 
  34.209 0.0   -0.011 0.0 
  34.235 0.0   -0.011 0.0 
  34.264 0.0   -0.010 0.0 
  34.294 0.0   -0.009 0.0 
  34.325 0.0   -0.009 0.0 
  34.355 0.0   -0.008 0.0 
  34.385 0.0   -0.007 0.0 
  34.415 0.0   -0.007 0.0 
  34.446 0.0   -0.006 0.0 
  34.477 0.0   -0.005 0.0 
  34.509 0.0   -0.005 0.0 
  34.537 0.0   -0.004 0.0 
  34.567 0.0   -0.003 0.0 
  34.597 0.0   -0.002 0.0 
  34.627 0.0   -0.001 0.0 
  34.657 0.0   -0.001 0.0 
  34.688 0.0    0.000 0.0 
  34.718 0.0    0.002 0.0 
  34.748 0.0    0.003 0.0 
  34.778 0.0    0.004 0.0 
  34.809 0.0    0.005 0.0 
  34.838 0.0    0.006 0.0 
  34.868 0.0    0.007 0.0 
  34.899 0.0    0.008 0.0 
  34.929 0.0    0.009 0.0 
  34.960 0.0    0.010 0.0 
  34.989 0.0    0.011 0.0 
  35.020 0.0    0.012 0.0 
  35.050 0.0    0.013 0.0 
  35.081 0.0    0.014 0.0 
  35.111 0.0    0.015 0.0 
  35.141 0.0    0.015 0.0 
  35.171 0.0    0.016 0.0 
  35.202 0.0    0.017 0.0 
  35.232 0.0    0.018 0.0 
  35.262 0.0    0.018 0.0 
  35.292 0.0    0.019 0.0 
  35.323 0.0    0.019 0.0 
  35.352 0.0    0.020 0.0 
  35.383 0.0    0.020 0.0 
  35.414 0.0    0.020 0.0 
  35.443 0.0    0.021 0.0 
  35.474 0.0    0.021 0.0 
  35.505 0.0    0.021 0.0 
  35.534 0.0    0.021 0.0 
  35.564 0.0    0.021 0.0 
  35.595 0.0    0.021 0.0 
  35.625 0.0    0.021 0.0 
  35.656 0.0    0.021 0.0 
  35.686 0.0    0.021 0.0 
  35.717 0.0    0.021 0.0 
  35.746 0.0    0.020 0.0 
  35.777 0.0    0.020 0.0 
  35.807 0.0    0.020 0.0 
  35.838 0.0    0.019 0.0 
  35.868 0.0    0.019 0.0 
  35.898 0.0    0.018 0.0 
  35.929 0.0    0.018 0.0 
  35.959 0.0    0.017 0.0 
  35.990 0.0    0.016 0.0 
  36.019 0.0    0.015 0.0 
  36.049 0.0    0.014 0.0 
  36.079 0.0    0.013 0.0 
  36.110 0.0    0.013 0.0 
  36.140 0.0    0.012 0.0 
  36.171 0.0    0.011 0.0 
  36.201 0.0    0.010 0.0 
  36.231 0.0    0.009 0.0 
  36.262 0.0    0.008 0.0 
  36.292 0.0    0.007 0.0 
  36.322 0.0    0.006 0.0 
  36.352 0.0    0.005 0.0 
  36.382 0.0    0.004 0.0 
  36.413 0.0    0.003 0.0 
  36.444 0.0    0.002 0.0 
  36.473 0.0    0.001 0.0 
  36.504 0.0   -0.000 0.0 
  36.533 0.0   -0.001 0.0 
  36.566 0.0   -0.002 0.0 
  36.594 0.0   -0.003 0.0 
  36.625 0.0   -0.003 0.0 
  36.655 0.0   -0.004 0.0 
  36.685 0.0   -0.005 0.0 
  36.715 0.0   -0.006 0.0 
  36.746 0.0   -0.006 0.0 
  36.776 0.0   -0.007 0.0 
  36.807 0.0   -0.008 0.0 
  36.837 0.0   -0.008 0.0 
  36.867 0.0   -0.009 0.0 
  36.897 0.0   -0.010 0.0 
  36.927 0.0   -0.010 0.0 
  36.958 0.0   -0.011 0.0 
  36.988 0.0   -0.012 0.0 
  37.019 0.0   -0.013 0.0 
  37.049 0.0   -0.014 0.0 
  37.079 0.0   -0.014 0.0 
  37.109 0.0   -0.015 0.0 
  37.139 0.0   -0.016 0.0 
  37.169 0.0   -0.017 0.0 
  37.200 0.0   -0.017 0.0 
  37.231 0.0   -0.018 0.0 
  37.261 0.0   -0.018 0.0 
  37.291 0.0   -0.018 0.0 
  37.321 0.0   -0.019 0.0 
  37.351 0.0   -0.019 0.0 
  37.382 0.0   -0.019 0.0 
  37.412 0.0   -0.019 0.0 
  37.442 0.0   -0.018 0.0 
  37.474 0.0   -0.018 0.0 
  37.507 0.0   -0.018 0.0 
  37.533 0.0   -0.018 0.0 
  37.633 0.0   -0.018 0.0 
  37.661 0.0   -0.018 0.0 
  37.681 0.0   -0.018 0.0 
  37.710 0.0   -0.017 0.0 
  37.741 0.0   -0.017 0.0 
  37.770 0.0   -0.017 0.0 
  37.802 0.0   -0.016 0.0 
  37.834 0.0   -0.016 0.0 
  37.867 0.0   -0.016 0.0 
  37.897 0.0   -0.015 0.0 
  37.927 0.0   -0.015 0.0 
  37.958 0.0   -0.014 0.0 
  37.988 0.0   -0.014 0.0 
  38.018 0.0   -0.013 0.0 
  38.048 0.0   -0.012 0.0 
  38.078 0.0   -0.012 0.0 
  38.108 0.0   -0.011 0.0 
  38.139 0.0   -0.010 0.0 
  38.169 0.0   -0.010 0.0 
  38.200 0.0   -0.009 0.0 
  38.229 0.0   -0.008 0.0 
  38.260 0.0   -0.007 0.0 
  38.291 0.0   -0.006 0.0 
  38.322 0.0   -0.005 0.0 
  38.352 0.0   -0.004 0.0 
  38.382 0.0   -0.003 0.0 
  38.411 0.0   -0.002 0.0 
  38.441 0.0   -0.001 0.0 
  38.472 0.0    0.000 0.0 
  38.503 0.0    0.001 0.0 
  38.537 0.0    0.002 0.0 
  38.563 0.0    0.003 0.0 
  38.593 0.0    0.004 0.0 
  38.627 0.0    0.005 0.0 
  38.653 0.0    0.005 0.0 
  38.683 0.0    0.006 0.0 
  38.713 0.0    0.006 0.0 
  38.744 0.0    0.007 0.0 
  38.774 0.0    0.007 0.0 
  38.805 0.0    0.008 0.0 
  38.834 0.0    0.009 0.0 
  38.865 0.0    0.009 0.0 
  38.895 0.0    0.010 0.0 
  38.926 0.0    0.011 0.0 
  38.957 0.0    0.011 0.0 
  38.986 0.0    0.012 0.0 
  39.017 0.0    0.013 0.0 
  39.047 0.0    0.013 0.0 
  39.077 0.0    0.014 0.0 
  39.107 0.0    0.014 0.0 
  39.138 0.0    0.014 0.0 
  39.168 0.0    0.015 0.0 
  39.198 0.0    0.015 0.0 
  39.229 0.0    0.015 0.0 
  39.259 0.0    0.016 0.0 
  39.290 0.0    0.016 0.0 
  39.320 0.0    0.016 0.0 
  39.350 0.0    0.016 0.0 
  39.380 0.0    0.017 0.0 
  39.415 0.0    0.017 0.0 
  39.445 0.0    0.017 0.0 
  39.471 0.0    0.017 0.0 
  39.502 0.0    0.017 0.0 
  39.535 0.0    0.017 0.0 
  39.562 0.0    0.016 0.0 
  39.593 0.0    0.016 0.0 
  39.622 0.0    0.015 0.0 
  39.653 0.0    0.015 0.0 
  39.683 0.0    0.014 0.0 
  39.713 0.0    0.014 0.0 
  39.743 0.0    0.013 0.0 
  39.772 0.0    0.012 0.0 
  39.803 0.0    0.012 0.0 
  39.834 0.0    0.011 0.0 
  39.864 0.0    0.011 0.0 
  39.894 0.0    0.010 0.0 
  39.925 0.0    0.010 0.0 
  39.954 0.0    0.009 0.0 
  39.984 0.0    0.009 0.0 
  40.015 0.0    0.009 0.0 
  40.045 0.0    0.008 0.0 
  40.076 0.0    0.008 0.0 
  40.105 0.0    0.007 0.0 
  40.136 0.0    0.007 0.0 
  40.166 0.0    0.006 0.0 
  40.196 0.0    0.006 0.0 
  40.227 0.0    0.005 0.0 
  40.257 0.0    0.004 0.0 
  40.288 0.0    0.003 0.0 
  40.318 0.0    0.003 0.0 
  40.349 0.0    0.002 0.0 
  40.383 0.0    0.001 0.0 
  40.408 0.0   -0.000 0.0 
  40.440 0.0   -0.001 0.0 
  40.469 0.0   -0.002 0.0 
  40.500 0.0   -0.003 0.0 
  40.530 0.0   -0.004 0.0 
  40.559 0.0   -0.005 0.0 
  40.590 0.0   -0.006 0.0 
  40.621 0.0   -0.006 0.0 
  40.650 0.0   -0.007 0.0 
  40.680 0.0   -0.008 0.0 
  40.711 0.0   -0.009 0.0 
  40.741 0.0   -0.010 0.0 
  40.772 0.0   -0.011 0.0 
  40.803 0.0   -0.011 0.0 
  40.832 0.0   -0.012 0.0 
  40.862 0.0   -0.012 0.0 
  40.892 0.0   -0.013 0.0 
  40.923 0.0   -0.013 0.0 
  40.953 0.0   -0.013 0.0 
  40.985 0.0   -0.013 0.0 
  41.014 0.0   -0.014 0.0 
  41.044 0.0   -0.014 0.0 
  41.078 0.0   -0.014 0.0 
  41.108 0.0   -0.014 0.0 
  41.134 0.0   -0.014 0.0 
  41.166 0.0   -0.014 0.0 
  41.198 0.0   -0.014 0.0 
  41.226 0.0   -0.014 0.0 
  41.256 0.0   -0.014 0.0 
  41.286 0.0   -0.014 0.0 
  41.316 0.0   -0.014 0.0 
  41.346 0.0   -0.014 0.0 
  41.377 0.0   -0.014 0.0 
  41.406 0.0   -0.014 0.0 
  41.437 0.0   -0.014 0.0 
  41.467 0.0   -0.014 0.0 
  41.498 0.0   -0.013 0.0 
  41.527 0.0   -0.013 0.0 
  41.558 0.0   -0.013 0.0 
  41.588 0.0   -0.013 0.0 
  41.618 0.0   -0.013 0.0 
  41.648 0.0   -0.012 0.0 
  41.680 0.0   -0.012 0.0 
  41.709 0.0   -0.012 0.0 
  41.739 0.0   -0.011 0.0 
  41.769 0.0   -0.011 0.0 
  41.800 0.0   -0.011 0.0 
  41.830 0.0   -0.010 0.0 
  41.860 0.0   -0.010 0.0 
  41.890 0.0   -0.009 0.0 
  41.921 0.0   -0.008 0.0 
  41.951 0.0   -0.008 0.0 
  41.982 0.0   -0.007 0.0 
  42.013 0.0   -0.006 0.0 
  42.045 0.0   -0.005 0.0 
  42.073 0.0   -0.004 0.0 
  42.103 0.0   -0.003 0.0 
  42.133 0.0   -0.002 0.0 
  42.163 0.0   -0.002 0.0 
  42.193 0.0   -0.001 0.0 
  42.223 0.0   -0.001 0.0 
  42.254 0.0   -0.000 0.0 
  42.283 0.0    0.000 0.0 
  42.315 0.0    0.001 0.0 
  42.345 0.0    0.001 0.0 
  42.375 0.0    0.002 0.0 
  42.405 0.0    0.002 0.0 
  42.436 0.0    0.003 0.0 
  42.465 0.0    0.003 0.0 
  42.497 0.0    0.004 0.0 
  42.528 0.0    0.005 0.0 
  42.557 0.0    0.006 0.0 
  42.587 0.0    0.006 0.0 
  42.617 0.0    0.007 0.0 
  42.647 0.0    0.008 0.0 
  42.677 0.0    0.009 0.0 
  42.707 0.0    0.010 0.0 
  42.740 0.0    0.010 0.0 
  42.768 0.0    0.011 0.0 
  42.802 0.0    0.012 0.0 
  42.828 0.0    0.012 0.0 
  42.858 0.0    0.013 0.0 
  42.889 0.0    0.013 0.0 
  42.925 0.0    0.013 0.0 
  42.950 0.0    0.013 0.0 
  42.981 0.0    0.013 0.0 
  43.011 0.0    0.014 0.0 
  43.041 0.0    0.014 0.0 
  43.070 0.0    0.014 0.0 
  43.101 0.0    0.014 0.0 
  43.132 0.0    0.014 0.0 
  43.161 0.0    0.014 0.0 
  43.192 0.0    0.014 0.0 
  43.222 0.0    0.014 0.0 
  43.252 0.0    0.013 0.0 
  43.282 0.0    0.013 0.0 
  43.312 0.0    0.013 0.0 
  43.343 0.0    0.012 0.0 
  43.373 0.0    0.012 0.0 
  43.404 0.0    0.012 0.0 
  43.434 0.0    0.011 0.0 
  43.464 0.0    0.011 0.0 
  43.494 0.0    0.011 0.0 
  43.524 0.0    0.010 0.0 
  43.555 0.0    0.010 0.0 
  43.586 0.0    0.010 0.0 
  43.615 0.0    0.009 0.0 
  43.646 0.0    0.009 0.0 
  43.676 0.0    0.008 0.0 
  43.706 0.0    0.008 0.0 
  43.737 0.0    0.008 0.0 
  43.767 0.0    0.007 0.0 
  43.797 0.0    0.007 0.0 
  43.828 0.0    0.006 0.0 
  43.861 0.0    0.006 0.0 
  43.888 0.0    0.005 0.0 
  43.919 0.0    0.005 0.0 
  43.949 0.0    0.004 0.0 
  43.979 0.0    0.004 0.0 
  44.012 0.0    0.003 0.0 
  44.040 0.0    0.002 0.0 
  44.069 0.0    0.001 0.0 
  44.099 0.0    0.000 0.0 
  44.129 0.0   -0.000 0.0 
  44.160 0.0   -0.001 0.0 
  44.190 0.0   -0.002 0.0 
  44.220 0.0   -0.003 0.0 
  44.251 0.0   -0.003 0.0 
  44.280 0.0   -0.004 0.0 
  44.311 0.0   -0.005 0.0 
  44.342 0.0   -0.005 0.0 
  44.372 0.0   -0.005 0.0 
  44.402 0.0   -0.006 0.0 
  44.432 0.0   -0.006 0.0 
  44.462 0.0   -0.007 0.0 
  44.492 0.0   -0.007 0.0 
  44.523 0.0   -0.008 0.0 
  44.553 0.0   -0.008 0.0 
  44.583 0.0   -0.009 0.0 
  44.613 0.0   -0.009 0.0 
  44.644 0.0   -0.009 0.0 
  44.673 0.0   -0.010 0.0 
  44.704 0.0   -0.010 0.0 
  44.735 0.0   -0.010 0.0 
  44.765 0.0   -0.011 0.0 
  44.795 0.0   -0.011 0.0 
  44.826 0.0   -0.011 0.0 
  44.856 0.0   -0.012 0.0 
  44.886 0.0   -0.012 0.0 
  44.916 0.0   -0.012 0.0 
  44.946 0.0   -0.012 0.0 
  44.976 0.0   -0.013 0.0 
  45.007 0.0   -0.013 0.0 
  45.037 0.0   -0.013 0.0 
  45.068 0.0   -0.013 0.0 
  45.098 0.0   -0.013 0.0 
  45.128 0.0   -0.013 0.0 
  45.158 0.0   -0.013 0.0 
  45.190 0.0   -0.013 0.0 
  45.218 0.0   -0.013 0.0 
  45.248 0.0   -0.013 0.0 
  45.279 0.0   -0.012 0.0 
  45.309 0.0   -0.012 0.0 
  45.341 0.0   -0.012 0.0 
  45.370 0.0   -0.012 0.0 
  45.400 0.0   -0.012 0.0 
  45.431 0.0   -0.011 0.0 
  45.461 0.0   -0.011 0.0 
  45.491 0.0   -0.010 0.0 
  45.521 0.0   -0.010 0.0 
  45.551 0.0   -0.010 0.0 
  45.582 0.0   -0.009 0.0 
  45.613 0.0   -0.009 0.0 
  45.643 0.0   -0.008 0.0 
  45.672 0.0   -0.007 0.0 
  45.703 0.0   -0.007 0.0 
  45.733 0.0   -0.006 0.0 
  45.763 0.0   -0.006 0.0 
  45.794 0.0   -0.005 0.0 
  45.824 0.0   -0.005 0.0 
  45.854 0.0   -0.004 0.0 
  45.885 0.0   -0.004 0.0 
  45.915 0.0   -0.003 0.0 
  45.945 0.0   -0.002 0.0 
  45.976 0.0   -0.001 0.0 
  46.006 0.0   -0.000 0.0 
  46.036 0.0    0.001 0.0 
  46.066 0.0    0.002 0.0 
  46.097 0.0    0.003 0.0 
  46.127 0.0    0.004 0.0 
  46.157 0.0    0.005 0.0 
  46.188 0.0    0.005 0.0 
  46.218 0.0    0.006 0.0 
  46.248 0.0    0.007 0.0 
  46.278 0.0    0.007 0.0 
  46.309 0.0    0.007 0.0 
  46.339 0.0    0.007 0.0 
  46.369 0.0    0.008 0.0 
  46.400 0.0    0.008 0.0 
  46.429 0.0    0.008 0.0 
  46.459 0.0    0.008 0.0 
  46.490 0.0    0.009 0.0 
  46.520 0.0    0.009 0.0 
  46.551 0.0    0.009 0.0 
  46.583 0.0    0.010 0.0 
  46.611 0.0    0.010 0.0 
  46.642 0.0    0.010 0.0 
  46.672 0.0    0.011 0.0 
  46.702 0.0    0.011 0.0 
  46.732 0.0    0.011 0.0 
  46.762 0.0    0.011 0.0 
  46.794 0.0    0.011 0.0 
  46.823 0.0    0.011 0.0 
  46.853 0.0    0.011 0.0 
  46.884 0.0    0.011 0.0 
  46.913 0.0    0.011 0.0 
  46.944 0.0    0.011 0.0 
  46.975 0.0    0.011 0.0 
  47.004 0.0    0.011 0.0 
  47.035 0.0    0.011 0.0 
  47.065 0.0    0.011 0.0 
  47.095 0.0    0.011 0.0 
  47.125 0.0    0.011 0.0 
  47.156 0.0    0.011 0.0 
  47.187 0.0    0.011 0.0 
  47.217 0.0    0.011 0.0 
  47.247 0.0    0.010 0.0 
  47.276 0.0    0.010 0.0 
  47.308 0.0    0.010 0.0 
  47.337 0.0    0.009 0.0 
  47.367 0.0    0.009 0.0 
  47.398 0.0    0.009 0.0 
  47.428 0.0    0.009 0.0 
  47.458 0.0    0.008 0.0 
  47.489 0.0    0.008 0.0 
  47.519 0.0    0.007 0.0 
  47.549 0.0    0.006 0.0 
  47.579 0.0    0.006 0.0 
  47.610 0.0    0.006 0.0 
  47.640 0.0    0.005 0.0 
  47.671 0.0    0.005 0.0 
  47.700 0.0    0.004 0.0 
  47.731 0.0    0.004 0.0 
  47.761 0.0    0.003 0.0 
  47.791 0.0    0.003 0.0 
  47.821 0.0    0.002 0.0 
  47.852 0.0    0.001 0.0 
  47.882 0.0    0.000 0.0 
  47.912 0.0   -0.001 0.0 
  47.943 0.0   -0.001 0.0 
  47.973 0.0   -0.002 0.0 
  48.004 0.0   -0.003 0.0 
  48.033 0.0   -0.004 0.0 
  48.063 0.0   -0.004 0.0 
  48.094 0.0   -0.005 0.0 
  48.124 0.0   -0.006 0.0 
  48.154 0.0   -0.006 0.0 
  48.185 0.0   -0.006 0.0 
  48.215 0.0   -0.006 0.0 
  48.246 0.0   -0.007 0.0 
  48.275 0.0   -0.007 0.0 
  48.306 0.0   -0.007 0.0 
  48.336 0.0   -0.008 0.0 
  48.366 0.0   -0.008 0.0 
  48.397 0.0   -0.008 0.0 
  48.427 0.0   -0.009 0.0 
  48.457 0.0   -0.009 0.0 
  48.488 0.0   -0.009 0.0 
  48.518 0.0   -0.009 0.0 
  48.548 0.0   -0.010 0.0 
  48.578 0.0   -0.010 0.0 
  48.608 0.0   -0.010 0.0 
  48.642 0.0   -0.010 0.0 
  48.673 0.0   -0.010 0.0 
  48.700 0.0   -0.010 0.0 
  48.731 0.0   -0.010 0.0 
  48.760 0.0   -0.010 0.0 
  48.791 0.0   -0.010 0.0 
  48.822 0.0   -0.010 0.0 
  48.853 0.0   -0.010 0.0 
  48.883 0.0   -0.010 0.0 
  48.912 0.0   -0.010 0.0 
  48.942 0.0   -0.010 0.0 
  48.972 0.0   -0.010 0.0 
  49.005 0.0   -0.010 0.0 
  49.033 0.0   -0.010 0.0 
  49.063 0.0   -0.010 0.0 
  49.093 0.0   -0.009 0.0 
  49.124 0.0   -0.009 0.0 
  49.155 0.0   -0.009 0.0 
  49.184 0.0   -0.009 0.0 
  49.215 0.0   -0.008 0.0 
  49.245 0.0   -0.008 0.0 
  49.276 0.0   -0.008 0.0 
  49.305 0.0   -0.007 0.0 
  49.342 0.0   -0.007 0.0 
  49.366 0.0   -0.006 0.0 
  49.396 0.0   -0.006 0.0 
  49.426 0.0   -0.006 0.0 
  49.456 0.0   -0.005 0.0 
  49.487 0.0   -0.005 0.0 
  49.518 0.0   -0.004 0.0 
  49.547 0.0   -0.004 0.0 
  49.578 0.0   -0.003 0.0 
  49.607 0.0   -0.003 0.0 
  49.637 0.0   -0.002 0.0 
  49.667 0.0   -0.002 0.0 
  49.698 0.0   -0.001 0.0 
  49.729 0.0   -0.001 0.0 
  49.759 0.0   -0.001 0.0 
  49.789 0.0   -0.000 0.0 
  49.820 0.0    0.000 0.0 
  49.849 0.0    0.001 0.0 
  49.880 0.0    0.001 0.0 
  49.912 0.0    0.001 0.0 
  49.940 0.0    0.002 0.0 
  49.971 0.0    0.002 0.0 
  50.001 0.0    0.003 0.0 
  50.031 0.0    0.003 0.0 
  50.062 0.0    0.004 0.0 
  50.092 0.0    0.004 0.0 
  50.122 0.0    0.005 0.0 
  50.152 0.0    0.005 0.0 
  50.182 0.0    0.006 0.0 
  50.213 0.0    0.006 0.0 
  50.243 0.0    0.007 0.0 
  50.274 0.0    0.007 0.0 
  50.303 0.0    0.007 0.0 
  50.334 0.0    0.007 0.0 
  50.364 0.0    0.008 0.0 
  50.394 0.0    0.008 0.0 
  50.424 0.0    0.008 0.0 
  50.454 0.0    0.008 0.0 
  50.485 0.0    0.008 0.0 
  50.516 0.0    0.009 0.0 
  50.546 0.0    0.009 0.0 
  50.576 0.0    0.009 0.0 
  50.610 0.0    0.009 0.0 
  50.636 0.0    0.010 0.0 
  50.666 0.0    0.010 0.0 
  50.697 0.0    0.010 0.0 
  50.727 0.0    0.010 0.0 
  50.758 0.0    0.010 0.0 
  50.788 0.0    0.010 0.0 
  50.823 0.0    0.010 0.0 
  50.848 0.0    0.010 0.0 
  50.878 0.0    0.010 0.0 
  50.908 0.0    0.009 0.0 
  50.938 0.0    0.009 0.0 
  50.968 0.0    0.009 0.0 
  50.998 0.0    0.009 0.0 
  51.029 0.0    0.008 0.0 
  51.059 0.0    0.008 0.0 
  51.089 0.0    0.008 0.0 
  51.120 0.0    0.007 0.0 
  51.155 0.0    0.007 0.0 
  51.180 0.0    0.007 0.0 
  51.210 0.0    0.006 0.0 
  51.241 0.0    0.006 0.0 
  51.275 0.0    0.006 0.0 
  51.307 0.0    0.005 0.0 
  51.337 0.0    0.005 0.0 
  51.362 0.0    0.005 0.0 
  51.397 0.0    0.004 0.0 
  51.423 0.0    0.004 0.0 
  51.453 0.0    0.004 0.0 
  51.484 0.0    0.004 0.0 
  51.518 0.0    0.003 0.0 
  51.544 0.0    0.003 0.0 
  51.573 0.0    0.002 0.0 
  51.608 0.0    0.002 0.0 
  51.634 0.0    0.002 0.0 
  51.664 0.0    0.001 0.0 
  51.695 0.0    0.001 0.0 
  51.726 0.0    0.000 0.0 
  51.754 0.0   -0.000 0.0 
  51.785 0.0   -0.001 0.0 
  51.815 0.0   -0.001 0.0 
  51.845 0.0   -0.002 0.0 
  51.875 0.0   -0.002 0.0 
  51.906 0.0   -0.003 0.0 
  51.936 0.0   -0.003 0.0 
  51.967 0.0   -0.004 0.0 
  51.997 0.0   -0.004 0.0 
  52.027 0.0   -0.005 0.0 
  52.058 0.0   -0.005 0.0 
  52.089 0.0   -0.006 0.0 
  52.117 0.0   -0.006 0.0 
  52.148 0.0   -0.007 0.0 
  52.178 0.0   -0.007 0.0 
  52.209 0.0   -0.008 0.0 
  52.239 0.0   -0.008 0.0 
  52.270 0.0   -0.008 0.0 
  52.300 0.0   -0.008 0.0 
  52.330 0.0   -0.009 0.0 
  52.360 0.0   -0.009 0.0 
  52.390 0.0   -0.009 0.0 
  52.420 0.0   -0.009 0.0 
  52.451 0.0   -0.009 0.0 
  52.487 0.0   -0.009 0.0 
  52.512 0.0   -0.009 0.0 
  52.541 0.0   -0.009 0.0 
  52.571 0.0   -0.009 0.0 
  52.602 0.0   -0.009 0.0 
  52.631 0.0   -0.009 0.0 
  52.663 0.0   -0.009 0.0 
  52.693 0.0   -0.009 0.0 
  52.723 0.0   -0.009 0.0 
  52.753 0.0   -0.009 0.0 
  52.783 0.0   -0.008 0.0 
  52.815 0.0   -0.008 0.0 
  52.844 0.0   -0.008 0.0 
  52.874 0.0   -0.008 0.0 
  52.904 0.0   -0.008 0.0 
  52.935 0.0   -0.008 0.0 
  52.965 0.0   -0.007 0.0 
  52.996 0.0   -0.007 0.0 
  53.026 0.0   -0.007 0.0 
  53.056 0.0   -0.006 0.0 
  53.086 0.0   -0.006 0.0 
  53.116 0.0   -0.006 0.0 
  53.146 0.0   -0.006 0.0 
  53.177 0.0   -0.005 0.0 
  53.207 0.0   -0.005 0.0 
  53.237 0.0   -0.004 0.0 
  53.267 0.0   -0.004 0.0 
  53.297 0.0   -0.004 0.0 
  53.328 0.0   -0.003 0.0 
  53.361 0.0   -0.003 0.0 
  53.390 0.0   -0.002 0.0 
  53.419 0.0   -0.002 0.0 
  53.451 0.0   -0.001 0.0 
  53.479 0.0   -0.001 0.0 
  53.510 0.0   -0.000 0.0 
  53.540 0.0    0.000 0.0 
  53.575 0.0    0.001 0.0 
  53.602 0.0    0.001 0.0 
  53.635 0.0    0.002 0.0 
  53.666 0.0    0.002 0.0 
  53.696 0.0    0.003 0.0 
  53.722 0.0    0.003 0.0 
  53.752 0.0    0.003 0.0 
  53.782 0.0    0.004 0.0 
  53.812 0.0    0.004 0.0 
  53.842 0.0    0.004 0.0 
  53.873 0.0    0.005 0.0 
  53.903 0.0    0.005 0.0 
  53.933 0.0    0.005 0.0 
  53.969 0.0    0.006 0.0 
  53.994 0.0    0.006 0.0 
  54.025 0.0    0.006 0.0 
  54.054 0.0    0.007 0.0 
  54.085 0.0    0.007 0.0 
  54.115 0.0    0.007 0.0 
  54.146 0.0    0.007 0.0 
  54.176 0.0    0.007 0.0 
  54.206 0.0    0.007 0.0 
  54.236 0.0    0.008 0.0 
  54.267 0.0    0.008 0.0 
  54.297 0.0    0.008 0.0 
  54.327 0.0    0.008 0.0 
  54.357 0.0    0.008 0.0 
  54.387 0.0    0.008 0.0 
  54.418 0.0    0.008 0.0 
  54.448 0.0    0.008 0.0 
  54.479 0.0    0.008 0.0 
  54.508 0.0    0.008 0.0 
  54.539 0.0    0.008 0.0 
  54.569 0.0    0.008 0.0 
  54.599 0.0    0.008 0.0 
  54.630 0.0    0.008 0.0 
  54.659 0.0    0.008 0.0 
  54.690 0.0    0.008 0.0 
  54.721 0.0    0.007 0.0 
  54.751 0.0    0.007 0.0 
  54.782 0.0    0.007 0.0 
  54.815 0.0    0.007 0.0 
  54.841 0.0    0.007 0.0 
  54.871 0.0    0.006 0.0 
  54.901 0.0    0.006 0.0 
  54.932 0.0    0.006 0.0 
  54.963 0.0    0.005 0.0 
  54.992 0.0    0.005 0.0 
  55.022 0.0    0.005 0.0 
  55.053 0.0    0.004 0.0 
  55.084 0.0    0.004 0.0 
  55.113 0.0    0.004 0.0 
  55.144 0.0    0.004 0.0 
  55.175 0.0    0.003 0.0 
  55.205 0.0    0.003 0.0 
  55.235 0.0    0.003 0.0 
  55.269 0.0    0.002 0.0 
  55.295 0.0    0.002 0.0 
  55.325 0.0    0.001 0.0 
  55.355 0.0    0.000 0.0 
  55.386 0.0   -0.000 0.0 
  55.416 0.0   -0.001 0.0 
  55.446 0.0   -0.001 0.0 
  55.477 0.0   -0.002 0.0 
  55.507 0.0   -0.002 0.0 
  55.537 0.0   -0.003 0.0 
  55.567 0.0   -0.003 0.0 
  55.598 0.0   -0.003 0.0 
  55.628 0.0   -0.003 0.0 
  55.658 0.0   -0.004 0.0 
  55.688 0.0   -0.004 0.0 
  55.719 0.0   -0.004 0.0 
  55.750 0.0   -0.004 0.0 
  55.779 0.0   -0.005 0.0 
  55.809 0.0   -0.005 0.0 
  55.840 0.0   -0.005 0.0 
  55.870 0.0   -0.006 0.0 
  55.901 0.0   -0.006 0.0 
  55.930 0.0   -0.006 0.0 
  55.961 0.0   -0.006 0.0 
  55.991 0.0   -0.007 0.0 
  56.022 0.0   -0.007 0.0 
  56.053 0.0   -0.007 0.0 
  56.082 0.0   -0.007 0.0 
  56.112 0.0   -0.007 0.0 
  56.142 0.0   -0.007 0.0 
  56.178 0.0   -0.007 0.0 
  56.203 0.0   -0.007 0.0 
  56.238 0.0   -0.007 0.0 
  56.263 0.0   -0.007 0.0 
  56.294 0.0   -0.007 0.0 
  56.324 0.0   -0.007 0.0 
  56.354 0.0   -0.007 0.0 
  56.384 0.0   -0.007 0.0 
  56.415 0.0   -0.007 0.0 
  56.444 0.0   -0.007 0.0 
  56.475 0.0   -0.007 0.0 
  56.506 0.0   -0.007 0.0 
  56.540 0.0   -0.006 0.0 
  56.569 0.0   -0.006 0.0 
  56.596 0.0   -0.006 0.0 
  56.631 0.0   -0.006 0.0 
  56.661 0.0   -0.005 0.0 
  56.687 0.0   -0.005 0.0 
  56.717 0.0   -0.004 0.0 
  56.747 0.0   -0.004 0.0 
  56.778 0.0   -0.004 0.0 
  56.808 0.0   -0.004 0.0 
  56.838 0.0   -0.003 0.0 
  56.869 0.0   -0.003 0.0 
  56.898 0.0   -0.002 0.0 
  56.935 0.0   -0.002 0.0 
  56.960 0.0   -0.001 0.0 
  56.991 0.0   -0.001 0.0 
  57.020 0.0   -0.001 0.0 
  57.050 0.0   -0.000 0.0 
  57.081 0.0    0.000 0.0 
  57.116 0.0    0.001 0.0 
  57.141 0.0    0.001 0.0 
  57.171 0.0    0.001 0.0 
  57.201 0.0    0.002 0.0 
  57.232 0.0    0.002 0.0 
  57.262 0.0    0.002 0.0 
  57.293 0.0    0.002 0.0 
  57.328 0.0    0.003 0.0 
  57.352 0.0    0.003 0.0 
  57.383 0.0    0.003 0.0 
  57.418 0.0    0.003 0.0 
  57.442 0.0    0.003 0.0 
  57.474 0.0    0.004 0.0 
  57.509 0.0    0.004 0.0 
  57.533 0.0    0.004 0.0 
  57.570 0.0    0.004 0.0 
  57.594 0.0    0.005 0.0 
  57.625 0.0    0.005 0.0 
  57.656 0.0    0.005 0.0 
  57.684 0.0    0.005 0.0 
  57.715 0.0    0.005 0.0 
  57.745 0.0    0.006 0.0 
  57.775 0.0    0.006 0.0 
  57.806 0.0    0.006 0.0 
  57.837 0.0    0.006 0.0 
  57.867 0.0    0.006 0.0 
  57.898 0.0    0.006 0.0 
  57.928 0.0    0.006 0.0 
  57.957 0.0    0.006 0.0 
  57.988 0.0    0.006 0.0 
  58.018 0.0    0.007 0.0 
  58.048 0.0    0.007 0.0 
  58.078 0.0    0.007 0.0 
  58.109 0.0    0.007 0.0 
  58.140 0.0    0.007 0.0 
  58.170 0.0    0.007 0.0 
  58.200 0.0    0.007 0.0 
  58.230 0.0    0.007 0.0 
  58.260 0.0    0.007 0.0 
  58.290 0.0    0.006 0.0 
  58.321 0.0    0.006 0.0 
  58.351 0.0    0.006 0.0 
  58.381 0.0    0.006 0.0 
  58.411 0.0    0.006 0.0 
  58.443 0.0    0.006 0.0 
  58.473 0.0    0.005 0.0 
  58.502 0.0    0.005 0.0 
  58.533 0.0    0.005 0.0 
  58.563 0.0    0.005 0.0 
  58.593 0.0    0.004 0.0 
  58.623 0.0    0.004 0.0 
  58.653 0.0    0.004 0.0 
  58.684 0.0    0.004 0.0 
  58.714 0.0    0.003 0.0 
  58.751 0.0    0.003 0.0 
  58.776 0.0    0.003 0.0 
  58.805 0.0    0.002 0.0 
  58.836 0.0    0.002 0.0 
  58.866 0.0    0.002 0.0 
  58.896 0.0    0.001 0.0 
  58.926 0.0    0.001 0.0 
  58.956 0.0    0.001 0.0 
  58.986 0.0    0.001 0.0 
  59.018 0.0    0.000 0.0 
  59.048 0.0   -0.000 0.0 
  59.077 0.0   -0.001 0.0 
  59.107 0.0   -0.001 0.0 
  59.138 0.0   -0.001 0.0 
  59.168 0.0   -0.002 0.0 
  59.205 0.0   -0.002 0.0 
  59.230 0.0   -0.002 0.0 
  59.259 0.0   -0.003 0.0 
  59.289 0.0   -0.003 0.0 
  59.320 0.0   -0.004 0.0 
  59.350 0.0   -0.004 0.0 
  59.380 0.0   -0.004 0.0 
  59.410 0.0   -0.004 0.0 
  59.441 0.0   -0.004 0.0 
  59.471 0.0   -0.005 0.0 
  59.502 0.0   -0.005 0.0 
  59.533 0.0   -0.005 0.0 
  59.562 0.0   -0.005 0.0 
  59.592 0.0   -0.005 0.0 
  59.627 0.0   -0.006 0.0 
  59.652 0.0   -0.006 0.0 
  59.682 0.0   -0.006 0.0 
  59.712 0.0   -0.006 0.0 
  59.743 0.0   -0.006 0.0 
  59.774 0.0   -0.006 0.0 
  59.805 0.0   -0.006 0.0 
  59.834 0.0   -0.007 0.0 
  59.864 0.0   -0.007 0.0 
  59.895 0.0   -0.007 0.0 
  59.928 0.0   -0.007 0.0 
  59.960 0.0   -0.007 0.0 
  59.985 0.0   -0.006 0.0 
  60.015 0.0   -0.006 0.0 
  60.045 0.0   -0.006 0.0 
  60.076 0.0   -0.006 0.0 
  60.106 0.0   -0.006 0.0 
  60.136 0.0   -0.006 0.0 
  60.166 0.0   -0.006 0.0 
  60.196 0.0   -0.005 0.0 
  60.226 0.0   -0.005 0.0 
  60.257 0.0   -0.005 0.0 
  60.288 0.0   -0.005 0.0 
  60.320 0.0   -0.004 0.0 
  60.348 0.0   -0.004 0.0 
  60.378 0.0   -0.004 0.0 
  60.408 0.0   -0.004 0.0 
  60.438 0.0   -0.004 0.0 
  60.469 0.0   -0.003 0.0 
  60.498 0.0   -0.003 0.0 
  60.529 0.0   -0.003 0.0 
  60.559 0.0   -0.003 0.0 
  60.589 0.0   -0.003 0.0 
  60.620 0.0   -0.003 0.0 
  60.650 0.0   -0.002 0.0 
  60.681 0.0   -0.002 0.0 
  60.711 0.0   -0.002 0.0 
  60.741 0.0   -0.002 0.0 
  60.771 0.0   -0.001 0.0 
  60.801 0.0   -0.001 0.0 
  60.832 0.0   -0.001 0.0 
  60.862 0.0   -0.000 0.0 
  60.893 0.0    0.000 0.0 
  60.923 0.0    0.001 0.0 
  60.954 0.0    0.001 0.0 
  60.983 0.0    0.001 0.0 
  61.013 0.0    0.002 0.0 
  61.044 0.0    0.002 0.0 
  61.073 0.0    0.002 0.0 
  61.104 0.0    0.003 0.0 
  61.134 0.0    0.003 0.0 
  61.164 0.0    0.003 0.0 
  61.196 0.0    0.004 0.0 
  61.231 0.0    0.004 0.0 
  61.255 0.0    0.004 0.0 
  61.285 0.0    0.004 0.0 
  61.315 0.0    0.004 0.0 
  61.346 0.0    0.004 0.0 
  61.376 0.0    0.004 0.0 
  61.407 0.0    0.004 0.0 
  61.436 0.0    0.004 0.0 
  61.468 0.0    0.004 0.0 
  61.499 0.0    0.004 0.0 
  61.527 0.0    0.005 0.0 
  61.558 0.0    0.005 0.0 
  61.588 0.0    0.005 0.0 
  61.618 0.0    0.005 0.0 
  61.649 0.0    0.005 0.0 
  61.679 0.0    0.006 0.0 
  61.709 0.0    0.006 0.0 
  61.740 0.0    0.006 0.0 
  61.770 0.0    0.006 0.0 
  61.800 0.0    0.006 0.0 
  61.830 0.0    0.006 0.0 
  61.861 0.0    0.006 0.0 
  61.892 0.0    0.006 0.0 
  61.923 0.0    0.006 0.0 
  61.953 0.0    0.006 0.0 
  61.983 0.0    0.006 0.0 
  62.012 0.0    0.006 0.0 
  62.043 0.0    0.005 0.0 
  62.073 0.0    0.005 0.0 
  62.103 0.0    0.005 0.0 
  62.134 0.0    0.005 0.0 
  62.163 0.0    0.005 0.0 
  62.194 0.0    0.004 0.0 
  62.224 0.0    0.004 0.0 
  62.254 0.0    0.004 0.0 
  62.285 0.0    0.004 0.0 
  62.316 0.0    0.004 0.0 
  62.347 0.0    0.004 0.0 
  62.376 0.0    0.004 0.0 
  62.406 0.0    0.003 0.0 
  62.437 0.0    0.003 0.0 
  62.467 0.0    0.003 0.0 
  62.502 0.0    0.002 0.0 
  62.532 0.0    0.002 0.0 
  62.557 0.0    0.002 0.0 
  62.588 0.0    0.002 0.0 
  62.619 0.0    0.001 0.0 
  62.648 0.0    0.001 0.0 
  62.683 0.0    0.001 0.0 
  62.709 0.0    0.000 0.0 
  62.739 0.0    0.000 0.0 
  62.769 0.0   -0.000 0.0 
  62.799 0.0   -0.000 0.0 
  62.829 0.0   -0.001 0.0 
  62.860 0.0   -0.001 0.0 
  62.890 0.0   -0.001 0.0 
  62.920 0.0   -0.002 0.0 
  62.951 0.0   -0.002 0.0 
  62.983 0.0   -0.003 0.0 
  63.011 0.0   -0.003 0.0 
  63.045 0.0   -0.003 0.0 
  63.071 0.0   -0.004 0.0 
  63.101 0.0   -0.004 0.0 
  63.132 0.0   -0.004 0.0 
  63.162 0.0   -0.004 0.0 
  63.192 0.0   -0.005 0.0 
  63.223 0.0   -0.005 0.0 
  63.253 0.0   -0.005 0.0 
  63.283 0.0   -0.005 0.0 
  63.314 0.0   -0.005 0.0 
  63.344 0.0   -0.005 0.0 
  63.374 0.0   -0.005 0.0 
  63.404 0.0   -0.005 0.0 
  63.434 0.0   -0.005 0.0 
  63.465 0.0   -0.005 0.0 
  63.494 0.0   -0.005 0.0 
  63.525 0.0   -0.005 0.0 
  63.556 0.0   -0.005 0.0 
  63.587 0.0   -0.005 0.0 
  63.616 0.0   -0.005 0.0 
  63.647 0.0   -0.005 0.0 
  63.677 0.0   -0.005 0.0 
  63.707 0.0   -0.005 0.0 
  63.738 0.0   -0.005 0.0 
  63.767 0.0   -0.005 0.0 
  63.798 0.0   -0.005 0.0 
  63.828 0.0   -0.005 0.0 
  63.858 0.0   -0.005 0.0 
  63.889 0.0   -0.004 0.0 
  63.919 0.0   -0.004 0.0 
  63.953 0.0   -0.004 0.0 
  63.979 0.0   -0.004 0.0 
  64.010 0.0   -0.004 0.0 
  64.040 0.0   -0.004 0.0 
  64.070 0.0   -0.003 0.0 
  64.100 0.0   -0.003 0.0 
  64.130 0.0   -0.003 0.0 
  64.161 0.0   -0.003 0.0 
  64.191 0.0   -0.002 0.0 
  64.221 0.0   -0.002 0.0 
  64.252 0.0   -0.002 0.0 
  64.282 0.0   -0.001 0.0 
  64.312 0.0   -0.001 0.0 
  64.342 0.0   -0.001 0.0 
  64.372 0.0   -0.000 0.0 
  64.404 0.0   -0.000 0.0 
  64.433 0.0    0.000 0.0 
  64.463 0.0    0.000 0.0 
  64.493 0.0    0.000 0.0 
  64.524 0.0    0.001 0.0 
  64.554 0.0    0.001 0.0 
  64.589 0.0    0.001 0.0 
  64.614 0.0    0.001 0.0 
  64.645 0.0    0.001 0.0 
  64.679 0.0    0.002 0.0 
  64.706 0.0    0.002 0.0 
  64.736 0.0    0.002 0.0 
  64.766 0.0    0.003 0.0 
  64.796 0.0    0.003 0.0 
  64.826 0.0    0.003 0.0 
  64.856 0.0    0.003 0.0 
  64.887 0.0    0.003 0.0 
  64.917 0.0    0.004 0.0 
  64.947 0.0    0.004 0.0 
  64.978 0.0    0.004 0.0 
  65.008 0.0    0.004 0.0 
  65.037 0.0    0.004 0.0 
  65.068 0.0    0.004 0.0 
  65.098 0.0    0.004 0.0 
  65.129 0.0    0.004 0.0 
  65.159 0.0    0.004 0.0 
  65.189 0.0    0.004 0.0 
  65.219 0.0    0.004 0.0 
  65.250 0.0    0.004 0.0 
  65.279 0.0    0.004 0.0 
  65.310 0.0    0.004 0.0 
  65.340 0.0    0.004 0.0 
  65.370 0.0    0.004 0.0 
  65.400 0.0    0.004 0.0 
  65.431 0.0    0.004 0.0 
  65.461 0.0    0.004 0.0 
  65.491 0.0    0.004 0.0 
  65.521 0.0    0.004 0.0 
  65.552 0.0    0.004 0.0 
  65.582 0.0    0.004 0.0 
  65.613 0.0    0.004 0.0 
  65.643 0.0    0.004 0.0 
  65.673 0.0    0.004 0.0 
  65.703 0.0    0.004 0.0 
  65.734 0.0    0.004 0.0 
  65.764 0.0    0.003 0.0 
  65.794 0.0    0.003 0.0 
  65.824 0.0    0.003 0.0 
  65.856 0.0    0.003 0.0 
  65.885 0.0    0.003 0.0 
  65.915 0.0    0.002 0.0 
  65.945 0.0    0.002 0.0 
  65.976 0.0    0.002 0.0 
  66.006 0.0    0.002 0.0 
  66.036 0.0    0.002 0.0 
  66.066 0.0    0.001 0.0 
  66.097 0.0    0.001 0.0 
  66.127 0.0    0.001 0.0 
  66.157 0.0    0.001 0.0 
  66.188 0.0    0.001 0.0 
  66.218 0.0    0.001 0.0 
  66.249 0.0    0.000 0.0 
  66.278 0.0    0.000 0.0 
  66.309 0.0    0.000 0.0 
  66.340 0.0    0.000 0.0 
  66.370 0.0   -0.000 0.0 
  66.400 0.0   -0.000 0.0 
  66.430 0.0   -0.000 0.0 
  66.460 0.0   -0.001 0.0 
  66.490 0.0   -0.001 0.0 
  66.521 0.0   -0.001 0.0 
  66.552 0.0   -0.001 0.0 
  66.581 0.0   -0.002 0.0 
  66.611 0.0   -0.002 0.0 
  66.642 0.0   -0.002 0.0 
  66.672 0.0   -0.002 0.0 
  66.702 0.0   -0.002 0.0 
  66.738 0.0   -0.003 0.0 
  66.764 0.0   -0.003 0.0 
  66.793 0.0   -0.003 0.0 
  66.824 0.0   -0.003 0.0 
  66.855 0.0   -0.003 0.0 
  66.885 0.0   -0.003 0.0 
  66.915 0.0   -0.003 0.0 
  66.946 0.0   -0.003 0.0 
  66.979 0.0   -0.003 0.0 
  67.005 0.0   -0.003 0.0 
  67.036 0.0   -0.003 0.0 
  67.066 0.0   -0.003 0.0 
  67.096 0.0   -0.004 0.0 
  67.131 0.0   -0.004 0.0 
  67.160 0.0   -0.004 0.0 
  67.188 0.0   -0.004 0.0 
  67.218 0.0   -0.004 0.0 
  67.248 0.0   -0.004 0.0 
  67.278 0.0   -0.004 0.0 
  67.308 0.0   -0.004 0.0 
  67.338 0.0   -0.004 0.0 
  67.368 0.0   -0.004 0.0 
  67.398 0.0   -0.003 0.0 
  67.428 0.0   -0.003 0.0 
  67.459 0.0   -0.003 0.0 
  67.489 0.0   -0.003 0.0 
  67.519 0.0   -0.003 0.0 
  67.549 0.0   -0.003 0.0 
  67.580 0.0   -0.003 0.0 
  67.610 0.0   -0.003 0.0 
  67.640 0.0   -0.003 0.0 
  67.671 0.0   -0.003 0.0 
  67.701 0.0   -0.003 0.0 
  67.731 0.0   -0.003 0.0 
  67.761 0.0   -0.003 0.0 
  67.791 0.0   -0.003 0.0 
  67.821 0.0   -0.003 0.0 
  67.852 0.0   -0.002 0.0 
  67.882 0.0   -0.002 0.0 
  67.912 0.0   -0.002 0.0 
  67.948 0.0   -0.001 0.0 
  67.973 0.0   -0.001 0.0 
  68.003 0.0   -0.001 0.0 
  68.033 0.0   -0.001 0.0 
  68.064 0.0   -0.000 0.0 
  68.096 0.0   -0.000 0.0 
  68.125 0.0    0.000 0.0 
  68.155 0.0    0.000 0.0 
  68.189 0.0    0.000 0.0 
  68.215 0.0    0.001 0.0 
  68.250 0.0    0.001 0.0 
  68.276 0.0    0.001 0.0 
  68.306 0.0    0.001 0.0 
  68.337 0.0    0.001 0.0 
  68.371 0.0    0.002 0.0 
  68.397 0.0    0.002 0.0 
  68.432 0.0    0.002 0.0 
  68.457 0.0    0.002 0.0 
  68.487 0.0    0.002 0.0 
  68.517 0.0    0.003 0.0 
  68.547 0.0    0.003 0.0 
  68.578 0.0    0.003 0.0 
  68.608 0.0    0.003 0.0 
  68.638 0.0    0.003 0.0 
  68.669 0.0    0.003 0.0 
  68.700 0.0    0.004 0.0 
  68.729 0.0    0.004 0.0 
  68.765 0.0    0.004 0.0 
  68.790 0.0    0.004 0.0 
  68.820 0.0    0.004 0.0 
  68.852 0.0    0.004 0.0 
  68.886 0.0    0.004 0.0 
  68.912 0.0    0.004 0.0 
  68.941 0.0    0.004 0.0 
  68.971 0.0    0.004 0.0 
  69.002 0.0    0.004 0.0 
  69.032 0.0    0.004 0.0 
  69.062 0.0    0.004 0.0 
  69.092 0.0    0.004 0.0 
  69.123 0.0    0.004 0.0 
  69.159 0.0    0.004 0.0 
  69.185 0.0    0.004 0.0 
  69.219 0.0    0.004 0.0 
  69.245 0.0    0.004 0.0 
  69.279 0.0    0.004 0.0 
  69.309 0.0    0.004 0.0 
  69.339 0.0    0.004 0.0 
  69.369 0.0    0.004 0.0 
  69.399 0.0    0.004 0.0 
  69.430 0.0    0.004 0.0 
  69.460 0.0    0.004 0.0 
  69.491 0.0    0.003 0.0 
  69.517 0.0    0.003 0.0 
  69.552 0.0    0.003 0.0 
  69.578 0.0    0.003 0.0 
  69.608 0.0    0.003 0.0 
  69.637 0.0    0.002 0.0 
  69.669 0.0    0.002 0.0 
  69.703 0.0    0.002 0.0 
  69.733 0.0    0.002 0.0 
  69.758 0.0    0.002 0.0 
  69.789 0.0    0.002 0.0 
  69.819 0.0    0.001 0.0 
  69.850 0.0    0.001 0.0 
  69.881 0.0    0.001 0.0 
  69.911 0.0    0.001 0.0 
  69.940 0.0    0.001 0.0 
  69.976 0.0    0.000 0.0 
  70.000 0.0    0.000 0.0 
  70.032 0.0   -0.000 0.0 
  70.061 0.0   -0.000 0.0 
  70.091 0.0   -0.000 0.0 
  70.123 0.0   -0.001 0.0 
  70.152 0.0   -0.001 0.0 
  70.182 0.0   -0.001 0.0 
  70.212 0.0   -0.001 0.0 
  70.243 0.0   -0.002 0.0 
  70.273 0.0   -0.002 0.0 
  70.303 0.0   -0.002 0.0 
  70.334 0.0   -0.002 0.0 
  70.364 0.0   -0.002 0.0 
  70.394 0.0   -0.002 0.0 
  70.425 0.0   -0.003 0.0 
  70.454 0.0   -0.003 0.0 
  70.485 0.0   -0.003 0.0 
  70.515 0.0   -0.003 0.0 
  70.546 0.0   -0.003 0.0 
  70.581 0.0   -0.003 0.0 
  70.607 0.0   -0.003 0.0 
  70.637 0.0   -0.003 0.0 
  70.667 0.0   -0.003 0.0 
  70.698 0.0   -0.003 0.0 
  70.732 0.0   -0.003 0.0 
  70.758 0.0   -0.003 0.0 
  70.788 0.0   -0.003 0.0 
  70.823 0.0   -0.003 0.0 
  70.849 0.0   -0.003 0.0 
  70.882 0.0   -0.003 0.0 
  70.914 0.0   -0.003 0.0 
  70.944 0.0   -0.003 0.0 
  70.973 0.0   -0.003 0.0 
  71.004 0.0   -0.003 0.0 
  71.031 0.0   -0.003 0.0 
  71.064 0.0   -0.003 0.0 
  71.095 0.0   -0.003 0.0 
  71.121 0.0   -0.003 0.0 
  71.156 0.0   -0.003 0.0 
  71.181 0.0   -0.003 0.0 
  71.216 0.0   -0.003 0.0 
  71.243 0.0   -0.003 0.0 
  71.273 0.0   -0.003 0.0 
  71.302 0.0   -0.003 0.0 
  71.337 0.0   -0.002 0.0 
  71.367 0.0   -0.002 0.0 
  71.393 0.0   -0.002 0.0 
  71.427 0.0   -0.002 0.0 
  71.457 0.0   -0.002 0.0 
  71.487 0.0   -0.001 0.0 
  71.518 0.0   -0.001 0.0 
  71.549 0.0   -0.001 0.0 
  71.579 0.0   -0.001 0.0 
  71.604 0.0   -0.001 0.0 
  71.639 0.0   -0.001 0.0 
  71.666 0.0   -0.001 0.0 
  71.699 0.0   -0.000 0.0 
  71.730 0.0   -0.000 0.0 
  71.759 0.0   -0.000 0.0 
  71.785 0.0    0.000 0.0 
  71.816 0.0    0.000 0.0 
  71.847 0.0    0.000 0.0 
  71.882 0.0    0.001 0.0 
  71.907 0.0    0.001 0.0 
  71.937 0.0    0.001 0.0 
  71.968 0.0    0.001 0.0 
  71.999 0.0    0.001 0.0 
  72.028 0.0    0.001 0.0 
  72.058 0.0    0.001 0.0 
  72.089 0.0    0.002 0.0 
  72.120 0.0    0.002 0.0 
  72.149 0.0    0.002 0.0 
  72.185 0.0    0.002 0.0 
  72.210 0.0    0.002 0.0 
  72.240 0.0    0.002 0.0 
  72.271 0.0    0.002 0.0 
  72.300 0.0    0.003 0.0 
  72.331 0.0    0.003 0.0 
  72.362 0.0    0.003 0.0 
  72.397 0.0    0.003 0.0 
  72.422 0.0    0.003 0.0 
  72.452 0.0    0.003 0.0 
  72.482 0.0    0.003 0.0 
  72.518 0.0    0.003 0.0 
  72.543 0.0    0.003 0.0 
  72.573 0.0    0.004 0.0 
  72.603 0.0    0.004 0.0 
  72.633 0.0    0.004 0.0 
  72.668 0.0    0.004 0.0 
  72.694 0.0    0.004 0.0 
  72.724 0.0    0.004 0.0 
  72.755 0.0    0.004 0.0 
  72.785 0.0    0.004 0.0 
  72.817 0.0    0.004 0.0 
  72.852 0.0    0.004 0.0 
  72.876 0.0    0.004 0.0 
  72.907 0.0    0.004 0.0 
  72.937 0.0    0.004 0.0 
  72.967 0.0    0.004 0.0 
  72.997 0.0    0.003 0.0 
  73.028 0.0    0.003 0.0 
  73.059 0.0    0.003 0.0 
  73.090 0.0    0.003 0.0 
  73.119 0.0    0.003 0.0 
  73.149 0.0    0.003 0.0 
  73.179 0.0    0.002 0.0 
  73.209 0.0    0.002 0.0 
  73.240 0.0    0.002 0.0 
  73.276 0.0    0.002 0.0 
  73.306 0.0    0.002 0.0 
  73.336 0.0    0.001 0.0 
  73.361 0.0    0.001 0.0 
  73.391 0.0    0.001 0.0 
  73.422 0.0    0.001 0.0 
  73.451 0.0    0.001 0.0 
  73.481 0.0    0.000 0.0 
  73.512 0.0    0.000 0.0 
  73.542 0.0    0.000 0.0 
  73.573 0.0    0.000 0.0 
  73.603 0.0    0.000 0.0 
  73.633 0.0   -0.000 0.0 
  73.663 0.0   -0.000 0.0 
  73.694 0.0   -0.000 0.0 
  73.723 0.0   -0.001 0.0 
  73.755 0.0   -0.001 0.0 
  73.790 0.0   -0.001 0.0 
  73.819 0.0   -0.001 0.0 
  73.845 0.0   -0.001 0.0 
  73.875 0.0   -0.001 0.0 
  73.905 0.0   -0.002 0.0 
  73.941 0.0   -0.002 0.0 
  73.965 0.0   -0.002 0.0 
  73.995 0.0   -0.002 0.0 
  74.026 0.0   -0.002 0.0 
  74.056 0.0   -0.003 0.0 
  74.088 0.0   -0.003 0.0 
  74.118 0.0   -0.003 0.0 
  74.147 0.0   -0.003 0.0 
  74.178 0.0   -0.003 0.0 
  74.213 0.0   -0.003 0.0 
  74.238 0.0   -0.003 0.0 
  74.268 0.0   -0.003 0.0 
  74.298 0.0   -0.003 0.0 
  74.330 0.0   -0.003 0.0 
  74.359 0.0   -0.003 0.0 
  74.389 0.0   -0.003 0.0 
  74.425 0.0   -0.003 0.0 
  74.452 0.0   -0.003 0.0 
  74.480 0.0   -0.003 0.0 
  74.510 0.0   -0.003 0.0 
  74.540 0.0   -0.003 0.0 
  74.571 0.0   -0.003 0.0 
  74.606 0.0   -0.003 0.0 
  74.631 0.0   -0.003 0.0 
  74.662 0.0   -0.003 0.0 
  74.691 0.0   -0.003 0.0 
  74.722 0.0   -0.003 0.0 
  74.752 0.0   -0.003 0.0 
  74.782 0.0   -0.003 0.0 
  74.818 0.0   -0.003 0.0 
  74.843 0.0   -0.003 0.0 
  74.873 0.0   -0.003 0.0 
  74.904 0.0   -0.003 0.0 
  74.935 0.0   -0.003 0.0 
  74.963 0.0   -0.003 0.0 
  75.000 0.0   -0.002 0.0 
  75.024 0.0   -0.002 0.0 
  75.055 0.0   -0.002 0.0 
  75.084 0.0   -0.002 0.0 
  75.115 0.0   -0.001 0.0 
  75.145 0.0   -0.001 0.0 
  75.181 0.0   -0.001 0.0 
  75.205 0.0   -0.001 0.0 
  75.242 0.0   -0.000 0.0 
  75.272 0.0   -0.000 0.0 
  75.302 0.0   -0.000 0.0 
  75.327 0.0    0.000 0.0 
  75.357 0.0    0.000 0.0 
  75.393 0.0    0.000 0.0 
  75.418 0.0    0.000 0.0 
  75.448 0.0    0.001 0.0 
  75.478 0.0    0.001 0.0 
  75.509 0.0    0.001 0.0 
  75.544 0.0    0.001 0.0 
  75.570 0.0    0.001 0.0 
  75.599 0.0    0.001 0.0 
  75.629 0.0    0.001 0.0 
  75.660 0.0    0.001 0.0 
  75.690 0.0    0.002 0.0 
  75.720 0.0    0.002 0.0 
  75.750 0.0    0.002 0.0 
  75.780 0.0    0.002 0.0 
  75.812 0.0    0.002 0.0 
  75.842 0.0    0.002 0.0 
  75.875 0.0    0.002 0.0 
  75.906 0.0    0.003 0.0 
  75.932 0.0    0.003 0.0 
  75.962 0.0    0.003 0.0 
  75.993 0.0    0.003 0.0 
  76.022 0.0    0.003 0.0 
  76.053 0.0    0.003 0.0 
  76.083 0.0    0.003 0.0 
  76.113 0.0    0.003 0.0 
  76.149 0.0    0.003 0.0 
  76.179 0.0    0.003 0.0 
  76.204 0.0    0.003 0.0 
  76.235 0.0    0.003 0.0 
  76.264 0.0    0.003 0.0 
  76.300 0.0    0.003 0.0 
  76.325 0.0    0.003 0.0 
  76.355 0.0    0.003 0.0 
  76.391 0.0    0.003 0.0 
  76.416 0.0    0.003 0.0 
  76.446 0.0    0.003 0.0 
  76.476 0.0    0.003 0.0 
  76.507 0.0    0.003 0.0 
  76.537 0.0    0.003 0.0 
  76.567 0.0    0.003 0.0 
  76.599 0.0    0.003 0.0 
  76.629 0.0    0.002 0.0 
  76.662 0.0    0.002 0.0 
  76.693 0.0    0.002 0.0 
  76.723 0.0    0.002 0.0 
  76.753 0.0    0.002 0.0 
  76.783 0.0    0.002 0.0 
  76.809 0.0    0.002 0.0 
  76.840 0.0    0.002 0.0 
  76.869 0.0    0.001 0.0 
  76.900 0.0    0.001 0.0 
  76.931 0.0    0.001 0.0 
  76.962 0.0    0.001 0.0 
  76.991 0.0    0.001 0.0 
  77.021 0.0    0.001 0.0 
  77.051 0.0    0.000 0.0 
  77.087 0.0    0.000 0.0 
  77.112 0.0    0.000 0.0 
  77.142 0.0    0.000 0.0 
  77.172 0.0    0.000 0.0 
  77.204 0.0    0.000 0.0 
  77.233 0.0    0.000 0.0 
  77.264 0.0   -0.000 0.0 
  77.294 0.0   -0.000 0.0 
  77.324 0.0   -0.000 0.0 
  77.354 0.0   -0.001 0.0 
  77.385 0.0   -0.001 0.0 
  77.415 0.0   -0.001 0.0 
  77.445 0.0   -0.001 0.0 
  77.475 0.0   -0.001 0.0 
  77.506 0.0   -0.001 0.0 
  77.535 0.0   -0.002 0.0 
  77.566 0.0   -0.002 0.0 
  77.596 0.0   -0.002 0.0 
  77.626 0.0   -0.002 0.0 
  77.656 0.0   -0.002 0.0 
  77.686 0.0   -0.003 0.0 
  77.718 0.0   -0.003 0.0 
  77.747 0.0   -0.003 0.0 
  77.779 0.0   -0.003 0.0 
  77.810 0.0   -0.003 0.0 
  77.839 0.0   -0.003 0.0 
  77.869 0.0   -0.003 0.0 
  77.900 0.0   -0.003 0.0 
  77.929 0.0   -0.003 0.0 
  77.961 0.0   -0.003 0.0 
  77.991 0.0   -0.003 0.0 
  78.021 0.0   -0.003 0.0 
  78.050 0.0   -0.003 0.0 
  78.081 0.0   -0.003 0.0 
  78.112 0.0   -0.003 0.0 
  78.142 0.0   -0.003 0.0 
  78.171 0.0   -0.003 0.0 
  78.207 0.0   -0.003 0.0 
  78.231 0.0   -0.003 0.0 
  78.261 0.0   -0.003 0.0 
  78.293 0.0   -0.003 0.0 
  78.322 0.0   -0.003 0.0 
  78.352 0.0   -0.003 0.0 
  78.383 0.0   -0.002 0.0 
  78.413 0.0   -0.002 0.0 
  78.444 0.0   -0.002 0.0 
  78.473 0.0   -0.002 0.0 
  78.504 0.0   -0.002 0.0 
  78.534 0.0   -0.002 0.0 
  78.565 0.0   -0.001 0.0 
  78.595 0.0   -0.001 0.0 
  78.625 0.0   -0.001 0.0 
  78.656 0.0   -0.001 0.0 
  78.685 0.0   -0.001 0.0 
  78.717 0.0   -0.001 0.0 
  78.746 0.0   -0.000 0.0 
  78.776 0.0   -0.000 0.0 
  78.807 0.0   -0.000 0.0 
  78.837 0.0   -0.000 0.0 
  78.868 0.0   -0.000 0.0 
