   0.000 0.0 0.0   -0.281 
   0.055 0.0 0.0   -0.277 
   0.109 0.0 0.0   -0.270 
   0.165 0.0 0.0   -0.262 
   0.220 0.0 0.0   -0.253 
   0.274 0.0 0.0   -0.243 
   0.329 0.0 0.0   -0.227 
   0.383 0.0 0.0   -0.207 
   0.439 0.0 0.0   -0.185 
   0.493 0.0 0.0   -0.161 
   0.548 0.0 0.0   -0.136 
   0.604 0.0 0.0   -0.111 
   0.664 0.0 0.0   -0.085 
   0.718 0.0 0.0   -0.056 
   0.773 0.0 0.0   -0.028 
   0.829 0.0 0.0   -0.000 
   0.883 0.0 0.0    0.030 
   0.939 0.0 0.0    0.057 
   0.994 0.0 0.0    0.083 
   1.049 0.0 0.0    0.110 
   1.105 0.0 0.0    0.135 
   1.165 0.0 0.0    0.160 
   1.217 0.0 0.0    0.184 
   1.274 0.0 0.0    0.203 
   1.330 0.0 0.0    0.219 
   1.387 0.0 0.0    0.232 
   1.444 0.0 0.0    0.241 
   1.498 0.0 0.0    0.246 
   1.554 0.0 0.0    0.247 
   1.608 0.0 0.0    0.244 
   1.663 0.0 0.0    0.238 
   1.718 0.0 0.0    0.227 
   1.772 0.0 0.0    0.212 
   1.828 0.0 0.0    0.193 
   1.883 0.0 0.0    0.172 
   1.937 0.0 0.0    0.150 
   1.993 0.0 0.0    0.126 
   2.048 0.0 0.0    0.099 
   2.103 0.0 0.0    0.072 
   2.159 0.0 0.0    0.043 
   2.213 0.0 0.0    0.013 
   2.269 0.0 0.0   -0.017 
   2.325 0.0 0.0   -0.046 
   2.380 0.0 0.0   -0.073 
   2.437 0.0 0.0   -0.100 
   2.493 0.0 0.0   -0.126 
   2.548 0.0 0.0   -0.151 
   2.604 0.0 0.0   -0.173 
   2.661 0.0 0.0   -0.192 
   2.716 0.0 0.0   -0.207 
   2.778 0.0 0.0   -0.220 
   2.831 0.0 0.0   -0.229 
   2.886 0.0 0.0   -0.234 
   2.931 0.0 0.0   -0.235 
   2.982 0.0 0.0   -0.232 
   3.039 0.0 0.0   -0.227 
   3.096 0.0 0.0   -0.217 
   3.151 0.0 0.0   -0.206 
   3.206 0.0 0.0   -0.192 
   3.260 0.0 0.0   -0.175 
   3.320 0.0 0.0   -0.155 
   3.377 0.0 0.0   -0.134 
   3.428 0.0 0.0   -0.109 
   3.484 0.0 0.0   -0.086 
   3.539 0.0 0.0   -0.062 
   3.595 0.0 0.0   -0.036 
   3.649 0.0 0.0   -0.010 
   3.704 0.0 0.0    0.016 
   3.760 0.0 0.0    0.044 
   3.815 0.0 0.0    0.070 
   3.871 0.0 0.0    0.095 
   3.927 0.0 0.0    0.120 
   3.982 0.0 0.0    0.141 
   4.038 0.0 0.0    0.161 
   4.095 0.0 0.0    0.179 
   4.151 0.0 0.0    0.193 
   4.209 0.0 0.0    0.205 
   4.265 0.0 0.0    0.214 
   4.320 0.0 0.0    0.219 
   4.372 0.0 0.0    0.221 
   4.426 0.0 0.0    0.218 
   4.482 0.0 0.0    0.214 
   4.538 0.0 0.0    0.206 
   4.591 0.0 0.0    0.195 
   4.646 0.0 0.0    0.182 
   4.701 0.0 0.0    0.165 
   4.756 0.0 0.0    0.146 
   4.811 0.0 0.0    0.125 
   4.866 0.0 0.0    0.102 
   4.921 0.0 0.0    0.079 
   4.976 0.0 0.0    0.055 
   5.032 0.0 0.0    0.031 
   5.087 0.0 0.0    0.005 
   5.143 0.0 0.0   -0.020 
   5.198 0.0 0.0   -0.046 
   5.254 0.0 0.0   -0.070 
   5.310 0.0 0.0   -0.093 
   5.366 0.0 0.0   -0.115 
   5.422 0.0 0.0   -0.135 
   5.479 0.0 0.0   -0.153 
   5.535 0.0 0.0   -0.169 
   5.592 0.0 0.0   -0.183 
   5.650 0.0 0.0   -0.194 
   5.705 0.0 0.0   -0.202 
   5.760 0.0 0.0   -0.206 
   5.813 0.0 0.0   -0.207 
   5.867 0.0 0.0   -0.204 
   5.922 0.0 0.0   -0.200 
   5.979 0.0 0.0   -0.192 
   6.033 0.0 0.0   -0.181 
   6.087 0.0 0.0   -0.168 
   6.143 0.0 0.0   -0.152 
   6.198 0.0 0.0   -0.134 
   6.252 0.0 0.0   -0.115 
   6.309 0.0 0.0   -0.095 
   6.363 0.0 0.0   -0.076 
   6.418 0.0 0.0   -0.054 
   6.473 0.0 0.0   -0.031 
   6.528 0.0 0.0   -0.006 
   6.583 0.0 0.0    0.017 
   6.645 0.0 0.0    0.039 
   6.701 0.0 0.0    0.060 
   6.755 0.0 0.0    0.082 
   6.811 0.0 0.0    0.103 
   6.866 0.0 0.0    0.123 
   6.922 0.0 0.0    0.142 
   6.980 0.0 0.0    0.157 
   7.036 0.0 0.0    0.170 
   7.095 0.0 0.0    0.179 
   7.148 0.0 0.0    0.187 
   7.191 0.0 0.0    0.191 
   7.241 0.0 0.0    0.193 
   7.298 0.0 0.0    0.190 
   7.357 0.0 0.0    0.185 
   7.416 0.0 0.0    0.177 
   7.471 0.0 0.0    0.166 
   7.526 0.0 0.0    0.153 
   7.580 0.0 0.0    0.137 
   7.636 0.0 0.0    0.120 
   7.690 0.0 0.0    0.101 
   7.745 0.0 0.0    0.082 
   7.800 0.0 0.0    0.062 
   7.856 0.0 0.0    0.041 
   7.912 0.0 0.0    0.020 
   7.967 0.0 0.0   -0.003 
   8.025 0.0 0.0   -0.026 
   8.077 0.0 0.0   -0.048 
   8.133 0.0 0.0   -0.068 
   8.189 0.0 0.0   -0.087 
   8.245 0.0 0.0   -0.106 
   8.301 0.0 0.0   -0.124 
   8.358 0.0 0.0   -0.140 
   8.414 0.0 0.0   -0.153 
   8.471 0.0 0.0   -0.164 
   8.526 0.0 0.0   -0.172 
   8.581 0.0 0.0   -0.176 
   8.635 0.0 0.0   -0.177 
   8.688 0.0 0.0   -0.176 
   8.744 0.0 0.0   -0.172 
   8.799 0.0 0.0   -0.167 
   8.854 0.0 0.0   -0.160 
   8.909 0.0 0.0   -0.149 
   8.963 0.0 0.0   -0.136 
   9.019 0.0 0.0   -0.122 
   9.073 0.0 0.0   -0.107 
   9.127 0.0 0.0   -0.090 
   9.183 0.0 0.0   -0.071 
   9.238 0.0 0.0   -0.052 
   9.293 0.0 0.0   -0.032 
   9.349 0.0 0.0   -0.011 
   9.404 0.0 0.0    0.011 
   9.463 0.0 0.0    0.032 
   9.518 0.0 0.0    0.053 
   9.571 0.0 0.0    0.073 
   9.631 0.0 0.0    0.092 
   9.688 0.0 0.0    0.109 
   9.743 0.0 0.0    0.123 
   9.800 0.0 0.0    0.137 
   9.856 0.0 0.0    0.149 
   9.917 0.0 0.0    0.157 
   9.956 0.0 0.0    0.164 
  10.002 0.0 0.0    0.167 
  10.059 0.0 0.0    0.168 
  10.122 0.0 0.0    0.167 
  10.184 0.0 0.0    0.164 
  10.244 0.0 0.0    0.158 
  10.296 0.0 0.0    0.150 
  10.354 0.0 0.0    0.139 
  10.405 0.0 0.0    0.126 
  10.459 0.0 0.0    0.112 
  10.516 0.0 0.0    0.096 
  10.569 0.0 0.0    0.078 
  10.624 0.0 0.0    0.060 
  10.679 0.0 0.0    0.040 
  10.733 0.0 0.0    0.020 
  10.789 0.0 0.0    0.000 
  10.844 0.0 0.0   -0.020 
  10.899 0.0 0.0   -0.038 
  10.955 0.0 0.0   -0.057 
  11.011 0.0 0.0   -0.075 
  11.067 0.0 0.0   -0.091 
  11.122 0.0 0.0   -0.106 
  11.180 0.0 0.0   -0.119 
  11.236 0.0 0.0   -0.130 
  11.292 0.0 0.0   -0.140 
  11.349 0.0 0.0   -0.147 
  11.404 0.0 0.0   -0.152 
  11.450 0.0 0.0   -0.155 
  11.504 0.0 0.0   -0.156 
  11.560 0.0 0.0   -0.154 
  11.614 0.0 0.0   -0.150 
  11.671 0.0 0.0   -0.144 
  11.726 0.0 0.0   -0.136 
  11.781 0.0 0.0   -0.124 
  11.836 0.0 0.0   -0.112 
  11.889 0.0 0.0   -0.099 
  11.944 0.0 0.0   -0.083 
  11.999 0.0 0.0   -0.067 
  12.058 0.0 0.0   -0.051 
  12.113 0.0 0.0   -0.032 
  12.169 0.0 0.0   -0.014 
  12.224 0.0 0.0    0.005 
  12.279 0.0 0.0    0.023 
  12.337 0.0 0.0    0.040 
  12.390 0.0 0.0    0.058 
  12.446 0.0 0.0    0.075 
  12.502 0.0 0.0    0.089 
  12.559 0.0 0.0    0.103 
  12.615 0.0 0.0    0.116 
  12.671 0.0 0.0    0.125 
  12.726 0.0 0.0    0.134 
  12.782 0.0 0.0    0.140 
  12.837 0.0 0.0    0.144 
  12.890 0.0 0.0    0.146 
  12.945 0.0 0.0    0.145 
  13.001 0.0 0.0    0.142 
  13.057 0.0 0.0    0.137 
  13.112 0.0 0.0    0.130 
  13.167 0.0 0.0    0.121 
  13.223 0.0 0.0    0.111 
  13.276 0.0 0.0    0.099 
  13.332 0.0 0.0    0.085 
  13.387 0.0 0.0    0.070 
  13.442 0.0 0.0    0.054 
  13.498 0.0 0.0    0.038 
  13.552 0.0 0.0    0.021 
  13.608 0.0 0.0    0.004 
  13.663 0.0 0.0   -0.014 
  13.719 0.0 0.0   -0.030 
  13.774 0.0 0.0   -0.047 
  13.830 0.0 0.0   -0.062 
  13.885 0.0 0.0   -0.077 
  13.942 0.0 0.0   -0.090 
  13.997 0.0 0.0   -0.102 
  14.053 0.0 0.0   -0.112 
  14.109 0.0 0.0   -0.121 
  14.166 0.0 0.0   -0.128 
  14.220 0.0 0.0   -0.131 
  14.274 0.0 0.0   -0.134 
  14.328 0.0 0.0   -0.135 
  14.383 0.0 0.0   -0.134 
  14.438 0.0 0.0   -0.130 
  14.494 0.0 0.0   -0.125 
  14.549 0.0 0.0   -0.118 
  14.604 0.0 0.0   -0.108 
  14.660 0.0 0.0   -0.098 
  14.715 0.0 0.0   -0.086 
  14.770 0.0 0.0   -0.074 
  14.825 0.0 0.0   -0.059 
  14.878 0.0 0.0   -0.044 
  14.933 0.0 0.0   -0.028 
  14.989 0.0 0.0   -0.012 
  15.045 0.0 0.0    0.004 
  15.099 0.0 0.0    0.019 
  15.155 0.0 0.0    0.034 
  15.210 0.0 0.0    0.049 
  15.266 0.0 0.0    0.064 
  15.322 0.0 0.0    0.077 
  15.378 0.0 0.0    0.088 
  15.435 0.0 0.0    0.099 
  15.491 0.0 0.0    0.108 
  15.546 0.0 0.0    0.115 
  15.602 0.0 0.0    0.121 
  15.655 0.0 0.0    0.125 
  15.709 0.0 0.0    0.126 
  15.763 0.0 0.0    0.126 
  15.819 0.0 0.0    0.124 
  15.874 0.0 0.0    0.119 
  15.931 0.0 0.0    0.114 
  15.988 0.0 0.0    0.106 
  16.044 0.0 0.0    0.096 
  16.098 0.0 0.0    0.086 
  16.153 0.0 0.0    0.073 
  16.207 0.0 0.0    0.060 
  16.261 0.0 0.0    0.047 
  16.316 0.0 0.0    0.032 
  16.372 0.0 0.0    0.017 
  16.427 0.0 0.0    0.002 
  16.482 0.0 0.0   -0.013 
  16.537 0.0 0.0   -0.027 
  16.593 0.0 0.0   -0.041 
  16.649 0.0 0.0   -0.055 
  16.706 0.0 0.0   -0.067 
  16.761 0.0 0.0   -0.078 
  16.818 0.0 0.0   -0.089 
  16.873 0.0 0.0   -0.097 
  16.929 0.0 0.0   -0.104 
  16.984 0.0 0.0   -0.110 
  17.039 0.0 0.0   -0.114 
  17.093 0.0 0.0   -0.116 
  17.148 0.0 0.0   -0.116 
  17.201 0.0 0.0   -0.115 
  17.258 0.0 0.0   -0.111 
  17.312 0.0 0.0   -0.106 
  17.368 0.0 0.0   -0.100 
  17.425 0.0 0.0   -0.092 
  17.480 0.0 0.0   -0.083 
  17.535 0.0 0.0   -0.073 
  17.590 0.0 0.0   -0.061 
  17.646 0.0 0.0   -0.048 
  17.701 0.0 0.0   -0.036 
  17.755 0.0 0.0   -0.022 
  17.809 0.0 0.0   -0.008 
  17.866 0.0 0.0    0.006 
  17.920 0.0 0.0    0.020 
  17.976 0.0 0.0    0.034 
  18.032 0.0 0.0    0.046 
  18.088 0.0 0.0    0.059 
  18.143 0.0 0.0    0.070 
  18.200 0.0 0.0    0.080 
  18.257 0.0 0.0    0.089 
  18.311 0.0 0.0    0.096 
  18.367 0.0 0.0    0.101 
  18.421 0.0 0.0    0.105 
  18.477 0.0 0.0    0.108 
  18.529 0.0 0.0    0.109 
  18.584 0.0 0.0    0.107 
  18.640 0.0 0.0    0.105 
  18.695 0.0 0.0    0.101 
  18.751 0.0 0.0    0.095 
  18.807 0.0 0.0    0.089 
  18.863 0.0 0.0    0.081 
  18.919 0.0 0.0    0.071 
  18.974 0.0 0.0    0.060 
  19.028 0.0 0.0    0.048 
  19.083 0.0 0.0    0.036 
  19.138 0.0 0.0    0.024 
  19.195 0.0 0.0    0.011 
  19.249 0.0 0.0   -0.002 
  19.304 0.0 0.0   -0.014 
  19.359 0.0 0.0   -0.027 
  19.415 0.0 0.0   -0.039 
  19.471 0.0 0.0   -0.051 
  19.527 0.0 0.0   -0.061 
  19.582 0.0 0.0   -0.070 
  19.638 0.0 0.0   -0.078 
  19.694 0.0 0.0   -0.086 
  19.749 0.0 0.0   -0.092 
  19.804 0.0 0.0   -0.096 
  19.858 0.0 0.0   -0.099 
  19.912 0.0 0.0   -0.100 
  19.966 0.0 0.0   -0.100 
  20.022 0.0 0.0   -0.098 
  20.077 0.0 0.0   -0.095 
  20.133 0.0 0.0   -0.090 
  20.190 0.0 0.0   -0.084 
  20.245 0.0 0.0   -0.076 
  20.300 0.0 0.0   -0.068 
  20.354 0.0 0.0   -0.058 
  20.409 0.0 0.0   -0.047 
  20.464 0.0 0.0   -0.036 
  20.520 0.0 0.0   -0.024 
  20.575 0.0 0.0   -0.012 
  20.630 0.0 0.0    0.000 
  20.686 0.0 0.0    0.012 
  20.741 0.0 0.0    0.023 
  20.796 0.0 0.0    0.034 
  20.852 0.0 0.0    0.045 
  20.908 0.0 0.0    0.055 
  20.963 0.0 0.0    0.065 
  21.019 0.0 0.0    0.072 
  21.074 0.0 0.0    0.079 
  21.130 0.0 0.0    0.085 
  21.184 0.0 0.0    0.089 
  21.240 0.0 0.0    0.092 
  21.293 0.0 0.0    0.094 
  21.347 0.0 0.0    0.094 
  21.403 0.0 0.0    0.093 
  21.461 0.0 0.0    0.091 
  21.514 0.0 0.0    0.086 
  21.571 0.0 0.0    0.081 
  21.627 0.0 0.0    0.073 
  21.682 0.0 0.0    0.066 
  21.737 0.0 0.0    0.058 
  21.792 0.0 0.0    0.048 
  21.847 0.0 0.0    0.037 
  21.902 0.0 0.0    0.028 
  21.958 0.0 0.0    0.016 
  22.013 0.0 0.0    0.004 
  22.068 0.0 0.0   -0.007 
  22.124 0.0 0.0   -0.018 
  22.179 0.0 0.0   -0.028 
  22.234 0.0 0.0   -0.038 
  22.291 0.0 0.0   -0.049 
  22.346 0.0 0.0   -0.058 
  22.403 0.0 0.0   -0.065 
  22.459 0.0 0.0   -0.072 
  22.512 0.0 0.0   -0.077 
  22.568 0.0 0.0   -0.081 
  22.622 0.0 0.0   -0.084 
  22.676 0.0 0.0   -0.086 
  22.730 0.0 0.0   -0.086 
  22.785 0.0 0.0   -0.085 
  22.841 0.0 0.0   -0.082 
  22.897 0.0 0.0   -0.079 
  22.953 0.0 0.0   -0.073 
  23.009 0.0 0.0   -0.068 
  23.065 0.0 0.0   -0.061 
  23.119 0.0 0.0   -0.054 
  23.174 0.0 0.0   -0.045 
  23.229 0.0 0.0   -0.035 
  23.285 0.0 0.0   -0.026 
  23.340 0.0 0.0   -0.016 
  23.395 0.0 0.0   -0.005 
  23.451 0.0 0.0    0.006 
  23.505 0.0 0.0    0.016 
  23.561 0.0 0.0    0.026 
  23.617 0.0 0.0    0.036 
  23.673 0.0 0.0    0.045 
  23.728 0.0 0.0    0.054 
  23.784 0.0 0.0    0.061 
  23.839 0.0 0.0    0.067 
  23.894 0.0 0.0    0.073 
  23.949 0.0 0.0    0.077 
  24.004 0.0 0.0    0.079 
  24.057 0.0 0.0    0.081 
  24.111 0.0 0.0    0.081 
  24.168 0.0 0.0    0.081 
  24.223 0.0 0.0    0.079 
  24.278 0.0 0.0    0.075 
  24.335 0.0 0.0    0.071 
  24.389 0.0 0.0    0.065 
  24.446 0.0 0.0    0.059 
  24.502 0.0 0.0    0.051 
  24.557 0.0 0.0    0.043 
  24.611 0.0 0.0    0.035 
  24.667 0.0 0.0    0.025 
  24.722 0.0 0.0    0.015 
  24.777 0.0 0.0    0.005 
  24.834 0.0 0.0   -0.005 
  24.888 0.0 0.0   -0.015 
  24.944 0.0 0.0   -0.024 
  25.001 0.0 0.0   -0.033 
  25.055 0.0 0.0   -0.041 
  25.111 0.0 0.0   -0.049 
  25.166 0.0 0.0   -0.056 
  25.221 0.0 0.0   -0.062 
  25.276 0.0 0.0   -0.066 
  25.331 0.0 0.0   -0.071 
  25.386 0.0 0.0   -0.073 
  25.440 0.0 0.0   -0.074 
  25.494 0.0 0.0   -0.075 
  25.550 0.0 0.0   -0.073 
  25.605 0.0 0.0   -0.071 
  25.660 0.0 0.0   -0.068 
  25.716 0.0 0.0   -0.064 
  25.772 0.0 0.0   -0.059 
  25.828 0.0 0.0   -0.053 
  25.884 0.0 0.0   -0.045 
  25.939 0.0 0.0   -0.037 
  25.994 0.0 0.0   -0.029 
  26.049 0.0 0.0   -0.020 
  26.105 0.0 0.0   -0.011 
  26.160 0.0 0.0   -0.002 
  26.215 0.0 0.0    0.007 
  26.269 0.0 0.0    0.016 
  26.325 0.0 0.0    0.025 
  26.380 0.0 0.0    0.033 
  26.437 0.0 0.0    0.040 
  26.493 0.0 0.0    0.047 
  26.548 0.0 0.0    0.053 
  26.603 0.0 0.0    0.058 
  26.658 0.0 0.0    0.063 
  26.714 0.0 0.0    0.066 
  26.767 0.0 0.0    0.069 
  26.822 0.0 0.0    0.070 
  26.876 0.0 0.0    0.070 
  26.932 0.0 0.0    0.070 
  26.987 0.0 0.0    0.068 
  27.042 0.0 0.0    0.065 
  27.101 0.0 0.0    0.061 
  27.155 0.0 0.0    0.057 
  27.211 0.0 0.0    0.051 
  27.266 0.0 0.0    0.044 
  27.321 0.0 0.0    0.037 
  27.376 0.0 0.0    0.029 
  27.432 0.0 0.0    0.021 
  27.488 0.0 0.0    0.012 
  27.543 0.0 0.0    0.004 
  27.597 0.0 0.0   -0.005 
  27.654 0.0 0.0   -0.014 
  27.710 0.0 0.0   -0.022 
  27.764 0.0 0.0   -0.030 
  27.820 0.0 0.0   -0.037 
  27.875 0.0 0.0   -0.044 
  27.930 0.0 0.0   -0.050 
  27.986 0.0 0.0   -0.054 
  28.043 0.0 0.0   -0.059 
  28.096 0.0 0.0   -0.062 
  28.149 0.0 0.0   -0.064 
  28.203 0.0 0.0   -0.065 
  28.259 0.0 0.0   -0.065 
  28.313 0.0 0.0   -0.064 
  28.370 0.0 0.0   -0.062 
  28.424 0.0 0.0   -0.059 
  28.480 0.0 0.0   -0.055 
  28.536 0.0 0.0   -0.051 
  28.591 0.0 0.0   -0.045 
  28.646 0.0 0.0   -0.039 
  28.704 0.0 0.0   -0.033 
  28.758 0.0 0.0   -0.026 
  28.814 0.0 0.0   -0.018 
  28.869 0.0 0.0   -0.009 
  28.924 0.0 0.0   -0.001 
  28.979 0.0 0.0    0.006 
  29.034 0.0 0.0    0.014 
  29.090 0.0 0.0    0.022 
  29.146 0.0 0.0    0.029 
  29.254 0.0 0.0    0.035 
  29.286 0.0 0.0    0.042 
  29.336 0.0 0.0    0.048 
  29.393 0.0 0.0    0.053 
  29.456 0.0 0.0    0.056 
  29.516 0.0 0.0    0.059 
  29.570 0.0 0.0    0.061 
  29.626 0.0 0.0    0.061 
  29.681 0.0 0.0    0.061 
  29.736 0.0 0.0    0.059 
  29.792 0.0 0.0    0.057 
  29.848 0.0 0.0    0.053 
  29.905 0.0 0.0    0.049 
  29.960 0.0 0.0    0.044 
  30.016 0.0 0.0    0.038 
  30.071 0.0 0.0    0.032 
  30.126 0.0 0.0    0.026 
  30.182 0.0 0.0    0.020 
  30.237 0.0 0.0    0.013 
  30.292 0.0 0.0    0.005 
  30.347 0.0 0.0   -0.002 
  30.402 0.0 0.0   -0.009 
  30.459 0.0 0.0   -0.016 
  30.514 0.0 0.0   -0.023 
  30.569 0.0 0.0   -0.030 
  30.624 0.0 0.0   -0.035 
  30.679 0.0 0.0   -0.041 
  30.734 0.0 0.0   -0.046 
  30.789 0.0 0.0   -0.050 
  30.844 0.0 0.0   -0.053 
  30.899 0.0 0.0   -0.055 
  30.954 0.0 0.0   -0.056 
  31.009 0.0 0.0   -0.056 
  31.064 0.0 0.0   -0.055 
  31.119 0.0 0.0   -0.053 
  31.176 0.0 0.0   -0.051 
  31.231 0.0 0.0   -0.047 
  31.286 0.0 0.0   -0.043 
  31.342 0.0 0.0   -0.039 
  31.398 0.0 0.0   -0.034 
  31.453 0.0 0.0   -0.028 
  31.508 0.0 0.0   -0.022 
  31.563 0.0 0.0   -0.015 
  31.618 0.0 0.0   -0.008 
  31.674 0.0 0.0   -0.001 
  31.729 0.0 0.0    0.006 
  31.784 0.0 0.0    0.012 
  31.839 0.0 0.0    0.019 
  31.895 0.0 0.0    0.026 
  31.950 0.0 0.0    0.032 
  32.006 0.0 0.0    0.038 
  32.130 0.0 0.0    0.042 
  32.165 0.0 0.0    0.046 
  32.213 0.0 0.0    0.049 
  32.271 0.0 0.0    0.052 
  32.330 0.0 0.0    0.053 
  32.387 0.0 0.0    0.054 
  32.447 0.0 0.0    0.053 
  32.503 0.0 0.0    0.052 
  32.557 0.0 0.0    0.049 
  32.614 0.0 0.0    0.046 
  32.669 0.0 0.0    0.042 
  32.726 0.0 0.0    0.037 
  32.782 0.0 0.0    0.032 
  32.837 0.0 0.0    0.025 
  32.892 0.0 0.0    0.019 
  32.948 0.0 0.0    0.012 
  33.002 0.0 0.0    0.006 
  33.058 0.0 0.0   -0.000 
  33.113 0.0 0.0   -0.007 
  33.169 0.0 0.0   -0.014 
  33.224 0.0 0.0   -0.020 
  33.280 0.0 0.0   -0.026 
  33.335 0.0 0.0   -0.031 
  33.390 0.0 0.0   -0.035 
  33.445 0.0 0.0   -0.039 
  33.501 0.0 0.0   -0.043 
  33.555 0.0 0.0   -0.045 
  33.609 0.0 0.0   -0.048 
  33.663 0.0 0.0   -0.048 
  33.718 0.0 0.0   -0.049 
  33.773 0.0 0.0   -0.048 
  33.829 0.0 0.0   -0.047 
  33.885 0.0 0.0   -0.045 
  33.940 0.0 0.0   -0.042 
  33.995 0.0 0.0   -0.038 
  34.051 0.0 0.0   -0.034 
  34.107 0.0 0.0   -0.031 
  34.163 0.0 0.0   -0.026 
  34.219 0.0 0.0   -0.019 
  34.275 0.0 0.0   -0.013 
  34.330 0.0 0.0   -0.007 
  34.386 0.0 0.0   -0.002 
  34.442 0.0 0.0    0.005 
  34.497 0.0 0.0    0.011 
  34.552 0.0 0.0    0.017 
  34.606 0.0 0.0    0.023 
  34.662 0.0 0.0    0.028 
  34.716 0.0 0.0    0.033 
  34.772 0.0 0.0    0.036 
  34.827 0.0 0.0    0.040 
  34.883 0.0 0.0    0.043 
  34.937 0.0 0.0    0.046 
  34.992 0.0 0.0    0.047 
  35.047 0.0 0.0    0.049 
  35.102 0.0 0.0    0.049 
  35.156 0.0 0.0    0.048 
  35.212 0.0 0.0    0.047 
  35.267 0.0 0.0    0.045 
  35.323 0.0 0.0    0.042 
  35.379 0.0 0.0    0.039 
  35.435 0.0 0.0    0.034 
  35.491 0.0 0.0    0.029 
  35.545 0.0 0.0    0.025 
  35.601 0.0 0.0    0.019 
  35.657 0.0 0.0    0.013 
  35.712 0.0 0.0    0.006 
  35.768 0.0 0.0   -0.000 
  35.822 0.0 0.0   -0.005 
  35.876 0.0 0.0   -0.011 
  35.932 0.0 0.0   -0.017 
  35.987 0.0 0.0   -0.021 
  36.043 0.0 0.0   -0.026 
  36.098 0.0 0.0   -0.031 
  36.152 0.0 0.0   -0.035 
  36.207 0.0 0.0   -0.038 
  36.263 0.0 0.0   -0.040 
  36.317 0.0 0.0   -0.042 
  36.372 0.0 0.0   -0.043 
  36.428 0.0 0.0   -0.044 
  36.483 0.0 0.0   -0.044 
  36.539 0.0 0.0   -0.043 
  36.594 0.0 0.0   -0.041 
  36.649 0.0 0.0   -0.039 
  36.705 0.0 0.0   -0.036 
  36.761 0.0 0.0   -0.033 
  36.817 0.0 0.0   -0.030 
  36.872 0.0 0.0   -0.025 
  36.930 0.0 0.0   -0.020 
  36.983 0.0 0.0   -0.016 
  37.039 0.0 0.0   -0.010 
  37.094 0.0 0.0   -0.005 
  37.150 0.0 0.0    0.001 
  37.206 0.0 0.0    0.006 
  37.261 0.0 0.0    0.011 
  37.316 0.0 0.0    0.017 
  37.371 0.0 0.0    0.022 
  37.428 0.0 0.0    0.026 
  37.488 0.0 0.0    0.030 
  37.538 0.0 0.0    0.034 
  37.593 0.0 0.0    0.037 
  37.648 0.0 0.0    0.039 
  37.701 0.0 0.0    0.041 
  37.758 0.0 0.0    0.042 
  37.816 0.0 0.0    0.043 
  37.868 0.0 0.0    0.043 
  37.922 0.0 0.0    0.042 
  37.978 0.0 0.0    0.041 
  38.034 0.0 0.0    0.039 
  38.090 0.0 0.0    0.036 
  38.145 0.0 0.0    0.032 
  38.203 0.0 0.0    0.028 
  38.256 0.0 0.0    0.024 
  38.312 0.0 0.0    0.019 
  38.368 0.0 0.0    0.013 
  38.423 0.0 0.0    0.008 
  38.478 0.0 0.0    0.003 
  38.539 0.0 0.0   -0.003 
  38.588 0.0 0.0   -0.008 
  38.639 0.0 0.0   -0.013 
  38.692 0.0 0.0   -0.017 
  38.748 0.0 0.0   -0.022 
  38.803 0.0 0.0   -0.026 
  38.858 0.0 0.0   -0.029 
  38.913 0.0 0.0   -0.032 
  38.968 0.0 0.0   -0.035 
  39.024 0.0 0.0   -0.037 
  39.077 0.0 0.0   -0.039 
  39.132 0.0 0.0   -0.039 
  39.191 0.0 0.0   -0.039 
  39.247 0.0 0.0   -0.039 
  39.302 0.0 0.0   -0.037 
  39.357 0.0 0.0   -0.036 
  39.413 0.0 0.0   -0.034 
  39.468 0.0 0.0   -0.030 
  39.525 0.0 0.0   -0.027 
  39.581 0.0 0.0   -0.023 
  39.636 0.0 0.0   -0.019 
  39.692 0.0 0.0   -0.015 
  39.748 0.0 0.0   -0.010 
  39.803 0.0 0.0   -0.005 
  39.857 0.0 0.0    0.000 
  39.913 0.0 0.0    0.005 
  39.968 0.0 0.0    0.010 
  40.023 0.0 0.0    0.014 
  40.078 0.0 0.0    0.019 
  40.134 0.0 0.0    0.023 
  40.190 0.0 0.0    0.027 
  40.244 0.0 0.0    0.030 
  40.299 0.0 0.0    0.033 
  40.353 0.0 0.0    0.035 
  40.409 0.0 0.0    0.036 
  40.464 0.0 0.0    0.037 
  40.519 0.0 0.0    0.037 
  40.575 0.0 0.0    0.037 
  40.630 0.0 0.0    0.036 
  40.685 0.0 0.0    0.035 
  40.740 0.0 0.0    0.033 
  40.796 0.0 0.0    0.031 
  40.852 0.0 0.0    0.028 
  40.907 0.0 0.0    0.024 
  40.963 0.0 0.0    0.020 
  41.019 0.0 0.0    0.015 
  41.074 0.0 0.0    0.011 
  41.129 0.0 0.0    0.006 
  41.185 0.0 0.0    0.002 
  41.240 0.0 0.0   -0.003 
  41.296 0.0 0.0   -0.008 
  41.350 0.0 0.0   -0.013 
  41.405 0.0 0.0   -0.017 
  41.462 0.0 0.0   -0.021 
  41.516 0.0 0.0   -0.025 
  41.571 0.0 0.0   -0.027 
  41.626 0.0 0.0   -0.029 
  41.681 0.0 0.0   -0.032 
  41.736 0.0 0.0   -0.033 
  41.790 0.0 0.0   -0.035 
  41.845 0.0 0.0   -0.035 
  41.901 0.0 0.0   -0.035 
  41.956 0.0 0.0   -0.035 
  42.012 0.0 0.0   -0.033 
  42.067 0.0 0.0   -0.032 
  42.123 0.0 0.0   -0.030 
  42.180 0.0 0.0   -0.028 
  42.233 0.0 0.0   -0.024 
  42.289 0.0 0.0   -0.020 
  42.344 0.0 0.0   -0.016 
  42.400 0.0 0.0   -0.012 
  42.456 0.0 0.0   -0.008 
  42.512 0.0 0.0   -0.003 
  42.566 0.0 0.0    0.001 
  42.621 0.0 0.0    0.006 
  42.677 0.0 0.0    0.011 
  42.731 0.0 0.0    0.016 
  42.787 0.0 0.0    0.020 
  42.842 0.0 0.0    0.023 
  42.897 0.0 0.0    0.027 
  42.952 0.0 0.0    0.030 
  43.008 0.0 0.0    0.032 
  43.062 0.0 0.0    0.034 
  43.117 0.0 0.0    0.035 
  43.173 0.0 0.0    0.036 
  43.228 0.0 0.0    0.035 
  43.283 0.0 0.0    0.035 
  43.338 0.0 0.0    0.034 
  43.394 0.0 0.0    0.032 
  43.450 0.0 0.0    0.030 
  43.505 0.0 0.0    0.027 
  43.560 0.0 0.0    0.025 
  43.615 0.0 0.0    0.022 
  43.671 0.0 0.0    0.018 
  43.727 0.0 0.0    0.014 
  43.783 0.0 0.0    0.010 
  43.838 0.0 0.0    0.005 
  43.893 0.0 0.0    0.000 
  43.948 0.0 0.0   -0.004 
  44.003 0.0 0.0   -0.009 
  44.059 0.0 0.0   -0.012 
  44.114 0.0 0.0   -0.017 
  44.169 0.0 0.0   -0.021 
  44.224 0.0 0.0   -0.024 
  44.279 0.0 0.0   -0.026 
  44.334 0.0 0.0   -0.029 
  44.389 0.0 0.0   -0.030 
  44.444 0.0 0.0   -0.032 
  44.499 0.0 0.0   -0.032 
  44.554 0.0 0.0   -0.032 
  44.610 0.0 0.0   -0.033 
  44.666 0.0 0.0   -0.031 
  44.721 0.0 0.0   -0.030 
  44.776 0.0 0.0   -0.029 
  44.831 0.0 0.0   -0.026 
  44.886 0.0 0.0   -0.023 
  44.942 0.0 0.0   -0.020 
  44.997 0.0 0.0   -0.017 
  45.054 0.0 0.0   -0.013 
  45.108 0.0 0.0   -0.009 
  45.165 0.0 0.0   -0.005 
  45.219 0.0 0.0   -0.002 
  45.275 0.0 0.0    0.003 
  45.330 0.0 0.0    0.007 
  45.386 0.0 0.0    0.010 
  45.441 0.0 0.0    0.013 
  45.496 0.0 0.0    0.017 
  45.552 0.0 0.0    0.021 
  45.606 0.0 0.0    0.024 
  45.661 0.0 0.0    0.026 
  45.715 0.0 0.0    0.029 
  45.772 0.0 0.0    0.031 
  45.826 0.0 0.0    0.032 
  45.881 0.0 0.0    0.032 
  45.937 0.0 0.0    0.033 
  45.993 0.0 0.0    0.032 
  46.050 0.0 0.0    0.032 
  46.102 0.0 0.0    0.030 
  46.158 0.0 0.0    0.028 
  46.213 0.0 0.0    0.026 
  46.270 0.0 0.0    0.023 
  46.325 0.0 0.0    0.020 
  46.380 0.0 0.0    0.017 
  46.435 0.0 0.0    0.014 
  46.491 0.0 0.0    0.009 
  46.548 0.0 0.0    0.005 
  46.601 0.0 0.0    0.001 
  46.658 0.0 0.0   -0.003 
  46.713 0.0 0.0   -0.007 
  46.767 0.0 0.0   -0.010 
  46.823 0.0 0.0   -0.014 
  46.878 0.0 0.0   -0.018 
  46.934 0.0 0.0   -0.020 
  46.988 0.0 0.0   -0.023 
  47.043 0.0 0.0   -0.025 
  47.098 0.0 0.0   -0.026 
  47.153 0.0 0.0   -0.028 
  47.209 0.0 0.0   -0.028 
  47.263 0.0 0.0   -0.029 
  47.319 0.0 0.0   -0.029 
  47.374 0.0 0.0   -0.028 
  47.430 0.0 0.0   -0.026 
  47.485 0.0 0.0   -0.025 
  47.541 0.0 0.0   -0.023 
  47.596 0.0 0.0   -0.020 
  47.652 0.0 0.0   -0.017 
  47.707 0.0 0.0   -0.014 
  47.763 0.0 0.0   -0.011 
  47.818 0.0 0.0   -0.008 
  47.874 0.0 0.0   -0.004 
  47.928 0.0 0.0   -0.000 
  47.983 0.0 0.0    0.003 
  48.040 0.0 0.0    0.006 
  48.094 0.0 0.0    0.010 
  48.150 0.0 0.0    0.013 
  48.206 0.0 0.0    0.017 
  48.260 0.0 0.0    0.020 
  48.315 0.0 0.0    0.023 
  48.370 0.0 0.0    0.025 
  48.425 0.0 0.0    0.027 
  48.480 0.0 0.0    0.028 
  48.539 0.0 0.0    0.029 
  48.591 0.0 0.0    0.030 
  48.647 0.0 0.0    0.029 
  48.702 0.0 0.0    0.029 
  48.757 0.0 0.0    0.027 
  48.812 0.0 0.0    0.026 
  48.867 0.0 0.0    0.024 
  48.923 0.0 0.0    0.022 
  48.979 0.0 0.0    0.019 
  49.035 0.0 0.0    0.016 
  49.090 0.0 0.0    0.013 
  49.145 0.0 0.0    0.009 
  49.201 0.0 0.0    0.005 
  49.256 0.0 0.0    0.002 
  49.311 0.0 0.0   -0.002 
  49.367 0.0 0.0   -0.005 
  49.422 0.0 0.0   -0.009 
  49.478 0.0 0.0   -0.012 
  49.533 0.0 0.0   -0.015 
  49.587 0.0 0.0   -0.018 
  49.643 0.0 0.0   -0.021 
  49.697 0.0 0.0   -0.023 
  49.752 0.0 0.0   -0.024 
  49.807 0.0 0.0   -0.025 
  49.863 0.0 0.0   -0.026 
  49.918 0.0 0.0   -0.026 
  49.974 0.0 0.0   -0.026 
  50.029 0.0 0.0   -0.026 
  50.085 0.0 0.0   -0.025 
  50.140 0.0 0.0   -0.024 
  50.195 0.0 0.0   -0.022 
  50.250 0.0 0.0   -0.020 
  50.306 0.0 0.0   -0.017 
  50.361 0.0 0.0   -0.015 
  50.417 0.0 0.0   -0.013 
  50.472 0.0 0.0   -0.010 
  50.528 0.0 0.0   -0.007 
  50.583 0.0 0.0   -0.004 
  50.640 0.0 0.0   -0.000 
  50.694 0.0 0.0    0.004 
  50.748 0.0 0.0    0.006 
  50.804 0.0 0.0    0.009 
  50.859 0.0 0.0    0.012 
  50.914 0.0 0.0    0.015 
  50.970 0.0 0.0    0.018 
  51.024 0.0 0.0    0.021 
  51.079 0.0 0.0    0.024 
  51.134 0.0 0.0    0.025 
  51.189 0.0 0.0    0.027 
  51.245 0.0 0.0    0.028 
  51.299 0.0 0.0    0.028 
  51.354 0.0 0.0    0.027 
  51.410 0.0 0.0    0.026 
  51.465 0.0 0.0    0.025 
  51.520 0.0 0.0    0.023 
  51.576 0.0 0.0    0.020 
  51.631 0.0 0.0    0.018 
  51.687 0.0 0.0    0.015 
  51.743 0.0 0.0    0.012 
  51.798 0.0 0.0    0.008 
  51.854 0.0 0.0    0.005 
  51.909 0.0 0.0    0.002 
  51.964 0.0 0.0   -0.001 
  52.020 0.0 0.0   -0.005 
  52.075 0.0 0.0   -0.007 
  52.130 0.0 0.0   -0.010 
  52.185 0.0 0.0   -0.013 
  52.241 0.0 0.0   -0.016 
  52.295 0.0 0.0   -0.018 
  52.350 0.0 0.0   -0.020 
  52.405 0.0 0.0   -0.021 
  52.461 0.0 0.0   -0.023 
  52.516 0.0 0.0   -0.024 
  52.570 0.0 0.0   -0.025 
  52.627 0.0 0.0   -0.025 
  52.681 0.0 0.0   -0.025 
  52.737 0.0 0.0   -0.024 
  52.793 0.0 0.0   -0.024 
  52.848 0.0 0.0   -0.023 
  52.903 0.0 0.0   -0.021 
  52.958 0.0 0.0   -0.019 
  53.014 0.0 0.0   -0.016 
  53.071 0.0 0.0   -0.013 
  53.125 0.0 0.0   -0.010 
  53.180 0.0 0.0   -0.008 
  53.236 0.0 0.0   -0.004 
  53.291 0.0 0.0   -0.001 
  53.347 0.0 0.0    0.003 
  53.402 0.0 0.0    0.006 
  53.457 0.0 0.0    0.009 
  53.512 0.0 0.0    0.013 
  53.567 0.0 0.0    0.015 
  53.622 0.0 0.0    0.017 
  53.677 0.0 0.0    0.019 
  53.732 0.0 0.0    0.022 
  53.788 0.0 0.0    0.023 
  53.843 0.0 0.0    0.024 
  53.898 0.0 0.0    0.025 
  53.953 0.0 0.0    0.025 
  54.009 0.0 0.0    0.025 
  54.065 0.0 0.0    0.025 
  54.121 0.0 0.0    0.024 
  54.175 0.0 0.0    0.023 
  54.230 0.0 0.0    0.022 
  54.285 0.0 0.0    0.021 
  54.341 0.0 0.0    0.018 
  54.397 0.0 0.0    0.016 
  54.452 0.0 0.0    0.013 
  54.508 0.0 0.0    0.010 
  54.562 0.0 0.0    0.006 
  54.618 0.0 0.0    0.003 
  54.673 0.0 0.0    0.000 
  54.729 0.0 0.0   -0.003 
  54.784 0.0 0.0   -0.006 
  54.839 0.0 0.0   -0.009 
  54.894 0.0 0.0   -0.012 
  54.950 0.0 0.0   -0.014 
  55.005 0.0 0.0   -0.017 
  55.061 0.0 0.0   -0.018 
  55.115 0.0 0.0   -0.019 
  55.170 0.0 0.0   -0.021 
  55.225 0.0 0.0   -0.022 
  55.280 0.0 0.0   -0.023 
  55.335 0.0 0.0   -0.023 
  55.392 0.0 0.0   -0.023 
  55.446 0.0 0.0   -0.023 
  55.501 0.0 0.0   -0.022 
  55.557 0.0 0.0   -0.021 
  55.612 0.0 0.0   -0.019 
  55.667 0.0 0.0   -0.017 
  55.723 0.0 0.0   -0.015 
  55.778 0.0 0.0   -0.012 
  55.834 0.0 0.0   -0.010 
  55.889 0.0 0.0   -0.007 
  55.945 0.0 0.0   -0.005 
  56.000 0.0 0.0   -0.002 
  56.055 0.0 0.0    0.001 
  56.111 0.0 0.0    0.004 
  56.166 0.0 0.0    0.007 
  56.220 0.0 0.0    0.009 
  56.276 0.0 0.0    0.012 
  56.331 0.0 0.0    0.014 
  56.386 0.0 0.0    0.017 
  56.443 0.0 0.0    0.019 
  56.496 0.0 0.0    0.021 
  56.552 0.0 0.0    0.022 
  56.608 0.0 0.0    0.024 
  56.663 0.0 0.0    0.024 
  56.718 0.0 0.0    0.024 
  56.773 0.0 0.0    0.023 
  56.829 0.0 0.0    0.022 
  56.883 0.0 0.0    0.021 
  56.939 0.0 0.0    0.020 
  56.994 0.0 0.0    0.018 
  57.051 0.0 0.0    0.015 
  57.105 0.0 0.0    0.013 
  57.161 0.0 0.0    0.010 
  57.217 0.0 0.0    0.008 
  57.271 0.0 0.0    0.005 
  57.327 0.0 0.0    0.002 
  57.382 0.0 0.0   -0.000 
  57.438 0.0 0.0   -0.003 
  57.493 0.0 0.0   -0.006 
  57.548 0.0 0.0   -0.008 
  57.603 0.0 0.0   -0.011 
  57.658 0.0 0.0   -0.012 
  57.713 0.0 0.0   -0.014 
  57.769 0.0 0.0   -0.016 
  57.827 0.0 0.0   -0.018 
  57.879 0.0 0.0   -0.019 
  57.934 0.0 0.0   -0.020 
  57.990 0.0 0.0   -0.020 
  58.046 0.0 0.0   -0.020 
  58.101 0.0 0.0   -0.020 
  58.157 0.0 0.0   -0.019 
  58.212 0.0 0.0   -0.018 
  58.267 0.0 0.0   -0.017 
  58.322 0.0 0.0   -0.015 
  58.378 0.0 0.0   -0.013 
  58.432 0.0 0.0   -0.011 
  58.488 0.0 0.0   -0.009 
  58.544 0.0 0.0   -0.006 
  58.599 0.0 0.0   -0.003 
  58.655 0.0 0.0   -0.001 
  58.709 0.0 0.0    0.002 
  58.765 0.0 0.0    0.004 
  58.821 0.0 0.0    0.008 
  58.875 0.0 0.0    0.010 
  58.931 0.0 0.0    0.013 
  58.985 0.0 0.0    0.014 
  59.041 0.0 0.0    0.016 
  59.096 0.0 0.0    0.018 
  59.151 0.0 0.0    0.019 
  59.207 0.0 0.0    0.021 
  59.261 0.0 0.0    0.021 
  59.317 0.0 0.0    0.021 
  59.372 0.0 0.0    0.021 
  59.428 0.0 0.0    0.020 
  59.483 0.0 0.0    0.020 
  59.538 0.0 0.0    0.019 
  59.594 0.0 0.0    0.018 
  59.651 0.0 0.0    0.016 
  59.704 0.0 0.0    0.014 
  59.759 0.0 0.0    0.011 
  59.815 0.0 0.0    0.009 
  59.870 0.0 0.0    0.006 
  59.926 0.0 0.0    0.003 
  59.981 0.0 0.0    0.000 
  60.037 0.0 0.0   -0.003 
  60.092 0.0 0.0   -0.007 
  60.147 0.0 0.0   -0.009 
  60.203 0.0 0.0   -0.011 
  60.257 0.0 0.0   -0.013 
  60.312 0.0 0.0   -0.015 
  60.367 0.0 0.0   -0.017 
  60.422 0.0 0.0   -0.018 
  60.477 0.0 0.0   -0.019 
  60.532 0.0 0.0   -0.020 
  60.587 0.0 0.0   -0.020 
  60.644 0.0 0.0   -0.020 
  60.699 0.0 0.0   -0.020 
  60.754 0.0 0.0   -0.019 
  60.809 0.0 0.0   -0.019 
  60.865 0.0 0.0   -0.018 
  60.920 0.0 0.0   -0.016 
  60.975 0.0 0.0   -0.014 
  61.031 0.0 0.0   -0.012 
  61.086 0.0 0.0   -0.009 
  61.141 0.0 0.0   -0.007 
  61.196 0.0 0.0   -0.005 
  61.252 0.0 0.0   -0.002 
  61.306 0.0 0.0   -0.000 
  61.362 0.0 0.0    0.002 
  61.417 0.0 0.0    0.005 
  61.473 0.0 0.0    0.007 
  61.528 0.0 0.0    0.009 
  61.583 0.0 0.0    0.011 
  61.638 0.0 0.0    0.014 
  61.693 0.0 0.0    0.016 
  61.748 0.0 0.0    0.018 
  61.804 0.0 0.0    0.019 
  61.859 0.0 0.0    0.021 
  61.914 0.0 0.0    0.022 
  61.970 0.0 0.0    0.022 
  62.025 0.0 0.0    0.023 
  62.081 0.0 0.0    0.023 
  62.137 0.0 0.0    0.022 
  62.192 0.0 0.0    0.022 
  62.246 0.0 0.0    0.020 
  62.301 0.0 0.0    0.018 
  62.357 0.0 0.0    0.016 
  62.412 0.0 0.0    0.014 
  62.468 0.0 0.0    0.011 
  62.523 0.0 0.0    0.008 
  62.579 0.0 0.0    0.005 
  62.634 0.0 0.0    0.002 
  62.689 0.0 0.0   -0.001 
  62.744 0.0 0.0   -0.005 
  62.800 0.0 0.0   -0.008 
  62.855 0.0 0.0   -0.010 
  62.910 0.0 0.0   -0.012 
  62.965 0.0 0.0   -0.013 
  63.020 0.0 0.0   -0.015 
  63.076 0.0 0.0   -0.016 
  63.131 0.0 0.0   -0.018 
  63.186 0.0 0.0   -0.018 
  63.241 0.0 0.0   -0.018 
  63.296 0.0 0.0   -0.018 
  63.352 0.0 0.0   -0.018 
  63.408 0.0 0.0   -0.017 
  63.463 0.0 0.0   -0.017 
  63.518 0.0 0.0   -0.016 
  63.573 0.0 0.0   -0.015 
  63.628 0.0 0.0   -0.014 
  63.684 0.0 0.0   -0.012 
  63.739 0.0 0.0   -0.010 
  63.794 0.0 0.0   -0.008 
  63.851 0.0 0.0   -0.006 
  63.905 0.0 0.0   -0.004 
  63.961 0.0 0.0   -0.002 
  64.016 0.0 0.0    0.001 
  64.076 0.0 0.0    0.002 
  64.126 0.0 0.0    0.005 
  64.181 0.0 0.0    0.008 
  64.236 0.0 0.0    0.010 
  64.291 0.0 0.0    0.012 
  64.346 0.0 0.0    0.013 
  64.401 0.0 0.0    0.014 
  64.457 0.0 0.0    0.016 
  64.512 0.0 0.0    0.018 
  64.568 0.0 0.0    0.019 
  64.623 0.0 0.0    0.019 
  64.678 0.0 0.0    0.020 
  64.733 0.0 0.0    0.019 
  64.789 0.0 0.0    0.019 
  64.844 0.0 0.0    0.017 
  64.899 0.0 0.0    0.017 
  64.955 0.0 0.0    0.016 
  65.009 0.0 0.0    0.014 
  65.065 0.0 0.0    0.012 
  65.120 0.0 0.0    0.010 
  65.176 0.0 0.0    0.008 
  65.232 0.0 0.0    0.005 
  65.286 0.0 0.0    0.002 
  65.341 0.0 0.0   -0.000 
  65.398 0.0 0.0   -0.002 
  65.453 0.0 0.0   -0.005 
  65.507 0.0 0.0   -0.008 
  65.562 0.0 0.0   -0.010 
  65.618 0.0 0.0   -0.012 
  65.673 0.0 0.0   -0.014 
  65.727 0.0 0.0   -0.015 
  65.783 0.0 0.0   -0.016 
  65.837 0.0 0.0   -0.016 
  65.893 0.0 0.0   -0.017 
  65.949 0.0 0.0   -0.017 
  66.004 0.0 0.0   -0.016 
  66.060 0.0 0.0   -0.015 
  66.115 0.0 0.0   -0.014 
  66.170 0.0 0.0   -0.013 
  66.230 0.0 0.0   -0.012 
  66.280 0.0 0.0   -0.010 
  66.335 0.0 0.0   -0.009 
  66.391 0.0 0.0   -0.007 
  66.446 0.0 0.0   -0.005 
  66.501 0.0 0.0   -0.004 
  66.556 0.0 0.0   -0.002 
  66.612 0.0 0.0    0.000 
  66.667 0.0 0.0    0.002 
  66.722 0.0 0.0    0.004 
  66.777 0.0 0.0    0.007 
  66.833 0.0 0.0    0.009 
  66.888 0.0 0.0    0.011 
  66.943 0.0 0.0    0.013 
  66.998 0.0 0.0    0.014 
  67.053 0.0 0.0    0.016 
  67.108 0.0 0.0    0.017 
  67.164 0.0 0.0    0.017 
  67.220 0.0 0.0    0.018 
  67.274 0.0 0.0    0.018 
  67.329 0.0 0.0    0.018 
  67.385 0.0 0.0    0.017 
  67.440 0.0 0.0    0.016 
  67.495 0.0 0.0    0.015 
  67.551 0.0 0.0    0.014 
  67.606 0.0 0.0    0.013 
  67.661 0.0 0.0    0.011 
  67.716 0.0 0.0    0.010 
  67.772 0.0 0.0    0.008 
  67.827 0.0 0.0    0.005 
  67.881 0.0 0.0    0.003 
  67.937 0.0 0.0    0.002 
  67.993 0.0 0.0    0.000 
  68.048 0.0 0.0   -0.002 
  68.104 0.0 0.0   -0.004 
  68.158 0.0 0.0   -0.006 
  68.216 0.0 0.0   -0.007 
  68.269 0.0 0.0   -0.008 
  68.324 0.0 0.0   -0.010 
  68.379 0.0 0.0   -0.012 
  68.435 0.0 0.0   -0.012 
  68.490 0.0 0.0   -0.013 
  68.545 0.0 0.0   -0.014 
  68.600 0.0 0.0   -0.014 
  68.656 0.0 0.0   -0.014 
  68.710 0.0 0.0   -0.015 
  68.766 0.0 0.0   -0.015 
  68.821 0.0 0.0   -0.014 
  68.877 0.0 0.0   -0.013 
  68.932 0.0 0.0   -0.011 
  68.986 0.0 0.0   -0.011 
  69.042 0.0 0.0   -0.009 
  69.098 0.0 0.0   -0.007 
  69.153 0.0 0.0   -0.005 
  69.209 0.0 0.0   -0.003 
  69.263 0.0 0.0   -0.002 
  69.319 0.0 0.0    0.000 
  69.375 0.0 0.0    0.001 
  69.429 0.0 0.0    0.004 
  69.484 0.0 0.0    0.006 
  69.540 0.0 0.0    0.008 
  69.594 0.0 0.0    0.010 
  69.649 0.0 0.0    0.012 
  69.705 0.0 0.0    0.012 
  69.760 0.0 0.0    0.013 
  69.815 0.0 0.0    0.014 
  69.870 0.0 0.0    0.015 
  69.926 0.0 0.0    0.016 
  69.982 0.0 0.0    0.016 
  70.037 0.0 0.0    0.016 
  70.097 0.0 0.0    0.017 
  70.150 0.0 0.0    0.016 
  70.205 0.0 0.0    0.015 
  70.260 0.0 0.0    0.014 
  70.315 0.0 0.0    0.013 
  70.370 0.0 0.0    0.012 
  70.426 0.0 0.0    0.010 
  70.481 0.0 0.0    0.007 
  70.535 0.0 0.0    0.006 
  70.590 0.0 0.0    0.004 
  70.646 0.0 0.0    0.001 
  70.701 0.0 0.0   -0.002 
  70.756 0.0 0.0   -0.004 
  70.812 0.0 0.0   -0.006 
  70.867 0.0 0.0   -0.007 
  70.922 0.0 0.0   -0.009 
  70.977 0.0 0.0   -0.011 
  71.032 0.0 0.0   -0.012 
  71.087 0.0 0.0   -0.014 
  71.143 0.0 0.0   -0.015 
  71.198 0.0 0.0   -0.016 
  71.254 0.0 0.0   -0.016 
  71.309 0.0 0.0   -0.017 
  71.364 0.0 0.0   -0.017 
  71.419 0.0 0.0   -0.017 
  71.475 0.0 0.0   -0.016 
  71.529 0.0 0.0   -0.014 
  71.585 0.0 0.0   -0.012 
  71.641 0.0 0.0   -0.011 
  71.696 0.0 0.0   -0.009 
  71.750 0.0 0.0   -0.008 
  71.807 0.0 0.0   -0.006 
  71.862 0.0 0.0   -0.003 
  71.917 0.0 0.0   -0.001 
  71.972 0.0 0.0    0.001 
  72.028 0.0 0.0    0.004 
  72.083 0.0 0.0    0.006 
  72.138 0.0 0.0    0.008 
  72.193 0.0 0.0    0.011 
  72.308 0.0 0.0    0.013 
  72.341 0.0 0.0    0.014 
  72.388 0.0 0.0    0.015 
  72.446 0.0 0.0    0.016 
  72.509 0.0 0.0    0.016 
  72.570 0.0 0.0    0.016 
  72.626 0.0 0.0    0.016 
  72.681 0.0 0.0    0.016 
  72.737 0.0 0.0    0.015 
  72.791 0.0 0.0    0.014 
  72.848 0.0 0.0    0.012 
  72.903 0.0 0.0    0.012 
  72.957 0.0 0.0    0.011 
  73.013 0.0 0.0    0.010 
  73.068 0.0 0.0    0.008 
  73.124 0.0 0.0    0.006 
  73.179 0.0 0.0    0.004 
  73.234 0.0 0.0    0.002 
  73.289 0.0 0.0    0.001 
  73.345 0.0 0.0   -0.000 
  73.400 0.0 0.0   -0.001 
  73.456 0.0 0.0   -0.003 
  73.511 0.0 0.0   -0.005 
  73.565 0.0 0.0   -0.007 
  73.622 0.0 0.0   -0.008 
  73.675 0.0 0.0   -0.009 
  73.732 0.0 0.0   -0.011 
  73.787 0.0 0.0   -0.011 
  73.842 0.0 0.0   -0.012 
  73.898 0.0 0.0   -0.013 
  73.953 0.0 0.0   -0.012 
  74.009 0.0 0.0   -0.013 
  74.066 0.0 0.0   -0.012 
  74.120 0.0 0.0   -0.011 
  74.174 0.0 0.0   -0.011 
  74.230 0.0 0.0   -0.010 
  74.286 0.0 0.0   -0.009 
  74.340 0.0 0.0   -0.007 
  74.395 0.0 0.0   -0.006 
  74.450 0.0 0.0   -0.005 
  74.505 0.0 0.0   -0.003 
  74.561 0.0 0.0   -0.002 
  74.616 0.0 0.0    0.000 
  74.671 0.0 0.0    0.002 
  74.727 0.0 0.0    0.005 
  74.783 0.0 0.0    0.007 
  74.837 0.0 0.0    0.009 
  74.892 0.0 0.0    0.011 
  74.948 0.0 0.0    0.011 
  75.004 0.0 0.0    0.013 
  75.059 0.0 0.0    0.014 
  75.114 0.0 0.0    0.015 
  75.168 0.0 0.0    0.015 
  75.224 0.0 0.0    0.015 
  75.279 0.0 0.0    0.015 
  75.335 0.0 0.0    0.014 
  75.391 0.0 0.0    0.014 
  75.445 0.0 0.0    0.014 
  75.501 0.0 0.0    0.013 
  75.556 0.0 0.0    0.012 
  75.612 0.0 0.0    0.011 
  75.666 0.0 0.0    0.009 
  75.722 0.0 0.0    0.008 
  75.777 0.0 0.0    0.007 
  75.833 0.0 0.0    0.005 
  75.888 0.0 0.0    0.005 
  75.943 0.0 0.0    0.002 
  75.998 0.0 0.0    0.000 
  76.055 0.0 0.0   -0.001 
  76.109 0.0 0.0   -0.002 
  76.164 0.0 0.0   -0.003 
  76.219 0.0 0.0   -0.005 
  76.275 0.0 0.0   -0.007 
  76.330 0.0 0.0   -0.009 
  76.385 0.0 0.0   -0.010 
  76.440 0.0 0.0   -0.011 
  76.496 0.0 0.0   -0.012 
  76.552 0.0 0.0   -0.013 
  76.606 0.0 0.0   -0.013 
  76.662 0.0 0.0   -0.013 
  76.718 0.0 0.0   -0.014 
  76.773 0.0 0.0   -0.013 
  76.828 0.0 0.0   -0.012 
  76.884 0.0 0.0   -0.011 
  76.939 0.0 0.0   -0.010 
  76.994 0.0 0.0   -0.009 
  77.051 0.0 0.0   -0.007 
  77.105 0.0 0.0   -0.005 
  77.159 0.0 0.0   -0.004 
  77.215 0.0 0.0   -0.003 
  77.270 0.0 0.0   -0.001 
  77.325 0.0 0.0    0.001 
  77.381 0.0 0.0    0.002 
  77.436 0.0 0.0    0.004 
  77.491 0.0 0.0    0.006 
  77.546 0.0 0.0    0.007 
  77.602 0.0 0.0    0.008 
  77.657 0.0 0.0    0.010 
  77.712 0.0 0.0    0.011 
  77.768 0.0 0.0    0.012 
  77.822 0.0 0.0    0.012 
  77.878 0.0 0.0    0.012 
  77.934 0.0 0.0    0.012 
  77.989 0.0 0.0    0.012 
  78.045 0.0 0.0    0.011 
  78.100 0.0 0.0    0.011 
  78.155 0.0 0.0    0.010 
  78.210 0.0 0.0    0.008 
  78.266 0.0 0.0    0.007 
  78.321 0.0 0.0    0.006 
  78.376 0.0 0.0    0.005 
  78.431 0.0 0.0    0.003 
  78.487 0.0 0.0    0.003 
  78.542 0.0 0.0    0.001 
  78.596 0.0 0.0   -0.001 
  78.653 0.0 0.0   -0.002 
  78.708 0.0 0.0   -0.003 
  78.763 0.0 0.0   -0.005 
  78.818 0.0 0.0   -0.006 
  78.873 0.0 0.0   -0.008 
  78.928 0.0 0.0   -0.009 
  78.983 0.0 0.0   -0.010 
  79.039 0.0 0.0   -0.011 
  79.094 0.0 0.0   -0.012 
  79.150 0.0 0.0   -0.012 
  79.206 0.0 0.0   -0.012 
  79.260 0.0 0.0   -0.012 
  79.316 0.0 0.0   -0.013 
  79.371 0.0 0.0   -0.012 
  79.427 0.0 0.0   -0.012 
  79.482 0.0 0.0   -0.011 
  79.539 0.0 0.0   -0.010 
  79.593 0.0 0.0   -0.009 
  79.648 0.0 0.0   -0.008 
  79.703 0.0 0.0   -0.007 
  79.758 0.0 0.0   -0.006 
  79.813 0.0 0.0   -0.005 
  79.869 0.0 0.0   -0.003 
  79.924 0.0 0.0   -0.001 
  79.978 0.0 0.0    0.000 
  80.034 0.0 0.0    0.002 
  80.090 0.0 0.0    0.003 
  80.145 0.0 0.0    0.005 
  80.200 0.0 0.0    0.007 
  80.256 0.0 0.0    0.009 
  80.310 0.0 0.0    0.010 
  80.366 0.0 0.0    0.011 
  80.421 0.0 0.0    0.012 
  80.476 0.0 0.0    0.013 
  80.532 0.0 0.0    0.013 
  80.589 0.0 0.0    0.014 
  80.643 0.0 0.0    0.014 
  80.698 0.0 0.0    0.013 
  80.753 0.0 0.0    0.013 
  80.809 0.0 0.0    0.013 
  80.863 0.0 0.0    0.012 
  80.921 0.0 0.0    0.011 
  80.974 0.0 0.0    0.009 
  81.029 0.0 0.0    0.008 
  81.084 0.0 0.0    0.007 
  81.140 0.0 0.0    0.004 
  81.200 0.0 0.0    0.003 
  81.251 0.0 0.0    0.002 
  81.305 0.0 0.0    0.000 
  81.361 0.0 0.0   -0.001 
  81.416 0.0 0.0   -0.002 
  81.471 0.0 0.0   -0.003 
  81.527 0.0 0.0   -0.004 
  81.582 0.0 0.0   -0.005 
  81.638 0.0 0.0   -0.006 
  81.693 0.0 0.0   -0.006 
  81.747 0.0 0.0   -0.007 
  81.804 0.0 0.0   -0.008 
  81.859 0.0 0.0   -0.009 
  81.914 0.0 0.0   -0.010 
  81.970 0.0 0.0   -0.010 
  82.026 0.0 0.0   -0.011 
  82.081 0.0 0.0   -0.012 
  82.136 0.0 0.0   -0.012 
  82.191 0.0 0.0   -0.012 
  82.246 0.0 0.0   -0.011 
  82.301 0.0 0.0   -0.010 
  82.357 0.0 0.0   -0.009 
  82.412 0.0 0.0   -0.007 
  82.467 0.0 0.0   -0.006 
  82.522 0.0 0.0   -0.004 
  82.576 0.0 0.0   -0.001 
  82.632 0.0 0.0    0.001 
  82.688 0.0 0.0    0.003 
  82.742 0.0 0.0    0.006 
  82.797 0.0 0.0    0.008 
  82.853 0.0 0.0    0.010 
  82.908 0.0 0.0    0.012 
  82.963 0.0 0.0    0.012 
  83.019 0.0 0.0    0.014 
  83.075 0.0 0.0    0.015 
  83.130 0.0 0.0    0.015 
  83.184 0.0 0.0    0.014 
  83.240 0.0 0.0    0.014 
  83.295 0.0 0.0    0.014 
  83.351 0.0 0.0    0.013 
  83.406 0.0 0.0    0.011 
  83.461 0.0 0.0    0.010 
  83.518 0.0 0.0    0.009 
  83.572 0.0 0.0    0.008 
  83.627 0.0 0.0    0.006 
  83.682 0.0 0.0    0.004 
  83.737 0.0 0.0    0.003 
  83.793 0.0 0.0    0.002 
  83.848 0.0 0.0   -0.000 
  83.903 0.0 0.0   -0.001 
  83.959 0.0 0.0   -0.002 
  84.016 0.0 0.0   -0.003 
  84.069 0.0 0.0   -0.004 
  84.126 0.0 0.0   -0.005 
  84.180 0.0 0.0   -0.006 
  84.235 0.0 0.0   -0.008 
  84.291 0.0 0.0   -0.009 
  84.346 0.0 0.0   -0.009 
  84.400 0.0 0.0   -0.010 
  84.456 0.0 0.0   -0.011 
  84.511 0.0 0.0   -0.012 
  84.568 0.0 0.0   -0.012 
  84.623 0.0 0.0   -0.012 
  84.678 0.0 0.0   -0.012 
  84.733 0.0 0.0   -0.013 
  84.788 0.0 0.0   -0.012 
  84.843 0.0 0.0   -0.011 
  84.899 0.0 0.0   -0.011 
  84.953 0.0 0.0   -0.010 
  85.008 0.0 0.0   -0.009 
  85.064 0.0 0.0   -0.007 
  85.120 0.0 0.0   -0.006 
  85.175 0.0 0.0   -0.004 
  85.230 0.0 0.0   -0.003 
  85.286 0.0 0.0   -0.001 
  85.340 0.0 0.0    0.001 
  85.396 0.0 0.0    0.003 
  85.450 0.0 0.0    0.004 
  85.507 0.0 0.0    0.007 
  85.562 0.0 0.0    0.007 
  85.617 0.0 0.0    0.008 
  85.672 0.0 0.0    0.009 
  85.728 0.0 0.0    0.011 
  85.783 0.0 0.0    0.013 
  85.839 0.0 0.0    0.014 
  85.895 0.0 0.0    0.014 
  85.950 0.0 0.0    0.014 
  86.005 0.0 0.0    0.015 
  86.061 0.0 0.0    0.014 
  86.115 0.0 0.0    0.013 
  86.171 0.0 0.0    0.013 
  86.227 0.0 0.0    0.012 
  86.282 0.0 0.0    0.010 
  86.336 0.0 0.0    0.008 
  86.391 0.0 0.0    0.005 
  86.447 0.0 0.0    0.003 
  86.502 0.0 0.0    0.002 
  86.557 0.0 0.0    0.001 
  86.613 0.0 0.0   -0.001 
  86.668 0.0 0.0   -0.003 
  86.723 0.0 0.0   -0.004 
  86.778 0.0 0.0   -0.006 
  86.833 0.0 0.0   -0.007 
  86.890 0.0 0.0   -0.007 
  86.944 0.0 0.0   -0.008 
  86.999 0.0 0.0   -0.008 
  87.055 0.0 0.0   -0.008 
  87.110 0.0 0.0   -0.008 
  87.165 0.0 0.0   -0.008 
  87.221 0.0 0.0   -0.009 
  87.276 0.0 0.0   -0.008 
  87.331 0.0 0.0   -0.007 
  87.386 0.0 0.0   -0.008 
  87.442 0.0 0.0   -0.007 
  87.497 0.0 0.0   -0.007 
  87.552 0.0 0.0   -0.006 
  87.607 0.0 0.0   -0.005 
  87.663 0.0 0.0   -0.005 
  87.718 0.0 0.0   -0.004 
  87.774 0.0 0.0   -0.003 
  87.828 0.0 0.0   -0.002 
  87.884 0.0 0.0   -0.000 
  87.938 0.0 0.0    0.001 
  87.994 0.0 0.0    0.003 
  88.050 0.0 0.0    0.005 
  88.105 0.0 0.0    0.006 
  88.161 0.0 0.0    0.007 
  88.217 0.0 0.0    0.009 
  88.271 0.0 0.0    0.009 
  88.326 0.0 0.0    0.010 
  88.382 0.0 0.0    0.011 
  88.438 0.0 0.0    0.012 
  88.492 0.0 0.0    0.012 
  88.548 0.0 0.0    0.012 
  88.604 0.0 0.0    0.012 
  88.659 0.0 0.0    0.012 
  88.714 0.0 0.0    0.011 
  88.769 0.0 0.0    0.010 
  88.824 0.0 0.0    0.009 
  88.879 0.0 0.0    0.008 
  88.934 0.0 0.0    0.007 
  88.990 0.0 0.0    0.005 
  89.044 0.0 0.0    0.004 
  89.100 0.0 0.0    0.004 
  89.155 0.0 0.0    0.002 
  89.211 0.0 0.0    0.001 
  89.266 0.0 0.0   -0.001 
  89.321 0.0 0.0   -0.002 
  89.377 0.0 0.0   -0.002 
  89.432 0.0 0.0   -0.004 
  89.487 0.0 0.0   -0.005 
  89.543 0.0 0.0   -0.006 
  89.597 0.0 0.0   -0.007 
  89.654 0.0 0.0   -0.009 
  89.708 0.0 0.0   -0.010 
  89.763 0.0 0.0   -0.011 
  89.819 0.0 0.0   -0.011 
  89.875 0.0 0.0   -0.011 
  89.931 0.0 0.0   -0.011 
  89.986 0.0 0.0   -0.010 
  90.041 0.0 0.0   -0.009 
  90.096 0.0 0.0   -0.008 
  90.153 0.0 0.0   -0.007 
  90.207 0.0 0.0   -0.006 
  90.261 0.0 0.0   -0.005 
  90.317 0.0 0.0   -0.004 
  90.373 0.0 0.0   -0.002 
  90.427 0.0 0.0   -0.001 
  90.482 0.0 0.0   -0.001 
  90.537 0.0 0.0    0.001 
  90.593 0.0 0.0    0.002 
  90.648 0.0 0.0    0.003 
  90.704 0.0 0.0    0.004 
  90.759 0.0 0.0    0.006 
  90.814 0.0 0.0    0.006 
  90.869 0.0 0.0    0.007 
  90.924 0.0 0.0    0.007 
  90.980 0.0 0.0    0.008 
  91.035 0.0 0.0    0.009 
  91.090 0.0 0.0    0.008 
  91.146 0.0 0.0    0.009 
  91.201 0.0 0.0    0.009 
  91.256 0.0 0.0    0.009 
  91.311 0.0 0.0    0.008 
  91.367 0.0 0.0    0.008 
  91.422 0.0 0.0    0.007 
  91.477 0.0 0.0    0.006 
  91.534 0.0 0.0    0.006 
  91.588 0.0 0.0    0.005 
  91.642 0.0 0.0    0.005 
  91.698 0.0 0.0    0.003 
  91.753 0.0 0.0    0.001 
  91.809 0.0 0.0    0.000 
  91.864 0.0 0.0   -0.002 
  91.920 0.0 0.0   -0.003 
  91.974 0.0 0.0   -0.004 
  92.030 0.0 0.0   -0.006 
  92.085 0.0 0.0   -0.007 
  92.140 0.0 0.0   -0.009 
  92.196 0.0 0.0   -0.010 
  92.251 0.0 0.0   -0.012 
  92.307 0.0 0.0   -0.012 
  92.361 0.0 0.0   -0.011 
  92.419 0.0 0.0   -0.011 
  92.473 0.0 0.0   -0.012 
  92.528 0.0 0.0   -0.012 
  92.584 0.0 0.0   -0.012 
  92.641 0.0 0.0   -0.011 
  92.694 0.0 0.0   -0.010 
  92.749 0.0 0.0   -0.009 
  92.805 0.0 0.0   -0.007 
  92.860 0.0 0.0   -0.006 
  92.914 0.0 0.0   -0.006 
  92.970 0.0 0.0   -0.005 
  93.026 0.0 0.0   -0.003 
  93.080 0.0 0.0   -0.001 
  93.136 0.0 0.0    0.000 
  93.191 0.0 0.0    0.002 
  93.247 0.0 0.0    0.003 
  93.302 0.0 0.0    0.003 
  93.357 0.0 0.0    0.005 
  93.412 0.0 0.0    0.007 
  93.468 0.0 0.0    0.008 
  93.523 0.0 0.0    0.009 
  93.577 0.0 0.0    0.011 
  93.634 0.0 0.0    0.011 
  93.690 0.0 0.0    0.012 
  93.745 0.0 0.0    0.012 
  93.799 0.0 0.0    0.013 
  93.855 0.0 0.0    0.015 
  93.911 0.0 0.0    0.014 
  93.968 0.0 0.0    0.014 
  94.022 0.0 0.0    0.014 
  94.076 0.0 0.0    0.012 
  94.121 0.0 0.0    0.010 
  94.176 0.0 0.0    0.009 
  94.234 0.0 0.0    0.009 
  94.294 0.0 0.0    0.007 
  94.349 0.0 0.0    0.005 
  94.404 0.0 0.0    0.002 
  94.459 0.0 0.0    0.000 
  94.514 0.0 0.0   -0.001 
  94.570 0.0 0.0   -0.002 
  94.625 0.0 0.0   -0.003 
  94.680 0.0 0.0   -0.004 
  94.735 0.0 0.0   -0.004 
  94.791 0.0 0.0   -0.005 
  94.846 0.0 0.0   -0.005 
  94.902 0.0 0.0   -0.006 
  94.957 0.0 0.0   -0.007 
  95.013 0.0 0.0   -0.007 
  95.067 0.0 0.0   -0.008 
  95.123 0.0 0.0   -0.007 
  95.178 0.0 0.0   -0.007 
  95.234 0.0 0.0   -0.008 
  95.289 0.0 0.0   -0.008 
  95.343 0.0 0.0   -0.008 
  95.399 0.0 0.0   -0.008 
  95.454 0.0 0.0   -0.007 
  95.509 0.0 0.0   -0.006 
  95.565 0.0 0.0   -0.006 
  95.621 0.0 0.0   -0.005 
  95.675 0.0 0.0   -0.004 
  95.731 0.0 0.0   -0.003 
  95.787 0.0 0.0   -0.001 
  95.841 0.0 0.0    0.000 
  95.896 0.0 0.0    0.002 
  95.951 0.0 0.0    0.003 
  96.007 0.0 0.0    0.003 
  96.062 0.0 0.0    0.004 
  96.118 0.0 0.0    0.005 
  96.173 0.0 0.0    0.006 
  96.229 0.0 0.0    0.006 
  96.285 0.0 0.0    0.007 
  96.339 0.0 0.0    0.007 
  96.395 0.0 0.0    0.007 
  96.450 0.0 0.0    0.007 
  96.506 0.0 0.0    0.007 
  96.561 0.0 0.0    0.008 
  96.617 0.0 0.0    0.008 
  96.672 0.0 0.0    0.007 
  96.727 0.0 0.0    0.008 
  96.782 0.0 0.0    0.007 
  96.837 0.0 0.0    0.007 
  96.891 0.0 0.0    0.005 
  96.947 0.0 0.0    0.004 
  97.002 0.0 0.0    0.003 
  97.057 0.0 0.0    0.003 
  97.113 0.0 0.0    0.002 
  97.172 0.0 0.0    0.001 
  97.225 0.0 0.0    0.000 
  97.280 0.0 0.0   -0.001 
  97.333 0.0 0.0   -0.003 
  97.390 0.0 0.0   -0.003 
  97.444 0.0 0.0   -0.004 
  97.500 0.0 0.0   -0.005 
  97.556 0.0 0.0   -0.006 
  97.611 0.0 0.0   -0.006 
  97.666 0.0 0.0   -0.007 
  97.721 0.0 0.0   -0.008 
  97.777 0.0 0.0   -0.009 
  97.832 0.0 0.0   -0.009 
  97.887 0.0 0.0   -0.009 
  97.943 0.0 0.0   -0.008 
  97.998 0.0 0.0   -0.008 
  98.054 0.0 0.0   -0.007 
  98.110 0.0 0.0   -0.007 
  98.164 0.0 0.0   -0.006 
  98.220 0.0 0.0   -0.005 
  98.275 0.0 0.0   -0.003 
  98.329 0.0 0.0   -0.002 
  98.384 0.0 0.0   -0.001 
  98.439 0.0 0.0   -0.000 
  98.495 0.0 0.0    0.001 
  98.551 0.0 0.0    0.002 
  98.605 0.0 0.0    0.003 
  98.661 0.0 0.0    0.004 
  98.715 0.0 0.0    0.006 
  98.772 0.0 0.0    0.007 
  98.827 0.0 0.0    0.007 
  98.882 0.0 0.0    0.009 
  98.937 0.0 0.0    0.009 
  98.993 0.0 0.0    0.010 
  99.049 0.0 0.0    0.010 
  99.104 0.0 0.0    0.009 
  99.159 0.0 0.0    0.009 
  99.214 0.0 0.0    0.010 
  99.269 0.0 0.0    0.008 
  99.324 0.0 0.0    0.007 
  99.380 0.0 0.0    0.007 
  99.436 0.0 0.0    0.005 
  99.490 0.0 0.0    0.004 
  99.546 0.0 0.0    0.003 
  99.601 0.0 0.0    0.001 
  99.656 0.0 0.0    0.001 
  99.712 0.0 0.0    0.000 
  99.767 0.0 0.0   -0.001 
  99.822 0.0 0.0   -0.002 
  99.877 0.0 0.0   -0.003 
  99.933 0.0 0.0   -0.005 
  99.988 0.0 0.0   -0.007 
 100.043 0.0 0.0   -0.008 
 100.098 0.0 0.0   -0.010 
 100.153 0.0 0.0   -0.010 
 100.209 0.0 0.0   -0.012 
 100.326 0.0 0.0   -0.012 
 100.359 0.0 0.0   -0.012 
 100.408 0.0 0.0   -0.012 
 100.466 0.0 0.0   -0.011 
 100.526 0.0 0.0   -0.011 
 100.586 0.0 0.0   -0.010 
 100.641 0.0 0.0   -0.009 
 100.696 0.0 0.0   -0.007 
 100.751 0.0 0.0   -0.005 
 100.806 0.0 0.0   -0.004 
 100.861 0.0 0.0   -0.004 
 100.916 0.0 0.0   -0.003 
 100.972 0.0 0.0   -0.002 
 101.028 0.0 0.0   -0.000 
 101.083 0.0 0.0    0.001 
 101.137 0.0 0.0    0.002 
 101.193 0.0 0.0    0.003 
 101.248 0.0 0.0    0.004 
 101.303 0.0 0.0    0.004 
 101.358 0.0 0.0    0.006 
 101.416 0.0 0.0    0.008 
 101.470 0.0 0.0    0.008 
 101.525 0.0 0.0    0.008 
 101.579 0.0 0.0    0.009 
 101.635 0.0 0.0    0.009 
 101.691 0.0 0.0    0.009 
 101.746 0.0 0.0    0.008 
 101.802 0.0 0.0    0.009 
 101.856 0.0 0.0    0.010 
 101.912 0.0 0.0    0.009 
 101.968 0.0 0.0    0.008 
 102.023 0.0 0.0    0.008 
 102.078 0.0 0.0    0.008 
 102.134 0.0 0.0    0.006 
 102.189 0.0 0.0    0.005 
 102.243 0.0 0.0    0.005 
 102.298 0.0 0.0    0.004 
 102.353 0.0 0.0    0.003 
 102.410 0.0 0.0    0.001 
 102.464 0.0 0.0   -0.000 
 102.520 0.0 0.0   -0.001 
 102.575 0.0 0.0   -0.002 
 102.630 0.0 0.0   -0.002 
 102.685 0.0 0.0   -0.003 
 102.741 0.0 0.0   -0.004 
 102.797 0.0 0.0   -0.005 
 102.851 0.0 0.0   -0.004 
 102.906 0.0 0.0   -0.005 
 102.963 0.0 0.0   -0.005 
 103.017 0.0 0.0   -0.005 
 103.072 0.0 0.0   -0.006 
 103.129 0.0 0.0   -0.007 
 103.183 0.0 0.0   -0.007 
 103.238 0.0 0.0   -0.008 
 103.294 0.0 0.0   -0.007 
 103.349 0.0 0.0   -0.006 
 103.404 0.0 0.0   -0.007 
 103.460 0.0 0.0   -0.006 
 103.514 0.0 0.0   -0.005 
 103.570 0.0 0.0   -0.004 
 103.626 0.0 0.0   -0.003 
 103.680 0.0 0.0   -0.002 
 103.736 0.0 0.0   -0.001 
 103.792 0.0 0.0    0.001 
 103.846 0.0 0.0    0.001 
 103.902 0.0 0.0    0.002 
 103.957 0.0 0.0    0.003 
 104.012 0.0 0.0    0.004 
 104.068 0.0 0.0    0.005 
 104.123 0.0 0.0    0.005 
 104.178 0.0 0.0    0.006 
 104.234 0.0 0.0    0.007 
 104.289 0.0 0.0    0.008 
 104.345 0.0 0.0    0.008 
 104.400 0.0 0.0    0.007 
 104.457 0.0 0.0    0.007 
 104.511 0.0 0.0    0.007 
 104.566 0.0 0.0    0.006 
 104.621 0.0 0.0    0.006 
 104.676 0.0 0.0    0.005 
 104.731 0.0 0.0    0.005 
 104.787 0.0 0.0    0.004 
 104.841 0.0 0.0    0.003 
 104.896 0.0 0.0    0.002 
 104.952 0.0 0.0    0.002 
 105.007 0.0 0.0    0.001 
 105.062 0.0 0.0    0.001 
 105.118 0.0 0.0    0.000 
 105.172 0.0 0.0   -0.001 
 105.228 0.0 0.0   -0.001 
 105.283 0.0 0.0   -0.001 
 105.338 0.0 0.0   -0.002 
 105.394 0.0 0.0   -0.002 
 105.449 0.0 0.0   -0.003 
 105.504 0.0 0.0   -0.004 
 105.561 0.0 0.0   -0.004 
 105.616 0.0 0.0   -0.004 
 105.670 0.0 0.0   -0.005 
 105.726 0.0 0.0   -0.005 
 105.781 0.0 0.0   -0.005 
 105.837 0.0 0.0   -0.006 
 105.892 0.0 0.0   -0.006 
 105.948 0.0 0.0   -0.006 
 106.003 0.0 0.0   -0.006 
 106.060 0.0 0.0   -0.005 
 106.114 0.0 0.0   -0.004 
 106.168 0.0 0.0   -0.004 
 106.224 0.0 0.0   -0.003 
 106.279 0.0 0.0   -0.002 
 106.334 0.0 0.0   -0.001 
 106.389 0.0 0.0    0.000 
 106.444 0.0 0.0    0.001 
 106.500 0.0 0.0    0.002 
 106.559 0.0 0.0    0.003 
 106.616 0.0 0.0    0.004 
 106.671 0.0 0.0    0.005 
 106.726 0.0 0.0    0.007 
 106.781 0.0 0.0    0.006 
 106.836 0.0 0.0    0.007 
 106.892 0.0 0.0    0.008 
 106.947 0.0 0.0    0.008 
 107.002 0.0 0.0    0.008 
 107.058 0.0 0.0    0.009 
 107.113 0.0 0.0    0.008 
 107.171 0.0 0.0    0.008 
 107.224 0.0 0.0    0.008 
 107.279 0.0 0.0    0.006 
 107.334 0.0 0.0    0.006 
 107.388 0.0 0.0    0.005 
 107.444 0.0 0.0    0.004 
 107.499 0.0 0.0    0.004 
 107.554 0.0 0.0    0.003 
 107.611 0.0 0.0    0.001 
 107.665 0.0 0.0    0.001 
 107.720 0.0 0.0    0.001 
 107.776 0.0 0.0    0.000 
 107.831 0.0 0.0   -0.001 
 107.885 0.0 0.0   -0.002 
 107.942 0.0 0.0   -0.003 
 107.997 0.0 0.0   -0.003 
 108.052 0.0 0.0   -0.004 
 108.107 0.0 0.0   -0.005 
 108.163 0.0 0.0   -0.005 
 108.219 0.0 0.0   -0.006 
 108.275 0.0 0.0   -0.006 
 108.330 0.0 0.0   -0.006 
 108.385 0.0 0.0   -0.006 
 108.440 0.0 0.0   -0.006 
 108.496 0.0 0.0   -0.006 
 108.551 0.0 0.0   -0.006 
 108.607 0.0 0.0   -0.005 
 108.661 0.0 0.0   -0.004 
 108.717 0.0 0.0   -0.003 
 108.772 0.0 0.0   -0.003 
 108.826 0.0 0.0   -0.002 
 108.882 0.0 0.0   -0.002 
 108.937 0.0 0.0   -0.001 
 108.992 0.0 0.0   -0.000 
 109.047 0.0 0.0    0.001 
 109.103 0.0 0.0    0.002 
 109.158 0.0 0.0    0.002 
 109.212 0.0 0.0    0.003 
 109.268 0.0 0.0    0.003 
 109.324 0.0 0.0    0.004 
 109.378 0.0 0.0    0.004 
 109.434 0.0 0.0    0.005 
 109.490 0.0 0.0    0.005 
 109.545 0.0 0.0    0.006 
 109.600 0.0 0.0    0.007 
 109.656 0.0 0.0    0.007 
 109.710 0.0 0.0    0.008 
 109.766 0.0 0.0    0.007 
 109.826 0.0 0.0    0.007 
 109.879 0.0 0.0    0.007 
 109.933 0.0 0.0    0.007 
 109.989 0.0 0.0    0.007 
 110.044 0.0 0.0    0.006 
 110.100 0.0 0.0    0.005 
 110.155 0.0 0.0    0.004 
 110.208 0.0 0.0    0.003 
 110.318 0.0 0.0    0.002 
 110.350 0.0 0.0    0.001 
 110.399 0.0 0.0    0.000 
 110.458 0.0 0.0   -0.000 
 110.519 0.0 0.0   -0.001 
 110.579 0.0 0.0   -0.002 
 110.634 0.0 0.0   -0.003 
 110.690 0.0 0.0   -0.003 
 110.745 0.0 0.0   -0.004 
 110.800 0.0 0.0   -0.005 
 110.855 0.0 0.0   -0.004 
 110.911 0.0 0.0   -0.004 
 110.966 0.0 0.0   -0.004 
 111.021 0.0 0.0   -0.004 
 111.077 0.0 0.0   -0.004 
 111.132 0.0 0.0   -0.004 
 111.188 0.0 0.0   -0.004 
 111.242 0.0 0.0   -0.004 
 111.298 0.0 0.0   -0.003 
 111.353 0.0 0.0   -0.002 
 111.408 0.0 0.0   -0.002 
 111.464 0.0 0.0   -0.001 
 111.518 0.0 0.0   -0.001 
 111.574 0.0 0.0   -0.001 
 111.630 0.0 0.0    0.000 
 111.684 0.0 0.0    0.001 
 111.740 0.0 0.0    0.001 
 111.796 0.0 0.0    0.002 
 111.850 0.0 0.0    0.003 
 111.905 0.0 0.0    0.003 
 111.960 0.0 0.0    0.004 
 112.016 0.0 0.0    0.005 
 112.072 0.0 0.0    0.006 
 112.127 0.0 0.0    0.007 
 112.183 0.0 0.0    0.007 
 112.238 0.0 0.0    0.007 
 112.294 0.0 0.0    0.008 
 112.350 0.0 0.0    0.008 
 112.405 0.0 0.0    0.007 
 112.460 0.0 0.0    0.007 
 112.515 0.0 0.0    0.006 
 112.569 0.0 0.0    0.005 
 112.625 0.0 0.0    0.004 
 112.680 0.0 0.0    0.004 
 112.735 0.0 0.0    0.003 
 112.790 0.0 0.0    0.003 
 112.845 0.0 0.0    0.002 
