   0.000 0.0 0.0   -0.188 
   0.055 0.0 0.0   -0.184 
   0.111 0.0 0.0   -0.179 
   0.165 0.0 0.0   -0.174 
   0.222 0.0 0.0   -0.168 
   0.274 0.0 0.0   -0.161 
   0.330 0.0 0.0   -0.149 
   0.386 0.0 0.0   -0.135 
   0.445 0.0 0.0   -0.119 
   0.500 0.0 0.0   -0.102 
   0.555 0.0 0.0   -0.083 
   0.610 0.0 0.0   -0.063 
   0.666 0.0 0.0   -0.043 
   0.721 0.0 0.0   -0.021 
   0.776 0.0 0.0    0.002 
   0.831 0.0 0.0    0.022 
   0.886 0.0 0.0    0.044 
   0.942 0.0 0.0    0.065 
   0.998 0.0 0.0    0.085 
   1.053 0.0 0.0    0.103 
   1.109 0.0 0.0    0.119 
   1.165 0.0 0.0    0.134 
   1.222 0.0 0.0    0.147 
   1.277 0.0 0.0    0.157 
   1.335 0.0 0.0    0.166 
   1.390 0.0 0.0    0.172 
   1.444 0.0 0.0    0.174 
   1.498 0.0 0.0    0.175 
   1.553 0.0 0.0    0.171 
   1.608 0.0 0.0    0.166 
   1.664 0.0 0.0    0.159 
   1.719 0.0 0.0    0.149 
   1.774 0.0 0.0    0.137 
   1.829 0.0 0.0    0.123 
   1.884 0.0 0.0    0.107 
   1.938 0.0 0.0    0.090 
   1.993 0.0 0.0    0.070 
   2.048 0.0 0.0    0.051 
   2.104 0.0 0.0    0.031 
   2.159 0.0 0.0    0.011 
   2.214 0.0 0.0   -0.010 
   2.270 0.0 0.0   -0.031 
   2.326 0.0 0.0   -0.051 
   2.381 0.0 0.0   -0.070 
   2.437 0.0 0.0   -0.088 
   2.494 0.0 0.0   -0.105 
   2.550 0.0 0.0   -0.119 
   2.607 0.0 0.0   -0.132 
   2.664 0.0 0.0   -0.143 
   2.720 0.0 0.0   -0.151 
   2.768 0.0 0.0   -0.158 
   2.821 0.0 0.0   -0.160 
   2.875 0.0 0.0   -0.160 
   2.931 0.0 0.0   -0.158 
   2.987 0.0 0.0   -0.153 
   3.042 0.0 0.0   -0.146 
   3.097 0.0 0.0   -0.137 
   3.151 0.0 0.0   -0.126 
   3.206 0.0 0.0   -0.114 
   3.261 0.0 0.0   -0.102 
   3.315 0.0 0.0   -0.086 
   3.370 0.0 0.0   -0.072 
   3.426 0.0 0.0   -0.056 
   3.480 0.0 0.0   -0.039 
   3.540 0.0 0.0   -0.022 
   3.596 0.0 0.0   -0.004 
   3.651 0.0 0.0    0.015 
   3.706 0.0 0.0    0.034 
   3.761 0.0 0.0    0.052 
   3.817 0.0 0.0    0.070 
   3.873 0.0 0.0    0.086 
   3.929 0.0 0.0    0.102 
   3.988 0.0 0.0    0.116 
   4.043 0.0 0.0    0.127 
   4.099 0.0 0.0    0.137 
   4.154 0.0 0.0    0.143 
   4.210 0.0 0.0    0.148 
   4.262 0.0 0.0    0.149 
   4.317 0.0 0.0    0.148 
   4.373 0.0 0.0    0.146 
   4.428 0.0 0.0    0.140 
   4.483 0.0 0.0    0.132 
   4.538 0.0 0.0    0.123 
   4.594 0.0 0.0    0.112 
   4.648 0.0 0.0    0.099 
   4.702 0.0 0.0    0.087 
   4.756 0.0 0.0    0.072 
   4.812 0.0 0.0    0.058 
   4.867 0.0 0.0    0.042 
   4.923 0.0 0.0    0.026 
   4.979 0.0 0.0    0.010 
   5.033 0.0 0.0   -0.007 
   5.090 0.0 0.0   -0.024 
   5.145 0.0 0.0   -0.040 
   5.201 0.0 0.0   -0.057 
   5.255 0.0 0.0   -0.073 
   5.312 0.0 0.0   -0.087 
   5.367 0.0 0.0   -0.101 
   5.425 0.0 0.0   -0.113 
   5.480 0.0 0.0   -0.123 
   5.536 0.0 0.0   -0.130 
   5.592 0.0 0.0   -0.135 
   5.645 0.0 0.0   -0.138 
   5.700 0.0 0.0   -0.140 
   5.755 0.0 0.0   -0.138 
   5.810 0.0 0.0   -0.134 
   5.866 0.0 0.0   -0.129 
   5.921 0.0 0.0   -0.122 
   5.976 0.0 0.0   -0.113 
   6.031 0.0 0.0   -0.104 
   6.086 0.0 0.0   -0.093 
   6.141 0.0 0.0   -0.080 
   6.196 0.0 0.0   -0.067 
   6.251 0.0 0.0   -0.052 
   6.306 0.0 0.0   -0.038 
   6.361 0.0 0.0   -0.022 
   6.416 0.0 0.0   -0.006 
   6.471 0.0 0.0    0.010 
   6.526 0.0 0.0    0.027 
   6.581 0.0 0.0    0.044 
   6.637 0.0 0.0    0.059 
   6.694 0.0 0.0    0.073 
   6.749 0.0 0.0    0.087 
   6.806 0.0 0.0    0.098 
   6.861 0.0 0.0    0.109 
   6.917 0.0 0.0    0.117 
   6.973 0.0 0.0    0.124 
   7.030 0.0 0.0    0.128 
   7.082 0.0 0.0    0.129 
   7.136 0.0 0.0    0.129 
   7.191 0.0 0.0    0.128 
   7.248 0.0 0.0    0.124 
   7.304 0.0 0.0    0.119 
   7.358 0.0 0.0    0.112 
   7.414 0.0 0.0    0.103 
   7.469 0.0 0.0    0.093 
   7.524 0.0 0.0    0.082 
   7.578 0.0 0.0    0.069 
   7.633 0.0 0.0    0.056 
   7.688 0.0 0.0    0.041 
   7.745 0.0 0.0    0.027 
   7.799 0.0 0.0    0.011 
   7.855 0.0 0.0   -0.005 
   7.911 0.0 0.0   -0.020 
   7.966 0.0 0.0   -0.036 
   8.022 0.0 0.0   -0.051 
   8.078 0.0 0.0   -0.064 
   8.133 0.0 0.0   -0.077 
   8.189 0.0 0.0   -0.088 
   8.245 0.0 0.0   -0.098 
   8.300 0.0 0.0   -0.107 
   8.359 0.0 0.0   -0.113 
   8.411 0.0 0.0   -0.118 
   8.458 0.0 0.0   -0.119 
   8.513 0.0 0.0   -0.120 
   8.569 0.0 0.0   -0.119 
   8.624 0.0 0.0   -0.116 
   8.680 0.0 0.0   -0.111 
   8.735 0.0 0.0   -0.103 
   8.790 0.0 0.0   -0.094 
   8.845 0.0 0.0   -0.084 
   8.900 0.0 0.0   -0.073 
   8.959 0.0 0.0   -0.061 
   9.014 0.0 0.0   -0.050 
   9.070 0.0 0.0   -0.037 
   9.125 0.0 0.0   -0.023 
   9.179 0.0 0.0   -0.009 
   9.236 0.0 0.0    0.004 
   9.290 0.0 0.0    0.017 
   9.346 0.0 0.0    0.029 
   9.402 0.0 0.0    0.042 
   9.457 0.0 0.0    0.054 
   9.513 0.0 0.0    0.066 
   9.569 0.0 0.0    0.077 
   9.625 0.0 0.0    0.086 
   9.681 0.0 0.0    0.094 
   9.736 0.0 0.0    0.102 
   9.791 0.0 0.0    0.106 
   9.846 0.0 0.0    0.110 
   9.899 0.0 0.0    0.112 
   9.955 0.0 0.0    0.112 
  10.010 0.0 0.0    0.110 
  10.066 0.0 0.0    0.105 
  10.122 0.0 0.0    0.100 
  10.177 0.0 0.0    0.092 
  10.232 0.0 0.0    0.084 
  10.287 0.0 0.0    0.075 
  10.343 0.0 0.0    0.065 
  10.398 0.0 0.0    0.054 
  10.452 0.0 0.0    0.042 
  10.508 0.0 0.0    0.031 
  10.563 0.0 0.0    0.017 
  10.619 0.0 0.0    0.005 
  10.673 0.0 0.0   -0.007 
  10.729 0.0 0.0   -0.019 
  10.785 0.0 0.0   -0.031 
  10.839 0.0 0.0   -0.044 
  10.896 0.0 0.0   -0.056 
  10.951 0.0 0.0   -0.067 
  11.007 0.0 0.0   -0.077 
  11.063 0.0 0.0   -0.086 
  11.121 0.0 0.0   -0.092 
  11.174 0.0 0.0   -0.098 
  11.228 0.0 0.0   -0.101 
  11.282 0.0 0.0   -0.103 
  11.337 0.0 0.0   -0.104 
  11.392 0.0 0.0   -0.102 
  11.448 0.0 0.0   -0.098 
  11.504 0.0 0.0   -0.093 
  11.560 0.0 0.0   -0.087 
  11.615 0.0 0.0   -0.079 
  11.670 0.0 0.0   -0.070 
  11.726 0.0 0.0   -0.061 
  11.779 0.0 0.0   -0.050 
  11.834 0.0 0.0   -0.040 
  11.890 0.0 0.0   -0.028 
  11.945 0.0 0.0   -0.018 
  12.000 0.0 0.0   -0.006 
  12.056 0.0 0.0    0.006 
  12.111 0.0 0.0    0.018 
  12.167 0.0 0.0    0.029 
  12.222 0.0 0.0    0.040 
  12.277 0.0 0.0    0.050 
  12.333 0.0 0.0    0.060 
  12.388 0.0 0.0    0.069 
  12.444 0.0 0.0    0.077 
  12.499 0.0 0.0    0.084 
  12.555 0.0 0.0    0.089 
  12.609 0.0 0.0    0.094 
  12.665 0.0 0.0    0.096 
  12.718 0.0 0.0    0.097 
  12.774 0.0 0.0    0.095 
  12.830 0.0 0.0    0.092 
  12.886 0.0 0.0    0.088 
  12.941 0.0 0.0    0.082 
  13.001 0.0 0.0    0.076 
  13.056 0.0 0.0    0.069 
  13.108 0.0 0.0    0.060 
  13.162 0.0 0.0    0.049 
  13.221 0.0 0.0    0.039 
  13.276 0.0 0.0    0.028 
  13.328 0.0 0.0    0.017 
  13.384 0.0 0.0    0.008 
  13.443 0.0 0.0   -0.004 
  13.494 0.0 0.0   -0.015 
  13.550 0.0 0.0   -0.027 
  13.609 0.0 0.0   -0.038 
  13.661 0.0 0.0   -0.048 
  13.717 0.0 0.0   -0.057 
  13.772 0.0 0.0   -0.065 
  13.831 0.0 0.0   -0.072 
  13.884 0.0 0.0   -0.079 
  13.939 0.0 0.0   -0.084 
  13.996 0.0 0.0   -0.087 
  14.050 0.0 0.0   -0.089 
  14.105 0.0 0.0   -0.090 
  14.161 0.0 0.0   -0.089 
  14.213 0.0 0.0   -0.087 
  14.268 0.0 0.0   -0.083 
  14.324 0.0 0.0   -0.078 
  14.383 0.0 0.0   -0.072 
  14.438 0.0 0.0   -0.064 
  14.493 0.0 0.0   -0.056 
  14.544 0.0 0.0   -0.047 
  14.603 0.0 0.0   -0.036 
  14.658 0.0 0.0   -0.026 
  14.710 0.0 0.0   -0.016 
  14.769 0.0 0.0   -0.006 
  14.821 0.0 0.0    0.004 
  14.880 0.0 0.0    0.014 
  14.936 0.0 0.0    0.024 
  14.991 0.0 0.0    0.033 
  15.047 0.0 0.0    0.042 
  15.096 0.0 0.0    0.050 
  15.152 0.0 0.0    0.057 
  15.207 0.0 0.0    0.064 
  15.260 0.0 0.0    0.070 
  15.318 0.0 0.0    0.076 
  15.373 0.0 0.0    0.080 
  15.426 0.0 0.0    0.083 
  15.479 0.0 0.0    0.083 
  15.535 0.0 0.0    0.084 
  15.590 0.0 0.0    0.081 
  15.652 0.0 0.0    0.078 
  15.705 0.0 0.0    0.073 
  15.764 0.0 0.0    0.067 
  15.816 0.0 0.0    0.060 
  15.874 0.0 0.0    0.051 
  15.930 0.0 0.0    0.042 
  15.985 0.0 0.0    0.033 
  16.040 0.0 0.0    0.024 
  16.093 0.0 0.0    0.013 
  16.147 0.0 0.0    0.004 
  16.203 0.0 0.0   -0.006 
  16.258 0.0 0.0   -0.016 
  16.313 0.0 0.0   -0.025 
  16.368 0.0 0.0   -0.035 
  16.423 0.0 0.0   -0.042 
  16.480 0.0 0.0   -0.050 
  16.535 0.0 0.0   -0.057 
  16.590 0.0 0.0   -0.063 
  16.646 0.0 0.0   -0.068 
  16.701 0.0 0.0   -0.073 
  16.755 0.0 0.0   -0.076 
  16.810 0.0 0.0   -0.078 
  16.865 0.0 0.0   -0.078 
  16.919 0.0 0.0   -0.078 
  16.975 0.0 0.0   -0.075 
  17.031 0.0 0.0   -0.072 
  17.087 0.0 0.0   -0.068 
  17.143 0.0 0.0   -0.062 
  17.198 0.0 0.0   -0.055 
  17.253 0.0 0.0   -0.048 
  17.308 0.0 0.0   -0.040 
  17.366 0.0 0.0   -0.032 
  17.419 0.0 0.0   -0.024 
  17.474 0.0 0.0   -0.015 
  17.529 0.0 0.0   -0.006 
  17.585 0.0 0.0    0.003 
  17.640 0.0 0.0    0.012 
  17.696 0.0 0.0    0.020 
  17.751 0.0 0.0    0.029 
  17.806 0.0 0.0    0.037 
  17.862 0.0 0.0    0.044 
  17.917 0.0 0.0    0.051 
  17.973 0.0 0.0    0.058 
  18.028 0.0 0.0    0.063 
  18.083 0.0 0.0    0.067 
  18.137 0.0 0.0    0.070 
  18.194 0.0 0.0    0.072 
  18.249 0.0 0.0    0.073 
  18.302 0.0 0.0    0.072 
  18.357 0.0 0.0    0.071 
  18.414 0.0 0.0    0.067 
  18.469 0.0 0.0    0.064 
  18.525 0.0 0.0    0.060 
  18.580 0.0 0.0    0.055 
  18.636 0.0 0.0    0.048 
  18.691 0.0 0.0    0.040 
  18.747 0.0 0.0    0.031 
  18.802 0.0 0.0    0.023 
  18.857 0.0 0.0    0.014 
  18.913 0.0 0.0    0.005 
  18.968 0.0 0.0   -0.004 
  19.023 0.0 0.0   -0.012 
  19.079 0.0 0.0   -0.022 
  19.135 0.0 0.0   -0.031 
  19.189 0.0 0.0   -0.039 
  19.245 0.0 0.0   -0.045 
  19.300 0.0 0.0   -0.051 
  19.355 0.0 0.0   -0.056 
  19.411 0.0 0.0   -0.060 
  19.466 0.0 0.0   -0.063 
  19.520 0.0 0.0   -0.065 
  19.575 0.0 0.0   -0.067 
  19.630 0.0 0.0   -0.067 
  19.685 0.0 0.0   -0.067 
  19.740 0.0 0.0   -0.065 
  19.796 0.0 0.0   -0.062 
  19.852 0.0 0.0   -0.059 
  19.907 0.0 0.0   -0.054 
  19.965 0.0 0.0   -0.048 
  20.018 0.0 0.0   -0.042 
  20.073 0.0 0.0   -0.035 
  20.130 0.0 0.0   -0.029 
  20.184 0.0 0.0   -0.022 
  20.238 0.0 0.0   -0.013 
  20.295 0.0 0.0   -0.005 
  20.350 0.0 0.0    0.003 
  20.405 0.0 0.0    0.012 
  20.460 0.0 0.0    0.019 
  20.515 0.0 0.0    0.026 
  20.571 0.0 0.0    0.033 
  20.626 0.0 0.0    0.039 
  20.683 0.0 0.0    0.044 
  20.737 0.0 0.0    0.050 
  20.793 0.0 0.0    0.054 
  20.847 0.0 0.0    0.057 
  20.903 0.0 0.0    0.060 
  20.956 0.0 0.0    0.061 
  21.011 0.0 0.0    0.062 
  21.067 0.0 0.0    0.062 
  21.123 0.0 0.0    0.062 
  21.178 0.0 0.0    0.059 
  21.234 0.0 0.0    0.056 
  21.290 0.0 0.0    0.053 
  21.345 0.0 0.0    0.048 
  21.400 0.0 0.0    0.043 
  21.456 0.0 0.0    0.036 
  21.511 0.0 0.0    0.029 
  21.566 0.0 0.0    0.022 
  21.623 0.0 0.0    0.013 
  21.677 0.0 0.0    0.005 
  21.732 0.0 0.0   -0.003 
  21.787 0.0 0.0   -0.012 
  21.844 0.0 0.0   -0.020 
  21.899 0.0 0.0   -0.027 
  21.954 0.0 0.0   -0.034 
  22.011 0.0 0.0   -0.040 
  22.065 0.0 0.0   -0.046 
  22.120 0.0 0.0   -0.050 
  22.175 0.0 0.0   -0.053 
  22.230 0.0 0.0   -0.056 
  22.284 0.0 0.0   -0.057 
  22.338 0.0 0.0   -0.058 
  22.397 0.0 0.0   -0.059 
  22.449 0.0 0.0   -0.058 
  22.506 0.0 0.0   -0.056 
  22.560 0.0 0.0   -0.053 
  22.616 0.0 0.0   -0.049 
  22.673 0.0 0.0   -0.045 
  22.727 0.0 0.0   -0.041 
  22.783 0.0 0.0   -0.035 
  22.839 0.0 0.0   -0.028 
  22.893 0.0 0.0   -0.022 
  22.949 0.0 0.0   -0.016 
  23.003 0.0 0.0   -0.008 
  23.059 0.0 0.0   -0.001 
  23.116 0.0 0.0    0.006 
  23.170 0.0 0.0    0.013 
  23.225 0.0 0.0    0.020 
  23.280 0.0 0.0    0.027 
  23.336 0.0 0.0    0.033 
  23.390 0.0 0.0    0.038 
  23.446 0.0 0.0    0.043 
  23.502 0.0 0.0    0.048 
  23.556 0.0 0.0    0.051 
  23.611 0.0 0.0    0.054 
  23.666 0.0 0.0    0.055 
  23.721 0.0 0.0    0.056 
  23.776 0.0 0.0    0.056 
  23.832 0.0 0.0    0.055 
  23.887 0.0 0.0    0.054 
  23.942 0.0 0.0    0.052 
  23.998 0.0 0.0    0.049 
  24.053 0.0 0.0    0.046 
  24.110 0.0 0.0    0.042 
  24.164 0.0 0.0    0.036 
  24.222 0.0 0.0    0.030 
  24.276 0.0 0.0    0.024 
  24.331 0.0 0.0    0.017 
  24.386 0.0 0.0    0.011 
  24.442 0.0 0.0    0.003 
  24.497 0.0 0.0   -0.005 
  24.552 0.0 0.0   -0.012 
  24.607 0.0 0.0   -0.019 
  24.662 0.0 0.0   -0.026 
  24.718 0.0 0.0   -0.031 
  24.773 0.0 0.0   -0.037 
  24.828 0.0 0.0   -0.041 
  24.883 0.0 0.0   -0.044 
  24.938 0.0 0.0   -0.048 
  24.992 0.0 0.0   -0.050 
  25.047 0.0 0.0   -0.051 
  25.103 0.0 0.0   -0.051 
  25.158 0.0 0.0   -0.051 
  25.213 0.0 0.0   -0.050 
  25.269 0.0 0.0   -0.048 
  25.324 0.0 0.0   -0.046 
  25.380 0.0 0.0   -0.044 
  25.435 0.0 0.0   -0.040 
  25.491 0.0 0.0   -0.036 
  25.546 0.0 0.0   -0.031 
  25.602 0.0 0.0   -0.025 
  25.657 0.0 0.0   -0.020 
  25.713 0.0 0.0   -0.014 
  25.767 0.0 0.0   -0.007 
  25.822 0.0 0.0   -0.000 
  25.877 0.0 0.0    0.006 
  25.933 0.0 0.0    0.013 
  25.988 0.0 0.0    0.019 
  26.044 0.0 0.0    0.025 
  26.099 0.0 0.0    0.030 
  26.155 0.0 0.0    0.035 
  26.210 0.0 0.0    0.040 
  26.264 0.0 0.0    0.043 
  26.319 0.0 0.0    0.046 
  26.374 0.0 0.0    0.047 
  26.429 0.0 0.0    0.048 
  26.483 0.0 0.0    0.049 
  26.540 0.0 0.0    0.049 
  26.596 0.0 0.0    0.048 
  26.650 0.0 0.0    0.047 
  26.705 0.0 0.0    0.045 
  26.761 0.0 0.0    0.042 
  26.817 0.0 0.0    0.037 
  26.873 0.0 0.0    0.032 
  26.928 0.0 0.0    0.027 
  26.983 0.0 0.0    0.021 
  27.039 0.0 0.0    0.015 
  27.095 0.0 0.0    0.009 
  27.150 0.0 0.0    0.002 
  27.205 0.0 0.0   -0.004 
  27.260 0.0 0.0   -0.010 
  27.315 0.0 0.0   -0.017 
  27.371 0.0 0.0   -0.021 
  27.426 0.0 0.0   -0.026 
  27.481 0.0 0.0   -0.030 
  27.536 0.0 0.0   -0.034 
  27.591 0.0 0.0   -0.037 
  27.646 0.0 0.0   -0.040 
  27.701 0.0 0.0   -0.042 
  27.756 0.0 0.0   -0.044 
  27.811 0.0 0.0   -0.045 
  27.866 0.0 0.0   -0.045 
  27.922 0.0 0.0   -0.045 
  27.976 0.0 0.0   -0.044 
  28.032 0.0 0.0   -0.042 
  28.087 0.0 0.0   -0.040 
  28.143 0.0 0.0   -0.036 
  28.198 0.0 0.0   -0.032 
  28.255 0.0 0.0   -0.028 
  28.309 0.0 0.0   -0.023 
  28.365 0.0 0.0   -0.018 
  28.421 0.0 0.0   -0.013 
  28.476 0.0 0.0   -0.006 
  28.531 0.0 0.0   -0.000 
  28.586 0.0 0.0    0.005 
  28.643 0.0 0.0    0.011 
  28.697 0.0 0.0    0.017 
  28.752 0.0 0.0    0.022 
  28.807 0.0 0.0    0.027 
  28.862 0.0 0.0    0.031 
  28.918 0.0 0.0    0.035 
  28.973 0.0 0.0    0.038 
  29.028 0.0 0.0    0.041 
  29.083 0.0 0.0    0.043 
  29.138 0.0 0.0    0.044 
  29.192 0.0 0.0    0.044 
  29.248 0.0 0.0    0.043 
  29.303 0.0 0.0    0.043 
  29.358 0.0 0.0    0.042 
  29.414 0.0 0.0    0.039 
  29.469 0.0 0.0    0.036 
  29.525 0.0 0.0    0.031 
  29.581 0.0 0.0    0.028 
  29.637 0.0 0.0    0.023 
  29.692 0.0 0.0    0.018 
  29.747 0.0 0.0    0.014 
  29.803 0.0 0.0    0.009 
  29.861 0.0 0.0    0.004 
  29.913 0.0 0.0   -0.002 
  29.969 0.0 0.0   -0.007 
  30.024 0.0 0.0   -0.012 
  30.079 0.0 0.0   -0.016 
  30.134 0.0 0.0   -0.021 
  30.190 0.0 0.0   -0.025 
  30.244 0.0 0.0   -0.028 
  30.299 0.0 0.0   -0.032 
  30.354 0.0 0.0   -0.036 
  30.409 0.0 0.0   -0.038 
  30.464 0.0 0.0   -0.039 
  30.520 0.0 0.0   -0.040 
  30.575 0.0 0.0   -0.040 
  30.631 0.0 0.0   -0.040 
  30.687 0.0 0.0   -0.039 
  30.741 0.0 0.0   -0.037 
  30.796 0.0 0.0   -0.035 
  30.851 0.0 0.0   -0.033 
  30.907 0.0 0.0   -0.030 
  30.963 0.0 0.0   -0.025 
  31.021 0.0 0.0   -0.021 
  31.077 0.0 0.0   -0.016 
  31.129 0.0 0.0   -0.011 
  31.184 0.0 0.0   -0.006 
  31.239 0.0 0.0   -0.001 
  31.296 0.0 0.0    0.004 
  31.354 0.0 0.0    0.010 
  31.407 0.0 0.0    0.015 
  31.461 0.0 0.0    0.021 
  31.517 0.0 0.0    0.025 
  31.570 0.0 0.0    0.029 
  31.626 0.0 0.0    0.031 
  31.681 0.0 0.0    0.034 
  31.736 0.0 0.0    0.037 
  31.790 0.0 0.0    0.038 
  31.846 0.0 0.0    0.039 
  31.901 0.0 0.0    0.040 
  31.956 0.0 0.0    0.040 
  32.013 0.0 0.0    0.039 
  32.067 0.0 0.0    0.038 
  32.122 0.0 0.0    0.036 
  32.178 0.0 0.0    0.034 
  32.233 0.0 0.0    0.031 
  32.289 0.0 0.0    0.027 
  32.345 0.0 0.0    0.023 
  32.400 0.0 0.0    0.018 
  32.456 0.0 0.0    0.013 
  32.511 0.0 0.0    0.009 
  32.567 0.0 0.0    0.004 
  32.622 0.0 0.0   -0.001 
  32.677 0.0 0.0   -0.007 
  32.732 0.0 0.0   -0.012 
  32.787 0.0 0.0   -0.017 
  32.842 0.0 0.0   -0.021 
  32.898 0.0 0.0   -0.024 
  32.952 0.0 0.0   -0.028 
  33.008 0.0 0.0   -0.032 
  33.063 0.0 0.0   -0.034 
  33.117 0.0 0.0   -0.036 
  33.172 0.0 0.0   -0.037 
  33.228 0.0 0.0   -0.038 
  33.284 0.0 0.0   -0.038 
  33.339 0.0 0.0   -0.037 
  33.394 0.0 0.0   -0.036 
  33.449 0.0 0.0   -0.035 
  33.505 0.0 0.0   -0.032 
  33.561 0.0 0.0   -0.029 
  33.616 0.0 0.0   -0.025 
  33.671 0.0 0.0   -0.022 
  33.727 0.0 0.0   -0.018 
  33.782 0.0 0.0   -0.014 
  33.838 0.0 0.0   -0.009 
  33.894 0.0 0.0   -0.004 
  33.948 0.0 0.0    0.001 
  34.003 0.0 0.0    0.006 
  34.059 0.0 0.0    0.010 
  34.114 0.0 0.0    0.014 
  34.171 0.0 0.0    0.018 
  34.225 0.0 0.0    0.022 
  34.280 0.0 0.0    0.026 
  34.334 0.0 0.0    0.028 
  34.389 0.0 0.0    0.031 
  34.445 0.0 0.0    0.033 
  34.499 0.0 0.0    0.034 
  34.554 0.0 0.0    0.036 
  34.610 0.0 0.0    0.037 
  34.666 0.0 0.0    0.036 
  34.721 0.0 0.0    0.036 
  34.777 0.0 0.0    0.034 
  34.832 0.0 0.0    0.032 
  34.887 0.0 0.0    0.030 
  34.942 0.0 0.0    0.028 
  34.998 0.0 0.0    0.026 
  35.055 0.0 0.0    0.023 
  35.110 0.0 0.0    0.019 
  35.165 0.0 0.0    0.014 
  35.220 0.0 0.0    0.010 
  35.276 0.0 0.0    0.005 
  35.331 0.0 0.0    0.001 
  35.386 0.0 0.0   -0.004 
  35.442 0.0 0.0   -0.008 
  35.496 0.0 0.0   -0.013 
  35.552 0.0 0.0   -0.018 
  35.607 0.0 0.0   -0.022 
  35.662 0.0 0.0   -0.026 
  35.717 0.0 0.0   -0.028 
  35.772 0.0 0.0   -0.030 
  35.827 0.0 0.0   -0.032 
  35.882 0.0 0.0   -0.033 
  35.937 0.0 0.0   -0.033 
  35.993 0.0 0.0   -0.033 
  36.048 0.0 0.0   -0.033 
  36.106 0.0 0.0   -0.032 
  36.159 0.0 0.0   -0.030 
  36.218 0.0 0.0   -0.028 
  36.270 0.0 0.0   -0.025 
  36.325 0.0 0.0   -0.023 
  36.381 0.0 0.0   -0.019 
  36.436 0.0 0.0   -0.015 
  36.492 0.0 0.0   -0.011 
  36.547 0.0 0.0   -0.006 
  36.603 0.0 0.0   -0.002 
  36.658 0.0 0.0    0.002 
  36.713 0.0 0.0    0.007 
  36.768 0.0 0.0    0.011 
  36.823 0.0 0.0    0.015 
  36.879 0.0 0.0    0.018 
  36.933 0.0 0.0    0.022 
  36.989 0.0 0.0    0.024 
  37.044 0.0 0.0    0.026 
  37.099 0.0 0.0    0.028 
  37.154 0.0 0.0    0.030 
  37.209 0.0 0.0    0.031 
  37.264 0.0 0.0    0.032 
  37.319 0.0 0.0    0.032 
  37.375 0.0 0.0    0.032 
  37.434 0.0 0.0    0.032 
  37.486 0.0 0.0    0.031 
  37.541 0.0 0.0    0.030 
  37.596 0.0 0.0    0.028 
  37.652 0.0 0.0    0.025 
  37.708 0.0 0.0    0.021 
  37.764 0.0 0.0    0.018 
  37.820 0.0 0.0    0.014 
  37.875 0.0 0.0    0.010 
  37.931 0.0 0.0    0.006 
  37.986 0.0 0.0    0.002 
  38.042 0.0 0.0   -0.002 
  38.097 0.0 0.0   -0.007 
  38.152 0.0 0.0   -0.011 
  38.208 0.0 0.0   -0.014 
  38.262 0.0 0.0   -0.017 
  38.317 0.0 0.0   -0.020 
  38.372 0.0 0.0   -0.022 
  38.428 0.0 0.0   -0.025 
  38.483 0.0 0.0   -0.027 
  38.537 0.0 0.0   -0.029 
  38.593 0.0 0.0   -0.030 
  38.649 0.0 0.0   -0.030 
  38.704 0.0 0.0   -0.030 
  38.761 0.0 0.0   -0.029 
  38.815 0.0 0.0   -0.028 
  38.870 0.0 0.0   -0.027 
  38.924 0.0 0.0   -0.026 
  38.980 0.0 0.0   -0.024 
  39.035 0.0 0.0   -0.022 
  39.091 0.0 0.0   -0.018 
  39.147 0.0 0.0   -0.015 
  39.202 0.0 0.0   -0.011 
  39.259 0.0 0.0   -0.007 
  39.313 0.0 0.0   -0.004 
  39.369 0.0 0.0    0.001 
  39.423 0.0 0.0    0.005 
  39.479 0.0 0.0    0.010 
  39.534 0.0 0.0    0.013 
  39.589 0.0 0.0    0.017 
  39.644 0.0 0.0    0.020 
  39.700 0.0 0.0    0.022 
  39.755 0.0 0.0    0.025 
  39.809 0.0 0.0    0.026 
  39.864 0.0 0.0    0.027 
  39.919 0.0 0.0    0.028 
  39.975 0.0 0.0    0.029 
  40.031 0.0 0.0    0.029 
  40.086 0.0 0.0    0.029 
  40.142 0.0 0.0    0.029 
  40.197 0.0 0.0    0.027 
  40.252 0.0 0.0    0.025 
  40.308 0.0 0.0    0.023 
  40.363 0.0 0.0    0.020 
  40.418 0.0 0.0    0.018 
  40.474 0.0 0.0    0.015 
  40.529 0.0 0.0    0.012 
  40.585 0.0 0.0    0.008 
  40.641 0.0 0.0    0.004 
  40.697 0.0 0.0   -0.000 
  40.751 0.0 0.0   -0.004 
  40.807 0.0 0.0   -0.007 
  40.862 0.0 0.0   -0.011 
  40.916 0.0 0.0   -0.014 
  40.972 0.0 0.0   -0.017 
  41.026 0.0 0.0   -0.020 
  41.083 0.0 0.0   -0.023 
  41.137 0.0 0.0   -0.025 
  41.255 0.0 0.0   -0.027 
  41.287 0.0 0.0   -0.028 
  41.335 0.0 0.0   -0.028 
  41.395 0.0 0.0   -0.028 
  41.456 0.0 0.0   -0.028 
  41.518 0.0 0.0   -0.027 
  41.573 0.0 0.0   -0.026 
  41.627 0.0 0.0   -0.024 
  41.683 0.0 0.0   -0.021 
  41.740 0.0 0.0   -0.018 
  41.794 0.0 0.0   -0.015 
  41.849 0.0 0.0   -0.012 
  41.904 0.0 0.0   -0.009 
  41.960 0.0 0.0   -0.007 
  42.016 0.0 0.0   -0.003 
  42.072 0.0 0.0    0.001 
  42.126 0.0 0.0    0.004 
  42.182 0.0 0.0    0.007 
  42.237 0.0 0.0    0.010 
  42.292 0.0 0.0    0.013 
  42.347 0.0 0.0    0.016 
  42.402 0.0 0.0    0.019 
  42.457 0.0 0.0    0.022 
  42.512 0.0 0.0    0.024 
  42.567 0.0 0.0    0.026 
  42.622 0.0 0.0    0.027 
  42.679 0.0 0.0    0.028 
  42.734 0.0 0.0    0.028 
  42.789 0.0 0.0    0.028 
  42.845 0.0 0.0    0.027 
  42.899 0.0 0.0    0.025 
  42.954 0.0 0.0    0.024 
  43.010 0.0 0.0    0.022 
  43.065 0.0 0.0    0.018 
  43.121 0.0 0.0    0.015 
  43.176 0.0 0.0    0.011 
  43.233 0.0 0.0    0.007 
  43.287 0.0 0.0    0.004 
  43.343 0.0 0.0    0.000 
  43.398 0.0 0.0   -0.003 
  43.454 0.0 0.0   -0.006 
  43.509 0.0 0.0   -0.010 
  43.563 0.0 0.0   -0.013 
  43.619 0.0 0.0   -0.016 
  43.674 0.0 0.0   -0.018 
  43.729 0.0 0.0   -0.019 
  43.784 0.0 0.0   -0.020 
  43.839 0.0 0.0   -0.022 
  43.896 0.0 0.0   -0.023 
  43.950 0.0 0.0   -0.024 
  44.005 0.0 0.0   -0.024 
  44.062 0.0 0.0   -0.024 
  44.117 0.0 0.0   -0.024 
  44.173 0.0 0.0   -0.024 
  44.228 0.0 0.0   -0.023 
  44.282 0.0 0.0   -0.021 
  44.337 0.0 0.0   -0.020 
  44.392 0.0 0.0   -0.018 
  44.448 0.0 0.0   -0.016 
  44.504 0.0 0.0   -0.013 
  44.559 0.0 0.0   -0.009 
  44.615 0.0 0.0   -0.006 
  44.670 0.0 0.0   -0.003 
  44.725 0.0 0.0   -0.000 
  44.780 0.0 0.0    0.003 
  44.836 0.0 0.0    0.006 
  44.891 0.0 0.0    0.009 
  44.946 0.0 0.0    0.012 
  45.001 0.0 0.0    0.015 
  45.056 0.0 0.0    0.017 
  45.111 0.0 0.0    0.019 
  45.166 0.0 0.0    0.020 
  45.223 0.0 0.0    0.023 
  45.276 0.0 0.0    0.024 
  45.332 0.0 0.0    0.025 
  45.387 0.0 0.0    0.025 
  45.443 0.0 0.0    0.025 
  45.499 0.0 0.0    0.025 
  45.553 0.0 0.0    0.024 
  45.609 0.0 0.0    0.024 
  45.663 0.0 0.0    0.022 
  45.719 0.0 0.0    0.019 
  45.775 0.0 0.0    0.017 
  45.830 0.0 0.0    0.013 
  45.885 0.0 0.0    0.010 
  45.941 0.0 0.0    0.007 
  45.996 0.0 0.0    0.004 
  46.054 0.0 0.0    0.001 
  46.108 0.0 0.0   -0.003 
  46.168 0.0 0.0   -0.007 
  46.220 0.0 0.0   -0.010 
  46.275 0.0 0.0   -0.013 
  46.333 0.0 0.0   -0.016 
  46.384 0.0 0.0   -0.017 
  46.443 0.0 0.0   -0.019 
  46.498 0.0 0.0   -0.021 
  46.553 0.0 0.0   -0.022 
  46.606 0.0 0.0   -0.024 
  46.665 0.0 0.0   -0.024 
  46.718 0.0 0.0   -0.024 
  46.772 0.0 0.0   -0.024 
  46.832 0.0 0.0   -0.023 
  46.883 0.0 0.0   -0.023 
  46.941 0.0 0.0   -0.022 
  46.997 0.0 0.0   -0.021 
  47.043 0.0 0.0   -0.020 
  47.100 0.0 0.0   -0.017 
  47.156 0.0 0.0   -0.015 
  47.211 0.0 0.0   -0.012 
  47.267 0.0 0.0   -0.009 
  47.320 0.0 0.0   -0.007 
  47.375 0.0 0.0   -0.005 
  47.433 0.0 0.0   -0.001 
  47.485 0.0 0.0    0.003 
  47.541 0.0 0.0    0.006 
  47.596 0.0 0.0    0.009 
  47.650 0.0 0.0    0.011 
  47.705 0.0 0.0    0.014 
  47.760 0.0 0.0    0.015 
  47.816 0.0 0.0    0.017 
  47.875 0.0 0.0    0.019 
  47.930 0.0 0.0    0.021 
  47.985 0.0 0.0    0.021 
  48.040 0.0 0.0    0.021 
  48.096 0.0 0.0    0.022 
  48.152 0.0 0.0    0.022 
  48.207 0.0 0.0    0.023 
  48.263 0.0 0.0    0.021 
  48.317 0.0 0.0    0.020 
  48.373 0.0 0.0    0.018 
  48.428 0.0 0.0    0.016 
  48.485 0.0 0.0    0.014 
  48.539 0.0 0.0    0.012 
  48.595 0.0 0.0    0.009 
  48.651 0.0 0.0    0.007 
  48.705 0.0 0.0    0.003 
  48.761 0.0 0.0    0.000 
  48.816 0.0 0.0   -0.002 
  48.872 0.0 0.0   -0.005 
  48.927 0.0 0.0   -0.008 
  48.982 0.0 0.0   -0.011 
  49.037 0.0 0.0   -0.013 
  49.092 0.0 0.0   -0.015 
  49.147 0.0 0.0   -0.018 
  49.203 0.0 0.0   -0.019 
  49.258 0.0 0.0   -0.021 
  49.312 0.0 0.0   -0.022 
  49.368 0.0 0.0   -0.023 
  49.424 0.0 0.0   -0.023 
  49.480 0.0 0.0   -0.022 
  49.535 0.0 0.0   -0.022 
  49.590 0.0 0.0   -0.020 
  49.645 0.0 0.0   -0.018 
  49.700 0.0 0.0   -0.016 
  49.755 0.0 0.0   -0.013 
  49.812 0.0 0.0   -0.011 
  49.867 0.0 0.0   -0.008 
  49.926 0.0 0.0   -0.006 
  49.978 0.0 0.0   -0.003 
  50.033 0.0 0.0   -0.000 
  50.088 0.0 0.0    0.002 
  50.147 0.0 0.0    0.004 
  50.200 0.0 0.0    0.006 
  50.255 0.0 0.0    0.009 
  50.310 0.0 0.0    0.011 
  50.365 0.0 0.0    0.013 
  50.420 0.0 0.0    0.016 
  50.474 0.0 0.0    0.018 
  50.529 0.0 0.0    0.020 
  50.584 0.0 0.0    0.021 
  50.639 0.0 0.0    0.023 
  50.695 0.0 0.0    0.023 
  50.751 0.0 0.0    0.024 
  50.807 0.0 0.0    0.024 
  50.862 0.0 0.0    0.023 
  50.917 0.0 0.0    0.022 
  50.972 0.0 0.0    0.022 
  51.027 0.0 0.0    0.020 
  51.083 0.0 0.0    0.018 
  51.138 0.0 0.0    0.015 
  51.193 0.0 0.0    0.013 
  51.249 0.0 0.0    0.010 
  51.304 0.0 0.0    0.007 
  51.359 0.0 0.0    0.004 
  51.415 0.0 0.0    0.001 
  51.472 0.0 0.0   -0.001 
  51.526 0.0 0.0   -0.005 
  51.581 0.0 0.0   -0.008 
  51.636 0.0 0.0   -0.010 
  51.691 0.0 0.0   -0.012 
  51.750 0.0 0.0   -0.014 
  51.802 0.0 0.0   -0.015 
  51.857 0.0 0.0   -0.016 
  51.912 0.0 0.0   -0.017 
  51.971 0.0 0.0   -0.019 
  52.023 0.0 0.0   -0.020 
  52.079 0.0 0.0   -0.021 
  52.134 0.0 0.0   -0.020 
  52.190 0.0 0.0   -0.020 
  52.248 0.0 0.0   -0.019 
  52.303 0.0 0.0   -0.018 
  52.354 0.0 0.0   -0.017 
  52.413 0.0 0.0   -0.016 
  52.465 0.0 0.0   -0.014 
  52.520 0.0 0.0   -0.012 
  52.577 0.0 0.0   -0.010 
  52.632 0.0 0.0   -0.008 
  52.686 0.0 0.0   -0.006 
  52.742 0.0 0.0   -0.003 
  52.796 0.0 0.0    0.001 
  52.851 0.0 0.0    0.003 
  52.908 0.0 0.0    0.006 
  52.963 0.0 0.0    0.009 
  53.017 0.0 0.0    0.011 
  53.072 0.0 0.0    0.014 
  53.128 0.0 0.0    0.016 
  53.183 0.0 0.0    0.018 
  53.238 0.0 0.0    0.020 
  53.293 0.0 0.0    0.021 
  53.348 0.0 0.0    0.022 
  53.404 0.0 0.0    0.022 
  53.459 0.0 0.0    0.022 
  53.520 0.0 0.0    0.021 
  53.571 0.0 0.0    0.021 
  53.627 0.0 0.0    0.020 
  53.682 0.0 0.0    0.018 
  53.736 0.0 0.0    0.016 
  53.791 0.0 0.0    0.014 
  53.846 0.0 0.0    0.012 
  53.902 0.0 0.0    0.009 
  53.959 0.0 0.0    0.007 
  54.013 0.0 0.0    0.004 
  54.069 0.0 0.0    0.001 
  54.123 0.0 0.0   -0.001 
  54.178 0.0 0.0   -0.004 
  54.234 0.0 0.0   -0.007 
  54.289 0.0 0.0   -0.009 
  54.345 0.0 0.0   -0.012 
  54.402 0.0 0.0   -0.014 
  54.456 0.0 0.0   -0.015 
  54.511 0.0 0.0   -0.017 
  54.565 0.0 0.0   -0.018 
  54.621 0.0 0.0   -0.019 
  54.676 0.0 0.0   -0.020 
  54.732 0.0 0.0   -0.020 
  54.788 0.0 0.0   -0.020 
  54.842 0.0 0.0   -0.020 
  54.897 0.0 0.0   -0.019 
  54.953 0.0 0.0   -0.018 
  55.007 0.0 0.0   -0.017 
  55.062 0.0 0.0   -0.015 
  55.118 0.0 0.0   -0.014 
  55.175 0.0 0.0   -0.012 
  55.229 0.0 0.0   -0.009 
  55.285 0.0 0.0   -0.007 
  55.340 0.0 0.0   -0.004 
  55.395 0.0 0.0   -0.001 
  55.450 0.0 0.0    0.002 
  55.506 0.0 0.0    0.006 
  55.561 0.0 0.0    0.009 
  55.616 0.0 0.0    0.010 
  55.671 0.0 0.0    0.013 
  55.727 0.0 0.0    0.015 
  55.782 0.0 0.0    0.017 
  55.838 0.0 0.0    0.018 
  55.892 0.0 0.0    0.019 
  55.948 0.0 0.0    0.020 
  56.003 0.0 0.0    0.020 
  56.058 0.0 0.0    0.019 
  56.114 0.0 0.0    0.019 
  56.170 0.0 0.0    0.019 
  56.225 0.0 0.0    0.018 
  56.280 0.0 0.0    0.016 
  56.335 0.0 0.0    0.014 
  56.389 0.0 0.0    0.013 
  56.445 0.0 0.0    0.012 
  56.501 0.0 0.0    0.010 
  56.556 0.0 0.0    0.008 
  56.611 0.0 0.0    0.006 
  56.666 0.0 0.0    0.003 
  56.722 0.0 0.0    0.001 
  56.777 0.0 0.0   -0.001 
  56.834 0.0 0.0   -0.004 
  56.887 0.0 0.0   -0.006 
  56.944 0.0 0.0   -0.009 
  56.998 0.0 0.0   -0.012 
  57.053 0.0 0.0   -0.014 
  57.108 0.0 0.0   -0.016 
  57.163 0.0 0.0   -0.018 
  57.218 0.0 0.0   -0.018 
  57.274 0.0 0.0   -0.019 
  57.329 0.0 0.0   -0.019 
  57.384 0.0 0.0   -0.019 
  57.440 0.0 0.0   -0.019 
  57.495 0.0 0.0   -0.018 
  57.551 0.0 0.0   -0.017 
  57.606 0.0 0.0   -0.016 
  57.661 0.0 0.0   -0.014 
  57.717 0.0 0.0   -0.013 
  57.771 0.0 0.0   -0.011 
  57.828 0.0 0.0   -0.009 
  57.882 0.0 0.0   -0.007 
  57.937 0.0 0.0   -0.005 
  57.992 0.0 0.0   -0.003 
  58.048 0.0 0.0   -0.001 
  58.103 0.0 0.0    0.000 
  58.159 0.0 0.0    0.002 
  58.215 0.0 0.0    0.004 
  58.269 0.0 0.0    0.006 
  58.325 0.0 0.0    0.008 
  58.380 0.0 0.0    0.010 
  58.435 0.0 0.0    0.012 
  58.490 0.0 0.0    0.013 
  58.545 0.0 0.0    0.015 
  58.600 0.0 0.0    0.016 
  58.656 0.0 0.0    0.018 
  58.712 0.0 0.0    0.018 
  58.767 0.0 0.0    0.018 
  58.823 0.0 0.0    0.018 
  58.877 0.0 0.0    0.018 
  58.932 0.0 0.0    0.017 
  58.990 0.0 0.0    0.016 
  59.044 0.0 0.0    0.015 
  59.098 0.0 0.0    0.014 
  59.154 0.0 0.0    0.012 
  59.209 0.0 0.0    0.009 
  59.264 0.0 0.0    0.007 
  59.320 0.0 0.0    0.004 
  59.375 0.0 0.0    0.002 
  59.430 0.0 0.0   -0.000 
  59.486 0.0 0.0   -0.003 
  59.541 0.0 0.0   -0.004 
  59.596 0.0 0.0   -0.006 
  59.652 0.0 0.0   -0.009 
  59.706 0.0 0.0   -0.011 
  59.761 0.0 0.0   -0.013 
  59.817 0.0 0.0   -0.014 
  59.872 0.0 0.0   -0.015 
  59.927 0.0 0.0   -0.016 
  59.982 0.0 0.0   -0.017 
  60.038 0.0 0.0   -0.018 
  60.093 0.0 0.0   -0.018 
  60.149 0.0 0.0   -0.018 
  60.205 0.0 0.0   -0.017 
  60.260 0.0 0.0   -0.016 
  60.315 0.0 0.0   -0.015 
  60.370 0.0 0.0   -0.014 
  60.425 0.0 0.0   -0.012 
  60.480 0.0 0.0   -0.011 
  60.536 0.0 0.0   -0.009 
  60.591 0.0 0.0   -0.007 
  60.646 0.0 0.0   -0.005 
  60.701 0.0 0.0   -0.004 
  60.757 0.0 0.0   -0.001 
  60.812 0.0 0.0    0.001 
  60.867 0.0 0.0    0.003 
  60.922 0.0 0.0    0.005 
  60.978 0.0 0.0    0.008 
  61.032 0.0 0.0    0.010 
  61.088 0.0 0.0    0.012 
  61.144 0.0 0.0    0.013 
  61.198 0.0 0.0    0.015 
  61.253 0.0 0.0    0.017 
  61.308 0.0 0.0    0.017 
  61.364 0.0 0.0    0.018 
  61.419 0.0 0.0    0.017 
  61.475 0.0 0.0    0.017 
  61.530 0.0 0.0    0.017 
  61.585 0.0 0.0    0.016 
  61.640 0.0 0.0    0.015 
  61.695 0.0 0.0    0.014 
  61.751 0.0 0.0    0.012 
  61.807 0.0 0.0    0.010 
  61.861 0.0 0.0    0.009 
  61.916 0.0 0.0    0.007 
  61.972 0.0 0.0    0.005 
  62.026 0.0 0.0    0.003 
  62.082 0.0 0.0   -0.001 
  62.137 0.0 0.0   -0.003 
  62.193 0.0 0.0   -0.006 
  62.248 0.0 0.0   -0.008 
  62.303 0.0 0.0   -0.010 
  62.358 0.0 0.0   -0.012 
  62.414 0.0 0.0   -0.014 
  62.469 0.0 0.0   -0.015 
  62.524 0.0 0.0   -0.016 
  62.579 0.0 0.0   -0.016 
  62.636 0.0 0.0   -0.017 
  62.690 0.0 0.0   -0.017 
  62.745 0.0 0.0   -0.016 
  62.801 0.0 0.0   -0.016 
  62.857 0.0 0.0   -0.015 
  62.911 0.0 0.0   -0.014 
  62.967 0.0 0.0   -0.013 
  63.021 0.0 0.0   -0.013 
  63.077 0.0 0.0   -0.013 
  63.132 0.0 0.0   -0.010 
  63.187 0.0 0.0   -0.009 
  63.243 0.0 0.0   -0.007 
  63.297 0.0 0.0   -0.006 
  63.353 0.0 0.0   -0.004 
  63.408 0.0 0.0   -0.002 
  63.464 0.0 0.0   -0.000 
  63.518 0.0 0.0    0.002 
  63.574 0.0 0.0    0.005 
  63.629 0.0 0.0    0.007 
  63.684 0.0 0.0    0.008 
  63.739 0.0 0.0    0.010 
  63.795 0.0 0.0    0.011 
  63.850 0.0 0.0    0.012 
  63.905 0.0 0.0    0.014 
  63.961 0.0 0.0    0.015 
  64.016 0.0 0.0    0.016 
  64.072 0.0 0.0    0.015 
  64.127 0.0 0.0    0.014 
  64.183 0.0 0.0    0.014 
  64.238 0.0 0.0    0.014 
  64.293 0.0 0.0    0.012 
  64.349 0.0 0.0    0.012 
  64.402 0.0 0.0    0.011 
  64.458 0.0 0.0    0.009 
  64.513 0.0 0.0    0.007 
  64.568 0.0 0.0    0.005 
  64.624 0.0 0.0    0.003 
  64.679 0.0 0.0    0.001 
  64.734 0.0 0.0    0.000 
  64.790 0.0 0.0   -0.000 
  64.846 0.0 0.0   -0.002 
  64.901 0.0 0.0   -0.004 
  64.956 0.0 0.0   -0.007 
  65.011 0.0 0.0   -0.008 
  65.065 0.0 0.0   -0.010 
  65.121 0.0 0.0   -0.012 
  65.177 0.0 0.0   -0.012 
  65.231 0.0 0.0   -0.013 
  65.287 0.0 0.0   -0.014 
  65.342 0.0 0.0   -0.015 
  65.398 0.0 0.0   -0.016 
  65.453 0.0 0.0   -0.015 
  65.509 0.0 0.0   -0.015 
  65.564 0.0 0.0   -0.014 
  65.619 0.0 0.0   -0.013 
  65.674 0.0 0.0   -0.011 
  65.729 0.0 0.0   -0.009 
  65.785 0.0 0.0   -0.008 
  65.840 0.0 0.0   -0.006 
  65.895 0.0 0.0   -0.004 
  65.949 0.0 0.0   -0.002 
  66.005 0.0 0.0   -0.001 
  66.060 0.0 0.0   -0.000 
  66.117 0.0 0.0    0.001 
  66.171 0.0 0.0    0.003 
  66.231 0.0 0.0    0.004 
  66.281 0.0 0.0    0.005 
  66.337 0.0 0.0    0.007 
  66.392 0.0 0.0    0.008 
  66.447 0.0 0.0    0.009 
  66.503 0.0 0.0    0.010 
  66.558 0.0 0.0    0.012 
  66.614 0.0 0.0    0.013 
  66.669 0.0 0.0    0.015 
  66.725 0.0 0.0    0.015 
  66.780 0.0 0.0    0.014 
  66.836 0.0 0.0    0.013 
  66.891 0.0 0.0    0.012 
  66.945 0.0 0.0    0.012 
  67.000 0.0 0.0    0.011 
  67.055 0.0 0.0    0.010 
  67.111 0.0 0.0    0.009 
  67.166 0.0 0.0    0.007 
  67.221 0.0 0.0    0.004 
  67.276 0.0 0.0    0.002 
  67.331 0.0 0.0    0.001 
  67.386 0.0 0.0   -0.001 
  67.444 0.0 0.0   -0.002 
  67.498 0.0 0.0   -0.003 
  67.553 0.0 0.0   -0.004 
  67.608 0.0 0.0   -0.006 
  67.663 0.0 0.0   -0.007 
  67.718 0.0 0.0   -0.009 
  67.774 0.0 0.0   -0.010 
  67.830 0.0 0.0   -0.011 
  67.885 0.0 0.0   -0.012 
  67.940 0.0 0.0   -0.013 
  67.995 0.0 0.0   -0.014 
  68.050 0.0 0.0   -0.015 
  68.106 0.0 0.0   -0.016 
  68.162 0.0 0.0   -0.016 
  68.217 0.0 0.0   -0.016 
  68.272 0.0 0.0   -0.016 
  68.327 0.0 0.0   -0.015 
  68.382 0.0 0.0   -0.013 
  68.437 0.0 0.0   -0.012 
  68.492 0.0 0.0   -0.010 
  68.548 0.0 0.0   -0.008 
  68.603 0.0 0.0   -0.006 
  68.658 0.0 0.0   -0.004 
  68.713 0.0 0.0   -0.002 
  68.770 0.0 0.0    0.000 
  68.823 0.0 0.0    0.002 
  68.879 0.0 0.0    0.004 
  68.935 0.0 0.0    0.005 
  68.990 0.0 0.0    0.006 
  69.045 0.0 0.0    0.008 
  69.099 0.0 0.0    0.010 
  69.155 0.0 0.0    0.011 
  69.211 0.0 0.0    0.011 
  69.267 0.0 0.0    0.012 
  69.321 0.0 0.0    0.013 
  69.376 0.0 0.0    0.013 
  69.432 0.0 0.0    0.013 
  69.488 0.0 0.0    0.012 
  69.543 0.0 0.0    0.012 
  69.597 0.0 0.0    0.011 
  69.652 0.0 0.0    0.010 
  69.708 0.0 0.0    0.009 
  69.763 0.0 0.0    0.008 
  69.818 0.0 0.0    0.006 
  69.873 0.0 0.0    0.004 
  69.928 0.0 0.0    0.004 
  69.983 0.0 0.0    0.003 
  70.039 0.0 0.0    0.003 
  70.094 0.0 0.0    0.001 
  70.149 0.0 0.0    0.000 
  70.204 0.0 0.0   -0.001 
  70.260 0.0 0.0   -0.001 
  70.316 0.0 0.0   -0.002 
  70.370 0.0 0.0   -0.003 
  70.426 0.0 0.0   -0.004 
  70.482 0.0 0.0   -0.005 
  70.537 0.0 0.0   -0.006 
  70.592 0.0 0.0   -0.007 
  70.647 0.0 0.0   -0.008 
  70.703 0.0 0.0   -0.008 
  70.759 0.0 0.0   -0.009 
  70.814 0.0 0.0   -0.009 
  70.869 0.0 0.0   -0.009 
  70.924 0.0 0.0   -0.008 
  70.979 0.0 0.0   -0.008 
  71.034 0.0 0.0   -0.007 
  71.089 0.0 0.0   -0.006 
  71.145 0.0 0.0   -0.004 
  71.199 0.0 0.0   -0.003 
  71.255 0.0 0.0   -0.002 
  71.310 0.0 0.0   -0.000 
  71.365 0.0 0.0    0.000 
  71.421 0.0 0.0    0.001 
  71.476 0.0 0.0    0.003 
  71.531 0.0 0.0    0.005 
  71.586 0.0 0.0    0.007 
  71.641 0.0 0.0    0.008 
  71.697 0.0 0.0    0.009 
  71.752 0.0 0.0    0.010 
  71.806 0.0 0.0    0.010 
  71.863 0.0 0.0    0.010 
  71.918 0.0 0.0    0.011 
  71.973 0.0 0.0    0.011 
  72.029 0.0 0.0    0.011 
  72.084 0.0 0.0    0.010 
  72.140 0.0 0.0    0.008 
  72.196 0.0 0.0    0.007 
  72.252 0.0 0.0    0.006 
  72.305 0.0 0.0    0.006 
  72.360 0.0 0.0    0.005 
  72.415 0.0 0.0    0.005 
  72.471 0.0 0.0    0.004 
  72.526 0.0 0.0    0.003 
  72.581 0.0 0.0    0.001 
  72.636 0.0 0.0    0.000 
  72.691 0.0 0.0   -0.001 
  72.747 0.0 0.0   -0.002 
  72.802 0.0 0.0   -0.003 
  72.857 0.0 0.0   -0.006 
  72.913 0.0 0.0   -0.007 
  72.968 0.0 0.0   -0.008 
  73.023 0.0 0.0   -0.009 
  73.078 0.0 0.0   -0.011 
  73.134 0.0 0.0   -0.011 
  73.189 0.0 0.0   -0.012 
  73.245 0.0 0.0   -0.012 
  73.300 0.0 0.0   -0.012 
  73.355 0.0 0.0   -0.012 
  73.411 0.0 0.0   -0.011 
  73.466 0.0 0.0   -0.011 
  73.522 0.0 0.0   -0.011 
  73.577 0.0 0.0   -0.011 
  73.632 0.0 0.0   -0.009 
  73.688 0.0 0.0   -0.008 
  73.742 0.0 0.0   -0.006 
  73.797 0.0 0.0   -0.005 
  73.853 0.0 0.0   -0.004 
  73.908 0.0 0.0   -0.003 
  73.963 0.0 0.0   -0.002 
  74.018 0.0 0.0   -0.000 
  74.074 0.0 0.0    0.002 
  74.129 0.0 0.0    0.004 
  74.184 0.0 0.0    0.006 
  74.240 0.0 0.0    0.008 
  74.295 0.0 0.0    0.010 
  74.353 0.0 0.0    0.011 
  74.405 0.0 0.0    0.013 
  74.461 0.0 0.0    0.013 
  74.518 0.0 0.0    0.014 
  74.572 0.0 0.0    0.015 
  74.627 0.0 0.0    0.016 
  74.683 0.0 0.0    0.017 
  74.738 0.0 0.0    0.015 
  74.793 0.0 0.0    0.014 
  74.848 0.0 0.0    0.012 
  74.904 0.0 0.0    0.011 
  74.959 0.0 0.0    0.009 
  75.014 0.0 0.0    0.009 
  75.069 0.0 0.0    0.008 
  75.124 0.0 0.0    0.006 
  75.180 0.0 0.0    0.004 
  75.234 0.0 0.0    0.002 
  75.291 0.0 0.0    0.001 
  75.348 0.0 0.0   -0.001 
  75.400 0.0 0.0   -0.002 
  75.456 0.0 0.0   -0.003 
  75.514 0.0 0.0   -0.003 
  75.567 0.0 0.0   -0.004 
  75.622 0.0 0.0   -0.005 
  75.681 0.0 0.0   -0.007 
  75.732 0.0 0.0   -0.008 
  75.794 0.0 0.0   -0.010 
  75.843 0.0 0.0   -0.011 
  75.898 0.0 0.0   -0.012 
  75.958 0.0 0.0   -0.013 
  76.014 0.0 0.0   -0.014 
  76.066 0.0 0.0   -0.015 
  76.126 0.0 0.0   -0.016 
  76.178 0.0 0.0   -0.017 
  76.236 0.0 0.0   -0.017 
  76.288 0.0 0.0   -0.016 
  76.343 0.0 0.0   -0.014 
  76.398 0.0 0.0   -0.013 
  76.453 0.0 0.0   -0.011 
  76.509 0.0 0.0   -0.009 
  76.563 0.0 0.0   -0.007 
  76.619 0.0 0.0   -0.004 
  76.674 0.0 0.0   -0.002 
  76.729 0.0 0.0    0.001 
  76.784 0.0 0.0    0.003 
  76.839 0.0 0.0    0.004 
  76.895 0.0 0.0    0.005 
  76.950 0.0 0.0    0.006 
  77.005 0.0 0.0    0.007 
  77.060 0.0 0.0    0.008 
  77.116 0.0 0.0    0.009 
  77.171 0.0 0.0    0.010 
  77.227 0.0 0.0    0.010 
  77.282 0.0 0.0    0.010 
  77.338 0.0 0.0    0.010 
  77.392 0.0 0.0    0.010 
  77.448 0.0 0.0    0.009 
  77.504 0.0 0.0    0.009 
  77.558 0.0 0.0    0.009 
  77.613 0.0 0.0    0.009 
  77.668 0.0 0.0    0.008 
  77.724 0.0 0.0    0.007 
  77.779 0.0 0.0    0.006 
  77.834 0.0 0.0    0.005 
  77.889 0.0 0.0    0.004 
  77.945 0.0 0.0    0.003 
  78.000 0.0 0.0    0.003 
  78.055 0.0 0.0    0.002 
  78.110 0.0 0.0    0.000 
  78.166 0.0 0.0   -0.001 
  78.223 0.0 0.0   -0.003 
  78.276 0.0 0.0   -0.004 
  78.331 0.0 0.0   -0.005 
  78.386 0.0 0.0   -0.006 
  78.442 0.0 0.0   -0.007 
  78.498 0.0 0.0   -0.008 
  78.553 0.0 0.0   -0.008 
  78.608 0.0 0.0   -0.008 
  78.665 0.0 0.0   -0.009 
  78.720 0.0 0.0   -0.009 
  78.775 0.0 0.0   -0.009 
  78.830 0.0 0.0   -0.009 
  78.885 0.0 0.0   -0.008 
  78.941 0.0 0.0   -0.007 
  78.996 0.0 0.0   -0.006 
  79.050 0.0 0.0   -0.006 
  79.106 0.0 0.0   -0.005 
  79.161 0.0 0.0   -0.004 
  79.215 0.0 0.0   -0.003 
  79.271 0.0 0.0   -0.002 
  79.327 0.0 0.0   -0.000 
  79.382 0.0 0.0   -0.000 
  79.437 0.0 0.0    0.001 
  79.492 0.0 0.0    0.003 
  79.547 0.0 0.0    0.004 
  79.602 0.0 0.0    0.006 
  79.658 0.0 0.0    0.007 
  79.713 0.0 0.0    0.007 
  79.769 0.0 0.0    0.008 
  79.824 0.0 0.0    0.008 
  79.880 0.0 0.0    0.009 
  79.935 0.0 0.0    0.009 
  79.990 0.0 0.0    0.009 
  80.046 0.0 0.0    0.009 
  80.101 0.0 0.0    0.008 
  80.157 0.0 0.0    0.007 
  80.212 0.0 0.0    0.007 
  80.266 0.0 0.0    0.007 
  80.325 0.0 0.0    0.006 
  80.380 0.0 0.0    0.005 
  80.436 0.0 0.0    0.005 
  80.487 0.0 0.0    0.003 
  80.543 0.0 0.0    0.002 
  80.598 0.0 0.0    0.000 
  80.653 0.0 0.0   -0.001 
  80.708 0.0 0.0   -0.002 
  80.763 0.0 0.0   -0.004 
  80.819 0.0 0.0   -0.006 
  80.874 0.0 0.0   -0.008 
  80.930 0.0 0.0   -0.009 
  80.984 0.0 0.0   -0.010 
  81.040 0.0 0.0   -0.010 
  81.096 0.0 0.0   -0.010 
  81.151 0.0 0.0   -0.010 
  81.206 0.0 0.0   -0.010 
  81.262 0.0 0.0   -0.010 
  81.318 0.0 0.0   -0.009 
  81.373 0.0 0.0   -0.008 
  81.428 0.0 0.0   -0.007 
  81.484 0.0 0.0   -0.006 
  81.538 0.0 0.0   -0.006 
  81.593 0.0 0.0   -0.006 
  81.648 0.0 0.0   -0.005 
  81.703 0.0 0.0   -0.004 
  81.760 0.0 0.0   -0.003 
  81.814 0.0 0.0   -0.003 
  81.870 0.0 0.0   -0.002 
  81.924 0.0 0.0   -0.001 
  81.980 0.0 0.0   -0.000 
  82.035 0.0 0.0    0.001 
  82.090 0.0 0.0    0.003 
  82.145 0.0 0.0    0.006 
  82.201 0.0 0.0    0.008 
  82.257 0.0 0.0    0.010 
  82.312 0.0 0.0    0.011 
  82.367 0.0 0.0    0.011 
  82.421 0.0 0.0    0.011 
  82.479 0.0 0.0    0.012 
  82.533 0.0 0.0    0.012 
  82.590 0.0 0.0    0.013 
  82.645 0.0 0.0    0.013 
  82.699 0.0 0.0    0.013 
  82.755 0.0 0.0    0.011 
  82.810 0.0 0.0    0.009 
  82.866 0.0 0.0    0.008 
  82.920 0.0 0.0    0.008 
  82.975 0.0 0.0    0.008 
  83.031 0.0 0.0    0.007 
  83.085 0.0 0.0    0.006 
  83.141 0.0 0.0    0.004 
  83.198 0.0 0.0    0.002 
  83.250 0.0 0.0    0.000 
  83.307 0.0 0.0   -0.001 
  83.362 0.0 0.0   -0.003 
  83.418 0.0 0.0   -0.004 
  83.473 0.0 0.0   -0.004 
  83.528 0.0 0.0   -0.005 
  83.583 0.0 0.0   -0.005 
  83.638 0.0 0.0   -0.006 
  83.694 0.0 0.0   -0.007 
  83.749 0.0 0.0   -0.008 
  83.805 0.0 0.0   -0.008 
  83.860 0.0 0.0   -0.008 
  83.915 0.0 0.0   -0.009 
  83.971 0.0 0.0   -0.010 
  84.027 0.0 0.0   -0.011 
  84.082 0.0 0.0   -0.012 
  84.137 0.0 0.0   -0.012 
  84.192 0.0 0.0   -0.012 
  84.247 0.0 0.0   -0.011 
  84.302 0.0 0.0   -0.010 
  84.359 0.0 0.0   -0.010 
  84.413 0.0 0.0   -0.008 
  84.469 0.0 0.0   -0.006 
  84.523 0.0 0.0   -0.005 
  84.578 0.0 0.0   -0.003 
  84.633 0.0 0.0   -0.001 
  84.688 0.0 0.0    0.001 
  84.744 0.0 0.0    0.002 
  84.799 0.0 0.0    0.003 
  84.855 0.0 0.0    0.003 
  84.910 0.0 0.0    0.004 
  84.965 0.0 0.0    0.005 
  85.021 0.0 0.0    0.006 
  85.076 0.0 0.0    0.007 
  85.132 0.0 0.0    0.007 
  85.189 0.0 0.0    0.007 
  85.243 0.0 0.0    0.007 
  85.297 0.0 0.0    0.007 
  85.353 0.0 0.0    0.007 
  85.409 0.0 0.0    0.007 
  85.464 0.0 0.0    0.007 
  85.519 0.0 0.0    0.007 
  85.574 0.0 0.0    0.006 
  85.629 0.0 0.0    0.005 
  85.685 0.0 0.0    0.005 
  85.740 0.0 0.0    0.004 
  85.795 0.0 0.0    0.003 
  85.851 0.0 0.0    0.003 
  85.906 0.0 0.0    0.001 
  85.961 0.0 0.0    0.000 
  86.015 0.0 0.0   -0.000 
  86.071 0.0 0.0   -0.001 
  86.126 0.0 0.0   -0.002 
  86.183 0.0 0.0   -0.003 
  86.237 0.0 0.0   -0.003 
  86.292 0.0 0.0   -0.004 
  86.348 0.0 0.0   -0.005 
  86.403 0.0 0.0   -0.006 
  86.459 0.0 0.0   -0.007 
  86.514 0.0 0.0   -0.007 
  86.570 0.0 0.0   -0.007 
  86.625 0.0 0.0   -0.007 
  86.680 0.0 0.0   -0.007 
  86.735 0.0 0.0   -0.007 
  86.791 0.0 0.0   -0.007 
  86.846 0.0 0.0   -0.006 
  86.901 0.0 0.0   -0.005 
  86.957 0.0 0.0   -0.003 
  87.011 0.0 0.0   -0.003 
  87.067 0.0 0.0   -0.002 
  87.121 0.0 0.0   -0.002 
  87.177 0.0 0.0   -0.001 
  87.233 0.0 0.0   -0.000 
  87.287 0.0 0.0    0.002 
  87.342 0.0 0.0    0.002 
  87.398 0.0 0.0    0.002 
  87.453 0.0 0.0    0.003 
  87.509 0.0 0.0    0.003 
  87.564 0.0 0.0    0.004 
  87.618 0.0 0.0    0.005 
  87.674 0.0 0.0    0.006 
  87.730 0.0 0.0    0.007 
  87.785 0.0 0.0    0.007 
  87.841 0.0 0.0    0.007 
  87.897 0.0 0.0    0.007 
  87.952 0.0 0.0    0.007 
  88.007 0.0 0.0    0.007 
  88.062 0.0 0.0    0.007 
  88.118 0.0 0.0    0.007 
  88.174 0.0 0.0    0.006 
  88.227 0.0 0.0    0.005 
  88.283 0.0 0.0    0.004 
  88.339 0.0 0.0    0.004 
  88.393 0.0 0.0    0.003 
  88.449 0.0 0.0    0.003 
  88.503 0.0 0.0    0.002 
  88.559 0.0 0.0    0.001 
  88.614 0.0 0.0   -0.000 
  88.668 0.0 0.0   -0.001 
  88.724 0.0 0.0   -0.002 
  88.780 0.0 0.0   -0.002 
  88.835 0.0 0.0   -0.003 
  88.891 0.0 0.0   -0.004 
  88.945 0.0 0.0   -0.005 
  89.001 0.0 0.0   -0.006 
  89.057 0.0 0.0   -0.007 
  89.112 0.0 0.0   -0.007 
  89.167 0.0 0.0   -0.008 
  89.224 0.0 0.0   -0.008 
  89.283 0.0 0.0   -0.008 
  89.338 0.0 0.0   -0.008 
  89.394 0.0 0.0   -0.008 
  89.445 0.0 0.0   -0.006 
  89.501 0.0 0.0   -0.006 
  89.555 0.0 0.0   -0.006 
  89.609 0.0 0.0   -0.005 
  89.664 0.0 0.0   -0.004 
  89.719 0.0 0.0   -0.002 
  89.774 0.0 0.0   -0.001 
  89.830 0.0 0.0    0.000 
  89.885 0.0 0.0    0.001 
  89.941 0.0 0.0    0.002 
  89.996 0.0 0.0    0.003 
  90.051 0.0 0.0    0.005 
  90.107 0.0 0.0    0.008 
  90.162 0.0 0.0    0.009 
  90.221 0.0 0.0    0.011 
  90.272 0.0 0.0    0.012 
  90.327 0.0 0.0    0.012 
  90.383 0.0 0.0    0.011 
  90.442 0.0 0.0    0.011 
  90.498 0.0 0.0    0.011 
  90.550 0.0 0.0    0.011 
  90.609 0.0 0.0    0.010 
  90.661 0.0 0.0    0.009 
  90.716 0.0 0.0    0.009 
  90.776 0.0 0.0    0.008 
  90.827 0.0 0.0    0.007 
  90.883 0.0 0.0    0.007 
  90.938 0.0 0.0    0.007 
  90.993 0.0 0.0    0.006 
  91.048 0.0 0.0    0.005 
  91.102 0.0 0.0    0.003 
  91.158 0.0 0.0    0.002 
  91.213 0.0 0.0    0.000 
  91.268 0.0 0.0   -0.002 
  91.323 0.0 0.0   -0.004 
  91.378 0.0 0.0   -0.006 
  91.434 0.0 0.0   -0.007 
  91.490 0.0 0.0   -0.008 
  91.544 0.0 0.0   -0.008 
  91.599 0.0 0.0   -0.008 
  91.655 0.0 0.0   -0.007 
  91.711 0.0 0.0   -0.008 
  91.767 0.0 0.0   -0.008 
  91.823 0.0 0.0   -0.008 
  91.881 0.0 0.0   -0.008 
  91.933 0.0 0.0   -0.007 
  91.989 0.0 0.0   -0.007 
  92.044 0.0 0.0   -0.007 
  92.103 0.0 0.0   -0.007 
  92.154 0.0 0.0   -0.007 
  92.209 0.0 0.0   -0.007 
  92.264 0.0 0.0   -0.006 
  92.319 0.0 0.0   -0.005 
  92.374 0.0 0.0   -0.004 
  92.430 0.0 0.0   -0.003 
  92.484 0.0 0.0   -0.002 
  92.539 0.0 0.0   -0.001 
  92.595 0.0 0.0    0.000 
  92.650 0.0 0.0    0.001 
  92.705 0.0 0.0    0.002 
  92.761 0.0 0.0    0.003 
  92.816 0.0 0.0    0.004 
  92.873 0.0 0.0    0.004 
  92.928 0.0 0.0    0.005 
  92.984 0.0 0.0    0.006 
  93.037 0.0 0.0    0.008 
  93.093 0.0 0.0    0.008 
  93.148 0.0 0.0    0.008 
  93.204 0.0 0.0    0.010 
  93.259 0.0 0.0    0.011 
  93.314 0.0 0.0    0.011 
  93.370 0.0 0.0    0.011 
  93.425 0.0 0.0    0.011 
  93.480 0.0 0.0    0.010 
  93.536 0.0 0.0    0.009 
  93.591 0.0 0.0    0.007 
  93.645 0.0 0.0    0.006 
  93.700 0.0 0.0    0.006 
  93.755 0.0 0.0    0.004 
  93.812 0.0 0.0    0.002 
  93.867 0.0 0.0    0.000 
  93.922 0.0 0.0   -0.001 
  93.977 0.0 0.0   -0.001 
  94.032 0.0 0.0   -0.002 
  94.088 0.0 0.0   -0.002 
  94.143 0.0 0.0   -0.003 
  94.198 0.0 0.0   -0.003 
  94.254 0.0 0.0   -0.004 
  94.309 0.0 0.0   -0.005 
  94.364 0.0 0.0   -0.006 
  94.421 0.0 0.0   -0.006 
  94.477 0.0 0.0   -0.005 
  94.532 0.0 0.0   -0.005 
  94.587 0.0 0.0   -0.005 
  94.641 0.0 0.0   -0.006 
  94.697 0.0 0.0   -0.006 
  94.752 0.0 0.0   -0.005 
  94.807 0.0 0.0   -0.004 
  94.863 0.0 0.0   -0.003 
  94.917 0.0 0.0   -0.002 
  94.972 0.0 0.0   -0.002 
  95.026 0.0 0.0   -0.002 
  95.082 0.0 0.0   -0.002 
  95.138 0.0 0.0   -0.001 
  95.192 0.0 0.0    0.000 
  95.248 0.0 0.0    0.002 
  95.303 0.0 0.0    0.002 
  95.359 0.0 0.0    0.003 
  95.414 0.0 0.0    0.003 
  95.469 0.0 0.0    0.003 
  95.525 0.0 0.0    0.004 
  95.579 0.0 0.0    0.005 
  95.635 0.0 0.0    0.005 
  95.690 0.0 0.0    0.006 
  95.746 0.0 0.0    0.007 
  95.801 0.0 0.0    0.007 
  95.858 0.0 0.0    0.007 
  95.913 0.0 0.0    0.008 
  95.969 0.0 0.0    0.008 
  96.024 0.0 0.0    0.008 
  96.079 0.0 0.0    0.008 
  96.134 0.0 0.0    0.007 
  96.188 0.0 0.0    0.006 
  96.243 0.0 0.0    0.005 
  96.298 0.0 0.0    0.004 
  96.353 0.0 0.0    0.003 
  96.409 0.0 0.0    0.001 
  96.464 0.0 0.0   -0.001 
  96.518 0.0 0.0   -0.002 
  96.574 0.0 0.0   -0.003 
  96.630 0.0 0.0   -0.003 
  96.684 0.0 0.0   -0.004 
  96.740 0.0 0.0   -0.005 
